"V1","V2","V3","V4","V5"
-0.129275386226125,-0.129275386226125,-0.129275386226125,-0.129275386226125,-0.129275386226125
-0.125022708299232,-0.125022708299232,-0.125022708299232,-0.125022708299232,0.0350195648769221
-0.122544454654107,0.0973032966227513,-0.122544454654107,-0.122544454654107,-0.164306066468454
-0.120894219927944,-0.177271722145253,0.0145145941409186,-0.120894219927944,-0.145894367141607
-0.119868554163352,-0.153941445305043,-0.155774710888456,-0.119868554163352,-0.136781968744036
-0.11919303861826,-0.142382419388087,-0.140506745195344,-0.117515574024279,-0.129821597549218
-0.118774213301081,-0.133405848267141,-0.133105973911536,-0.11924242254761,-0.125821117677516
-0.118499794003911,-0.128226484525227,-0.12747184901035,-0.11876956509981,-0.122889403084795
0.175314482694627,-0.124415264074943,-0.12427931987977,-0.103432023825624,-0.106877171657639
-0.19211837256668,-0.122289247988664,-0.121989573811098,-0.122609596329941,-0.123884339777261
-0.163411971754186,-0.120554146368713,-0.106142925050494,-0.120831998063334,-0.119479024822839
-0.14930120531111,-0.119078001536036,-0.12383499085468,-0.12009430676901,-0.12006521814944
-0.138149511083951,-0.118105570582758,-0.121336017207244,-0.119637429458963,-0.11863649889955
-0.131836788665108,-0.11718574187958,-0.120082233214125,-0.119514915965396,-0.117858435825605
-0.127197097887977,0.0432069263926968,-0.11906688475663,-0.119527552745784,-0.117178055398245
-0.124703808616047,-0.158477312321356,-0.118550834089003,-0.119698603067264,0.105335744281375
-0.122644591556801,-0.141064839564991,-0.11798749397403,-0.119912719812459,-0.174210462392151
-0.12084444239187,-0.13251992837272,-0.1179913917559,-0.0457953965008858,-0.151352618023618
-0.119666542531699,-0.126271143292947,-0.117840247868933,-0.140598964944572,-0.140268989646452
-0.118497233410021,-0.122773001196545,-0.117960651544183,-0.132558220143418,-0.131656946251938
-0.117788145191286,-0.120231471836861,-0.118125720246578,-0.128885159554338,-0.126799793449336
-0.117002955492911,-0.117236046250128,0.022497642308751,-0.126460753285002,-0.123232240782774
-0.116668753413947,-0.118158677617542,-0.00194828769481398,-0.125230040975363,-0.121291822577018
-0.116267345153742,-0.10878895443185,-0.179186849291405,-0.124478030942917,-0.119577419561759
-0.1164104656418,-0.118523134966117,-0.157228422764592,-0.124324884346798,-0.11833177934778
-0.116562017241925,-0.116836616070685,0.106386195151252,-0.124318562847835,0.147075146096489
-0.116722545317057,-0.115937410305963,-0.197016114045975,-0.124413416871536,0.0385797717003822
-0.116892636197984,0.0187908261381768,-0.16825125355128,-0.12470166338005,-0.208438219020795
-0.117072920925892,-0.150720035918565,-0.153130499254673,-0.125031966887063,-0.175953520633573
-0.117264079414484,-0.135650632683583,-0.141425816141387,-0.125521663865031,0.0630595475482815
-0.117466845088108,-0.128554017650446,-0.134097449087584,-0.126039778111733,-0.194744901965536
-0.117682010061192,-0.123162081707721,-0.128507810944951,-0.126726221696253,-0.1655388640434
-0.117910430934796,-0.118492232241976,-0.124959523818262,-0.127454670839738,-0.0219533442688869
-0.118153035298424,-0.11831637990206,-0.122182293733079,-0.128392681667911,-0.169311510921767
-0.118410829040021,-0.116857174721051,-0.119674801404538,-0.129410274418749,-0.148323007233377
-0.118684904584567,-0.115719106851647,0.150546619128355,-0.130516217664473,-0.135729180876557
-0.118976450202693,-0.114724699737973,-0.184711461883755,-0.131721108651861,-0.126405306380876
-0.119286760555901,-0.114043725311706,-0.156994561480057,-0.133036719165958,0.0975713122756865
-0.119617248675297,-0.113377132917256,-0.143010090795096,-0.13447701820959,-0.171332395495951
-0.119969459607448,-0.112928928124141,-0.132167206960681,-0.136058384919615,-0.145542890109813
-0.120345086005495,0.0860114502190086,0.113607091104643,-0.137800152752645,-0.13156157712454
0.0246387816826864,-0.164639421797719,-0.0321307061625801,-0.139725308227286,-0.120731378325945
-0.151308507674589,-0.143341029453479,-0.191530255470255,-0.141861397990526,-0.114138779898919
-0.146425802357739,-0.133035374247391,-0.016791252522047,-0.14424172047542,-0.109176949776818
-0.138588148357277,-0.125080614870889,-0.182900640040833,-0.146906912096194,-0.105935039781933
-0.132958935584696,0.160676623729493,-0.156942136446158,-0.149907089319786,-0.103376708867558
-0.129929565675239,-0.188334404583512,-0.141712767282391,-0.153304788057639,-0.101220260664617
-0.127918425045562,-0.158837569742937,-0.13044943992472,-0.157179069647933,-0.0994957006654311
-0.127039585298745,-0.143549951075995,-0.122980509738839,0.00507999605983345,-0.0980037616906528
-0.126467698887918,-0.131253450026307,-0.117098978571444,-0.204955047312125,-0.0968267283972724
-0.126065925886077,-0.12392531907351,-0.112861415582259,-0.194772516387665,-0.095621454203327
-0.126011921846077,-0.118221671689262,-0.109582323404756,-0.194071305682369,-0.0947015414820341
-0.126013553784568,-0.11480202146635,-0.106799604987679,-0.195946797207418,-0.0937483741348049
-0.124468401440587,-0.111774978404465,-0.104537868528564,-0.202159964806504,-0.0931084906860352
-0.127068186545164,-0.109268631571128,0.0793600521668218,-0.211343779802401,-0.0924617704644366
-0.127420487235773,-0.107313997268878,-0.149641100223162,-0.22494216187412,-0.0918089850563151
-0.127919742532228,-0.10568274081922,0.0400788061775641,-0.243177040514808,-0.0911509370050338
-0.128790571509402,-0.0896768411058769,0.0261751464111684,-0.268251665187953,-0.0904884560714033
-0.129791559389985,-0.0371010401259121,-0.0427988608853943,-0.305022987315706,-0.0898223951993993
-0.130894382154503,-0.124646403982878,-0.180190440472613,-0.362048470793023,-0.0876199487967391
-0.0619407841824603,-0.0768737822993697,0.038721576509503,-0.065470930676485,0.061668911600503
-0.0619221464151458,-0.0716494561257858,-0.157531855216046,-0.0636396392422641,-0.387799328861014
-0.0619074784284727,-0.80609345980322,-0.124818881770199,-0.0627492892821336,-0.0917995658142839
-0.0618979248741949,-0.0707176405040175,-0.333454365896919,-0.0618754037180876,-0.0816878795920979
0.093138056399265,-0.067925231612114,-0.100052206051654,-0.0618754037180875,-0.0745017293874326
-0.108799762018643,0.156054596181787,-0.0891509692698394,-0.0883706127751838,-0.0704731510600851
-0.0895114255999834,-0.130306297137763,-0.0810128173864101,-0.0618754037180874,-0.0677015298581477
-0.0801412400132674,-0.103229783464537,-0.0753756234784585,-0.0618754037180874,-0.0661315246853586
-0.798260267010068,-0.0896218144102237,-0.0712145419854675,-0.0427339197607797,-0.0863661944872811
-0.338239655282785,0.164332733025399,-0.0620047356002426,-0.134815134796535,0.00108220731893276
-0.244841449643283,-0.143683216747014,-0.0881307568756321,-0.105755085786106,-0.0857391725815504
-0.244535336958581,-0.112491837295595,-0.0638982137208984,-0.0912789579783243,-0.0745626546148476
-0.196729771378434,-0.0965178918444332,-0.0641455374849942,-0.0807530403010241,-0.0701556169099258
-0.163910200078174,-0.0846103595415784,-0.0630196593068077,0.211967522241109,-0.0670163464188842
-0.136815324940696,-0.560646404577574,-0.0625495038636883,-0.151945177970849,-0.0652998822550304
-0.114490241457663,-0.0309307374015182,-0.0621668443779677,-0.118045662613993,-0.353891476459312
-0.10570577557097,-0.0892826158856016,-0.0621954804392881,-0.100307302473245,-0.0640269189650419
-0.092387890142902,0.0841815997962191,-0.0620208146538218,-1.22455711105401,0.100094683042089
-0.0834865336388115,0.0649350587072013,-0.0604443229250949,-0.11706607841692,-0.112158568119178
-0.075406187783649,-0.149675481073018,-0.0624357544077095,-0.100511060465806,-0.0917020595567724
-0.0707625477462251,-0.117925346336316,0.0950682877785122,0.00186947407959788,-0.0816183194975327
-0.0664233583899272,-0.103317910988706,-0.219436213280544,-0.106646964382262,-0.0744581910645446
-0.0642307070087176,-0.0868356511335058,-0.242056481338833,-0.0937605396686429,-0.0703895425711606
-0.0611253403370618,-0.0972506934007872,-0.0861296166342018,-0.0831895721389828,-0.0677112380373221
-0.0623154903948314,-0.0738356165557049,-0.0773804552543653,-0.0755564479319002,-0.0660173766756862
0.0302015654136496,-0.0705958586847494,-0.343451065340659,-0.0710101427137526,-0.110274444891693
0.0577398858526462,-0.0680376151028293,-0.0770664371643543,-0.0673655606617876,-0.438204509682952
-0.121863633544513,-0.1124151635592,0.116269639671513,-0.0654384587483229,-0.121399519211022
-0.0988142579276304,-0.137379004105346,-0.124515009211841,-0.0637671993851217,-0.102271913213931
-0.0862837553886231,-0.11265491052681,-0.0999010629954839,-0.0524224727047671,-0.51514611012568
-0.0777914433161591,-0.095807529737127,-0.0874454361433237,-0.0662037030695684,-0.0893813179399989
0.148368923813997,0.045281285080442,-0.0782964567782457,-0.0644042085407462,-0.0806616365955432
-0.133723759615289,-0.117456412833112,-0.0731612369718537,-0.0635116119241895,-0.407426671000475
-0.106113830048006,-0.0944905123978897,-0.0693237194337152,-0.0560471892191474,-0.075602636830493
-0.0918333844662147,-0.0842725029246186,-0.067203080199873,-0.0646660659439216,-0.0714048300247527
-0.0813497349637727,0.0950639136137456,-0.299961469077405,-0.063469086755187,0.189413740339151
-0.0752362617584055,-0.122657569326452,-0.0650482847850938,-0.0629329995711316,-0.140814368814951
-0.0708987999263819,-0.0991646884410082,-0.0641023645444066,-0.0625617403739239,-0.534505947289077
-0.0683474477101968,-0.0870536736434803,-0.063280224159539,-0.0623404075719651,-0.187210825865951
-0.0663753928588929,-0.0782934955004415,-0.0627773602760457,-0.0621919759841068,-0.143862356898234
-0.064874529755792,-0.381504384282042,-0.283405569416334,-0.0620973174813517,-0.118939185431129
-0.583334644665171,-0.0656850916129404,-0.244676405674085,-0.062030115306922,-0.100575644911374
-0.1021729771351,-0.071588032939641,-0.0618754037180875,-0.0619743322947693,-0.0897914440111763
-0.0633264017248452,-0.0684397620994694,-0.261874884425339,0.164430866144895,-0.0816681885551225
-0.0625862345519887,-0.0662116760436262,-0.0483262137615419,0.0707947284326079,-0.0761133963833668
-0.062143436120589,-0.685082495255596,-0.0661797005792493,-0.156045694286001,-0.0720929066822149
0.0968206227807734,-0.0651988452042452,-0.0643258212152441,-0.122473827540557,-0.0686998866985301
-0.109862085190563,0.133593915246301,-0.0633542976429883,-0.102578932427931,-0.0665209977302695
-0.0901631389063928,0.0583320771558163,-0.062904790666727,-0.964476300037252,-0.0645468108303508
-0.0805826989968315,-0.147338801045585,-0.0624540247923246,-0.107344699485833,-0.0634566677144378
-0.0737803255598044,-0.116264022495908,-0.0623750909744362,0.0111051254888095,-0.0624144587778563
-0.0699771101476392,-0.0982290040417644,-0.062231845568171,-0.117080247236221,-0.0621421713983433
-0.0673597908300518,-0.0860218241363992,-0.0621285774312154,-0.0978231738618641,-0.0618754037180875
-0.0698626799222175,-0.0784613762967945,-0.0620483082767552,-0.0865998615324109,-0.0618754037180875
-0.0647604465967645,-0.0668368169748566,0.111795148235005,-0.0782649210430023,-0.0618754037180875
-0.063859875778931,-0.0724679556990156,-0.160937619665185,-0.0727845069241653,-0.0618754037180875
-0.0632710676193837,-0.0690896601405189,-0.0682623389568125,-0.0688154523834582,-0.0618754037180875
-0.0627623201377061,-0.0896037139603317,-0.215871264562424,-0.0662184969062174,-0.0618754037180875
-0.062448185181285,-0.179685189875651,-0.379107614158492,-0.0644082081473062,-0.0618754037180875
-0.0620414665486889,-0.0648691604805948,-0.180000441791079,0.133900467174753,-0.065213847416619
-0.0620506005999804,-0.0636567915128595,-0.498169030318819,-0.121533797191089,-0.401566002479905
-0.0618961134495332,-0.0628597438041444,-0.139424682391342,-0.0974364901600454,-0.0618754037180874
-0.0618887815513435,-0.0623344016079251,-0.118721568907067,-0.0855370979862549,0.175028759433913
-0.0618837875964963,-0.0620509520120798,-0.103420551376671,-0.0769429081492536,-0.131567525903747
-0.348191252471727,-0.0619962407268314,-0.092806309250616,-0.0721235114271943,-0.103689634198138
-0.0618804606487661,-0.276967990592816,-0.0833988342132681,-0.068762871454002,-0.0898458273851521
-0.0618790798716897,-0.061944301682579,-0.076797936970056,-0.0669121961023688,-0.0798115997986345
-0.0618780317851168,-0.0619161033213961,0.0328556210539271,-0.065491789101252,-0.0741440552898181
-1.46183514474136,-0.0619005874719124,-0.0992996470237157,-0.447024240337172,-0.0702095547404962
-0.118485573021093,-0.396974930514072,-0.0948358266020037,-0.0644442249401757,-0.213405064809869
-0.170545029367856,-0.0618851929163858,-0.0756701775701155,-0.0635093978930614,-0.0699512133271264
0.111290285965105,0.195373494940573,-0.072616508570514,-0.0629313867332862,-0.0670956569382423
0.119452883498797,-0.137023321459922,-0.0672592137248613,-0.0623925680099384,-0.06546036968511
-0.156685905860082,-0.107164586834528,-0.0655115210402405,-0.470678933866598,-0.06414867372133
-0.122156917833011,-0.0922598357671388,-0.0645270043447529,-0.193078403802699,-0.063365136195232
-0.109352671229367,-0.12355650373701,-0.0637753352346391,-0.144763282177342,-0.0626915094694495
-0.088946036629474,-0.075827471454623,-0.0631811715075063,-0.119317708267604,0.222920170485871
0.118194065791217,-0.243926369803475,-0.0627932393170865,-0.0996319624032667,-0.466437450335265
-0.13245352502297,-0.348604937969954,-0.0578145524460382,-0.0880685610912733,-0.131739343348424
-0.106107130877901,-0.0697513919688156,-0.0647141638568078,-0.079954586963441,-0.109754134768716
-0.0920562029204468,-0.0673157822706841,-0.483856533713565,-0.201182435107108,-0.0930936204384681
-0.0816760186107718,-0.0657130077274506,-0.0620518215423593,-0.0782807674880662,-0.0834703435017718
0.0812308568191158,-0.0643189928452572,-0.0631686223194662,-0.0695026026297023,-0.0766531600405437
-0.118698078447028,-0.063455648230848,-0.0626083438821258,-0.067265461761478,-0.0727517870287307
-0.0960142037161631,-0.0626496258275571,-0.062454994985019,-0.0653120539125177,-0.069716239194813
-0.203906722910441,-0.0622586182864732,-0.0960766045745249,-0.0640999139413308,-0.858766538423735
-0.381278475008914,0.145256557662151,-0.0621666196974736,-0.062966288547077,-0.0703249411991379
-0.0812437382174864,-0.455756482996427,-0.556022791821912,-0.0624157806541653,0.1233551442208
-0.0748972780188582,-0.122345146681119,-0.0621051112436018,-0.0618761505400367,-0.121923431217918
-0.071030443896265,-0.0969530185805984,-0.0620259495978944,-0.0764558857227861,-0.0973722507953263
-0.0681429696089275,-0.0845024534785568,-0.0619746140111022,-0.0618757141566962,-0.0852525455373561
-0.556163949963502,-0.326689358845105,-0.0619305750202843,-0.0618755556348885,-0.0763083986234638
-0.164080376415378,0.129599519326905,-0.0619058815817488,0.14770361497109,-0.0701505183776089
-0.125323441434561,-0.131530683694048,-0.0618845026611192,-0.13216347738532,-0.069041275450737
-0.0998946849054461,-0.10500450890857,-0.0618800487591112,-0.0992971150879122,0.153617323880433
-0.0913333170419929,-0.550718432642831,0.131394461315669,-0.0868146398623548,-0.566242119892094
-0.0818542959746793,-0.0922350235147903,-0.119598004274041,-0.0778277200217791,-0.133470390684377
-0.075188562426264,-0.0285209870101881,-0.0961708950211856,-0.0727687211150861,-0.547417393978483
-0.0715586309167342,-0.0924402038925581,-0.0846708703469848,0.201755116757623,-0.11173703297381
-0.06881987590594,0.139796486065608,-0.076430635456226,-0.145125192658287,-0.0966504396167402
-0.0666354579814543,-0.143106148328586,-0.0717026267195842,-0.112979041766873,-0.085637161070742
-0.0652358682487703,-0.124897887068378,-0.0686374935960652,-0.088497264453501,-0.0791946892746274
0.129865263941418,-0.0944728068962921,-0.0668148000420123,-0.0868758869018916,-0.074141115428312
-0.120986787081489,-0.0830044288889032,-0.0654202905255638,-0.448348450409027,-0.0704058570477605
0.129005261707746,0.0441319661242844,-0.0821836306980474,-0.675225997170897,-0.0678961749757997
-0.148573776635852,-0.107736588129799,-0.0636221876930601,0.0999632501912912,-0.0656737986698634
-0.650623193959757,-0.0901699666773478,-0.0629859566568741,-0.137051575520103,-0.0644000549712486
-0.125336003663241,-0.393463669838513,-0.0627359952273751,-0.108927698644368,-0.0526671984348673
-0.104560218257244,-0.568163290665976,-0.062227413993588,0.123374439866686,-0.0658345012462774
-0.0923068755218086,-0.0809324492537362,-0.0621989969791668,-0.144137754034572,-0.063811379516745
-0.0744212928357676,-0.0746427949948657,-0.0618762717810977,-0.158637951773759,-0.0631063590696995
-0.0801496879829006,-0.07096834926658,-0.0618759547230132,-0.134454004989823,-0.062647771145943
-0.0746661713277032,-0.067916024284145,-0.0618757593313569,-0.0988574895405318,-0.0623962581886195
-0.0705244128621583,0.122901064975313,-0.0618755777416485,-0.0965676083399985,-0.0622258225678926
-0.0678016339645397,-0.139610335257125,-0.684018639017794,-0.0849280637039327,-0.0621301666970579
-0.0654984280504745,-0.0975760367286605,-0.0618754037180876,-0.0782178305764986,-0.062057560933134
-0.0641397534044211,-0.0856322298065967,-0.782536068027958,-0.0731577756999938,0.189166168449568
-0.0629084643571679,-0.0769223786917549,-1.25251937985646,-0.0697873739214282,-0.135471917472223
-0.0611038062792054,-0.0764625459737432,-0.0618754037180875,-0.0673078222116061,-0.106179272456817
-0.0629983205918336,-0.0686472197006253,-0.06042248560774,-0.496863255327704,-0.0915738597509139
-0.06219371013598,-0.0668271230475517,-0.0623388716780343,-0.06537197998683,-0.080942484617891
-0.062080207691908,-0.0654304468541652,0.119302385710406,-0.0638944555795702,-0.0749271933018591
0.0852946874945047,-0.0643221003118411,-0.116436030452463,-0.0630793050738088,-0.504495237221342
-0.106644988128025,-0.0635968812606514,-0.0813766617697784,-0.06230436144979,-0.0727284726707675
-0.0882025330704081,-0.0629696541928271,-0.0872316334850568,0.118130041134235,-0.0695861310994003
-0.0792563819445495,-0.0625822584033864,-0.0778513445896181,-0.115970389877097,-0.06718208278234
-0.0729266620547177,-0.0622214934942187,-0.0727198241087642,-0.0939191084800372,-0.0655954055141743
-0.0693910261623095,-0.0620466519946303,-0.808058366499936,-0.0831256598214171,-0.0642513082805004
-0.0669608574844189,-0.0618754037180875,-0.0729549135256148,-0.0754266907130505,-0.0634152541435051
-0.0655875868653253,-0.0618754037180875,-0.0698108292946649,-0.058397802890403,-0.0807677918110441
-0.0645372170256544,0.104115959759302,-0.0673951877555475,-0.0721181971709496,-0.0622800893315459
0.100732813601027,-0.639970481594799,-0.0657773790575139,-0.0687331805853593,-0.0619068077728668
-0.401398211934115,-0.112506244602539,-0.0643845772940273,-0.0666457904046469,-0.0618974539629035
-0.136196713829346,0.0319514959982352,-0.0635170736677246,-0.6301445879582,-0.0618894004023473
-0.112996991200615,-0.121064710183828,-0.0627139806959111,-0.0657909589858415,-0.0618844371431545
-0.0951974326590656,-0.0993247574832548,-0.0623138161868328,-0.0644113714920118,-0.0618798243600919
-0.0849034008797795,-0.0872179592286576,-0.0619242845032536,-0.0635777424126863,-1.06198977820747
-0.404999024941302,-0.079089764309796,-0.0618995849898464,-0.0628347276365356,-0.0618754037180875
-0.0779245177614595,-0.0739446835764048,-0.144476540359715,-0.0625316466009921,-0.0618754037180875
0.0694583792180169,-0.0566814221187698,-0.0618754037180875,-0.0620667697079929,-0.0618754037180875
-0.112528105627129,0.0544784388789174,-0.0479876885798214,-0.0619968926223048,-0.0618754037180875
-0.0928963215245152,0.148873374557514,-0.0760383032062165,-0.0619538192880447,-0.0618754037180875
-0.440703468550008,-0.158846736133774,-0.0627956971611154,-0.0619137795357995,-0.0618754037180875
-0.0807166795232994,-0.12318793938767,-0.0647160166891274,0.121163456655009,-0.0618754037180875
-0.0741685856565884,-0.10325819223594,-0.0631987403349748,-0.116740583954612,-0.0618754037180875
-0.110791022375308,-0.0890257646894471,-0.0627598325136295,-0.094397529672692,-0.0618754037180875
-0.0674168385845536,-0.514044979016217,-0.0624618112813421,-0.0757803128691784,-0.0618754037180875
-0.0658559068058348,-0.081905495597004,0.225166090170374,-0.0780158161858617,-0.495328956874434
-0.0646160030736844,-0.0764986317245381,-0.145210590413256,-0.0726320648322409,-0.0618754037180874
-0.0638041118828974,-0.0723606494373882,-0.112473117621269,-0.0691353238706708,-0.0618754037180875
-0.0631017049439498,-0.069163435728388,-0.0959859241055547,0.134132329640983,-0.0618754037180875
-0.060879718102518,0.0614569206618315,-0.0838632657694073,-0.125039227691244,-0.0618754037180875
-0.169668038214436,-0.447934750992369,-0.0769658630911349,-0.366199317560006,-0.0661356754257947
-0.128598198963323,-0.0971100165065359,-0.0721422410821389,-0.0953344846474965,-0.0618754037180874
-0.111899374701084,-0.0848850701857783,-0.0693998424952787,-0.0834665585242921,-1.15402078999875
-0.0919895124320196,0.114314848461774,-2.09684659232569,-0.0766556692649565,-0.190604248913074
-0.0826442533879923,-0.127120543166593,-0.0905832196511623,-0.071787136986923,-0.0618754037180875
-0.0760792943324897,-0.16716987810238,-0.0825289504264015,-0.0690390348364804,-0.0618754037180875
-0.0723133053097776,-0.0908731310628083,-0.0083313213058316,-0.694157904524009,-0.0618754037180875
0.133003850866755,-0.461780671700633,-0.0910462237809214,-0.0683264223452187,-0.0618754037180875
-0.126640119606456,-0.0810627570311142,-0.0815783564617776,-0.0667489963419062,-0.0618754037180875
-0.101210433833525,-0.0750904630253922,-0.0719315235954781,-0.0906152410836589,-0.0618754037180875
-0.337479477766206,-0.0713636091948791,-0.0669180315113008,-0.0637927904115525,-0.0618754037180875
-0.0835267528964504,-0.068603614963385,-0.0652873134670057,-0.0628150407676536,-0.0618754037180875
-0.561615465136328,-0.360973006494162,-0.0641759306095242,-0.0929711703732986,-0.0618754037180875
-0.0777158505381773,0.138775593628567,-0.0635511008949745,-0.347067943852446,-0.0621199003153735
-0.0730115865024503,-0.124828769491217,-0.0630750725064037,-0.0618754037180874,-0.0618754037180875
-0.0699111357650376,-0.0996053053813682,-0.0626994140765025,-0.0618754037180875,-0.0978517068270205
-0.0168835319620617,-0.0868051683073554,-0.0624543701866464,-0.561759465786587,-0.0618754037180876
-0.0815104968697682,-0.0777287414423887,-0.0622430776999574,-0.0618754037180875,-0.0618754037180875
-0.0856557373773638,-0.0611393095668232,-0.0621127686527532,-0.414288472161072,-0.0618754037180875
-0.069514196844586,-0.0726024211126864,-0.0619915815618522,-0.0618754037180875,-0.0618754037180875
-0.0664715708380517,-0.0691622253909853,-0.0619328796629813,-0.0965201482409689,-0.0618754037180875
-0.064842678115462,-0.329204593012007,-0.0618754037180875,-0.0605535363646106,-0.0618754037180875
-0.0636123168489985,-0.0663398449048817,-0.0484107634276074,-0.0622970864664183,-0.0618754037180875
-0.0631399497274229,-0.0649905783804355,0.14036158932007,-0.0621147354302467,0.18205255561879
-0.0627804008007827,-0.0638858877400159,0.0597597468911223,-0.0620300322757835,-1.94497526868339
-0.062496859901024,-0.0632161109560591,-0.150693001917676,-0.061972320457519,-0.35982861653237
-0.064119284747258,-0.0626146493922751,-0.118806918183854,-0.0619407075270793,-0.31575014336857
-0.0621531193215166,-0.0621991887822143,0.0704715925565696,-0.0619193125064492,-0.261693856427055
-0.0620546795705035,-0.0620308763198053,-0.136684594926094,-0.061907324437602,-0.223245209922142
-0.0619631461681036,-0.0619721196758286,-0.682198631171859,0.127940178422508,-0.187143759570797
0.0541461711158731,-0.0619378376794731,-0.120820854404611,-0.118653297387155,-0.266549853222346
-0.162999129109074,-0.0619074394968252,-0.156010670326883,-0.0955856064285451,-0.150822889734584
-0.124151385463535,-0.0618924623440463,-0.0956394984855272,-0.578272545537745,-0.127833371509885
-0.104268062603454,-0.0618784664608921,0.0603354765083503,-0.0854113169701443,-0.110931560707282
-0.0893887774527077,-0.0618776301859435,-0.121070036141933,-0.0780498306384645,-0.0943106794712413
-0.0808490170100414,-0.061876995408785,-0.0988727312889177,-0.0728984600505658,-0.083381608939051
-0.074837567642382,-0.0618764958902977,-0.0865877119784337,-0.0699643079917744,-0.0725706928348354
0.0912028174088618,-0.0618761705631181,-0.0673289571956471,-0.115225784780899,-0.06720874969345
-0.117086080296156,-0.368231135423039,-0.0754905384871371,-0.0660865909078528,-0.0618754037180875
-0.782647178141363,-0.0618758304770718,-0.0704980515188832,-0.0648428277232635,-0.0618754037180875
-0.107113505851317,-0.0618756125576569,-0.0677047385844988,-0.0637635602661024,-0.0618754037180875
-0.0913585600724105,-0.24205002797505,-0.065804943759637,-0.0630958968812202,-0.0618754037180875
-0.0821210725151348,-0.0618754037180875,-0.0643398146141234,0.129259043887535,-0.0618754037180875
-0.0752126823578573,-0.0618754037180875,-0.0635904523036937,-0.119426971886121,-0.0618754037180875
-0.0713647618996179,-0.0618754037180875,0.0609504427119379,-0.0959126800661426,-0.0618754037180875
-0.068225969054607,-0.0618754037180875,-0.100465298750032,-0.08449439158594,-0.0618754037180875
-0.0662564209924124,-0.0618754037180875,-0.0844276332284604,-0.0763158452416899,-0.0618754037180875
-0.360034035580089,-0.0810550208934469,-0.0766868094479943,-0.0717237025040192,-0.0618754037180875
-0.0647335973776363,-0.276727854041374,-0.100923554902391,-0.0685517625898135,-0.0618754037180875
-0.063583332229293,-0.885289416990671,-0.0683918524617339,-0.066756917968628,-0.0618754037180875
-0.0627122627356906,-0.0618754037180875,-0.0697983985362799,-0.0653798319806747,-0.0618754037180875
-0.0622896409025093,-0.0618754037180875,-0.0650922636470293,-0.599109811334734,-0.0618754037180875
-0.0618754037180875,-0.0618754037180875,-0.0641750615272823,-0.0647739050520459,-0.0618754037180875
-0.0618754037180875,-0.0618754037180875,-0.0634564253344144,-0.0637196010171869,-0.0618754037180875
-0.0618754037180875,-0.0618754037180875,-0.0629869782875615,0.0576216883141795,-0.0618754037180875
-0.0618754037180875,-0.0618754037180875,-1.37319307953112,-0.108042215383697,-0.0618754037180875
-0.0618754037180875,-0.0452440960302699,-0.0635676815084502,-0.0890088182551145,-0.0618754037180875
-0.0618754037180875,-0.0671532766921839,-0.062704584446863,-0.0796210310946601,-0.0618754037180875
-0.0618754037180875,-0.0648823742999254,-0.0622858378668738,-1.72610836214832,-0.0618754037180875
-0.705346930947131,-0.525200023202415,-0.0618754037180875,-0.0408173175894101,-0.0618754037180875
-0.0618754037180874,-0.0638148648514641,-0.0618754037180875,0.0212170840228255,-0.0618754037180875
-0.0618754037180875,-0.063184257020203,-0.0618754037180875,-0.0559825096228214,-0.0618754037180875
-0.0646963068146555,-0.0627563627782048,0.0697545755929454,-0.127711752497706,0.171857826140942
-0.0618754037180874,-1.10946669720051,-0.102033173169529,-0.1052413138519,-0.130710362072006
-0.0618754037180875,-0.0631819957953822,-0.0853981307772991,-0.0912908753726356,-0.103146312309185
-0.0618754037180875,-0.0627729369083898,-0.0773696219661657,0.0847958801712923,-0.0894696709101197
-0.0618754037180875,-0.0625060683131532,-0.145118342947809,-0.123900467613967,-0.0795648682163861
-0.693558778200396,-0.0622759256451426,0.0687285403623545,-0.0999694108872062,-0.0739727557243256
-0.0618754037180875,-0.0449224727761836,-0.108243618250583,-0.0875579933567699,-0.0700920026257414
0.16805830292932,-0.067461404549616,-0.0898987661970554,-0.0782581270354996,0.206378464128708
-0.129680664246245,-0.0650495732227168,-0.0806364531488496,-0.0633035039514167,-0.145076627512056
-0.102494632980167,-0.0638909703374099,-0.0739599619309022,-0.0725462171625907,-0.112799399441308
0.0962429331584506,-0.0631406179875704,-0.0701485216060627,-0.0690219186458662,-0.0887657742100771
-0.132619637024923,-1.13824798263157,-0.0674316629725916,0.0552689891230466,-0.0864200660149322
-0.106065956676903,-0.361972934442935,-0.0658720149847016,-0.102098506114683,-0.0784566279797534
-0.0917894278016419,-0.227700620097581,-0.0646314576969776,-0.0857113228916145,-0.0581509144199353
-0.172481257097354,-0.247238365710666,-0.0637247586984028,-0.0775333839044615,-0.0744846741918037
-0.0771289933647617,-0.0596183075823296,-0.0630920839603905,-0.0718640571579498,-0.0701158208425873
-0.0723251840435547,-0.577146023021514,-0.062648462397553,-0.0685609825561102,-0.0674535939503021
-0.00435117121647762,-0.205374273676775,-0.0623746456131748,-0.0663455426439195,0.150326227740434
0.0615999441900806,-0.176117989671621,0.152323145419978,-0.0650281969575445,-0.128015909713721
-0.120753083183207,-0.148729690797143,-0.125556950833138,-0.0672045447603025,-0.101639894927888
-0.0980261842645251,-0.126010271069231,-0.113151686247526,-0.0634272634685889,-0.0883231538119396
0.10043097210178,-0.108903587914074,-0.35527732415015,-0.0629592858202004,-0.776765500079635
-0.131069331204572,-0.0941465891746414,-0.470372308215538,-0.0625617007813145,-0.342519378061073
-0.104750862999057,-0.0839930209465988,-0.0836870837856972,-0.0623133179477817,-0.268882032294795
-0.0908860948611168,-0.0743336571635665,-0.0768123832247506,0.0745225778478876,-0.225028508707562
-0.0810240729292047,-0.0739422338643906,-0.692295740311335,-0.103578181448615,-0.181674050323401
-0.0751528652250135,-0.0641265240578613,-0.0766751528301157,-0.086277450491415,-0.151712852617479
-0.0709616211274785,-0.0632838367507575,-0.0721587625826352,-0.699525491247121,-0.127540534197033
-0.959451100630866,-0.0624896373023898,0.104498294610581,-0.0810443493142277,-0.111503799484999
-0.0731030958872035,-0.0621793928467568,-0.138757462851815,-0.0749937066747218,-0.0984699396672827
-0.0694647673079358,-0.0618754037180876,-0.096355042861936,-0.0707920843947262,-0.0869255711544331
-0.066901720064724,-0.0618754037180876,-0.496711904599444,-0.0684051046824287,-0.0793963182032705
-0.0649052009398087,-0.0538224963267799,-0.0833335830597327,-0.0665690594597192,-0.072430610922982
-0.0636271357380499,-0.0644384417494867,-0.0758622901911619,-0.0651086924361769,-0.0687850553474061
-0.0627337538158314,0.11362279865405,-0.0713905523893492,-0.0641520298971342,-0.0652751796104965
-1.13929626267717,-0.115856130122359,-0.105813377890056,-0.0633236167375181,-0.0635625692233523
-0.0618754037180875,-0.0939012917167519,-0.0670806515488796,-0.0628113362361958,-0.0618782903461203
-0.0618754037180875,-0.0821424957203657,-0.0654628287562876,-0.0623342892191582,0.0316982605413478
-0.0618754037180875,-0.0757592613574918,-0.0644019465522094,-0.0621027407777615,-0.0908007710315893
-0.0618754037180875,0.0784890120849539,-0.0634824495188435,-0.0618761562878415,-0.0786670087709605
-0.0618754037180875,-0.113059582910344,-0.0629139480595301,-0.53813707217375,-0.0728739699031988
-0.0618754037180875,-0.0930604455911716,-0.0623840208663993,-0.148148025034005,-0.0688303350574798
-0.0618754037180875,-0.0828493304571493,-0.694123895690859,-0.114350824534287,-0.0665887868241581
-0.0618754037180875,-0.0754334902366097,-0.0618754037180875,-0.0972974507530286,-0.0650569254967117
-0.0618754037180875,-0.0711762481183298,-0.0618754037180875,0.0909639535044292,0.0935307793866549
-0.0618754037180875,-0.0681173432750218,-0.0618754037180875,0.00523015682394359,0.0354894327230465
-0.0618754037180875,-0.0663554713586753,-0.0618754037180875,-0.140332026874892,-0.132680212051054
-0.0618754037180875,-0.0649454437294401,-0.0618754037180875,-0.113215030708265,-0.106641433698307
-0.0618754037180875,-0.0639285364232179,-0.0618754037180875,-0.0965822168167834,-0.0915424777196839
-0.0618754037180875,-0.0632129836626509,-0.0618754037180875,0.0662283964868478,-0.0814734796921403
-0.0618754037180875,-0.0627248631030423,-0.0618754037180875,-0.122240147960991,-0.0752327051686753
0.178611970698087,0.115810624960554,-0.0618754037180875,-0.0996307804129214,0.105653453144312
-0.132533751400161,-0.115620660576983,-0.0618754037180875,-0.665383012812063,0.0783179406436561
-0.000189647944775232,-0.0936869556791986,-0.0618754037180875,-0.0922208187596475,-0.152480989696452
-0.1203357932532,-0.263401717464269,-0.0618754037180875,-0.0828606641976619,0.0235494319797604
-0.0982741229267287,-0.0779503795043683,-0.0618754037180875,-0.0759235137038237,-0.140835566715308
-0.0866071767289867,-0.0728536214889691,-0.0618754037180875,-0.0718501840673694,-0.112432385059593
-0.0782492176745549,-0.0693248459792403,-0.0618754037180875,-0.135124320296869,-0.096526153290131
-0.0735019830432446,-0.0673258259543866,-0.0618754037180875,-0.231510494012643,-0.085182406656776
-0.0700279666380743,-0.0657901665067799,0.0785321854457648,-0.178589496772651,-0.0783327213236781
-0.0676655031033474,-0.0645704905932137,-0.360581011661848,-0.0641887408743601,-0.258628728957613
-0.0659968780127257,-0.0553441160352392,-0.0943756645408292,0.101380765851271,-0.0717111017849553
-0.0646041777443618,-0.0506697723159112,-0.0834450278198116,0.0973906098476969,-0.0687816991343659
-0.0637192431379266,-0.0689444088747626,-0.0756339788005512,-0.377994441430832,-0.0664771362577259
-0.0629207864087228,-0.0659677699932086,-0.0712532648669302,-0.132037150206895,-0.0648788915964129
-0.0624863237819354,-0.0644516312629129,-0.454878289112675,-0.109511975741687,-0.0635980727931556
-0.062071131381265,-0.111827608071857,-0.0687208275914368,-0.0936402721777674,-0.0628031937417755
-0.365067683003926,-0.0629578313292376,-0.0667980380400899,0.0157000916688105,-0.369020643059702
-0.0618754037180875,-0.0626198908778378,-0.0652672419531136,-0.123026278655112,0.0857397296832774
-0.045908835479635,-0.0624143767786782,-0.0642638005173988,-0.0911971140426147,-0.0943942343426468
-0.427924604929996,-0.0622564940554489,-0.0633944078176845,-0.0819494164715003,-0.100831918116774
0.0734500758752271,-1.6351128100255,-0.0628569804255961,-0.328505121343423,-0.0816441247138057
-0.105157903042695,-0.0627430341249947,-0.0623561011083232,-0.0736167674516339,-0.0745124421871165
-0.0888866512944364,-0.239189004972604,-0.0621132809648488,-0.069677880449261,-0.0880238417747574
-0.0797222980977623,-0.0622747503100857,-0.0618754037180875,0.0526076079120813,-0.067757518786586
-0.0732800238260898,-0.54013115719578,-0.0618754037180875,-0.101678188680818,-0.0644604636699385
-0.0696632710147346,-0.0619981188474212,-0.0618754037180875,-0.0852840242130893,-0.0654692930857278
-0.202610628782749,-0.0618754037180875,0.0216693128254042,-0.0771704128712174,-0.40154337480757
-0.515113741299602,-0.0618754037180875,-1.44247468761662,-0.071590494931154,-0.0642315796165164
-0.0668259968883228,-0.0618754037180875,-0.121332215948582,-0.0684539767402535,-0.0633870283272723
-0.0652713908081508,-0.0618754037180875,-0.102250941394108,-0.0662364270129009,0.163774992527648
-1.45913515877637,-0.0618754037180875,-0.0880354140873171,-0.0650037484330946,-0.63659257490525
0.0973525507133429,-0.0618754037180875,0.104722257134408,-0.0640356322481086,-0.205955507645579
-0.115169912569357,-0.0618754037180875,-0.127978340722971,-0.0633603924284041,-0.160249073890652
-0.092192638918532,-0.0618754037180875,-0.103223960887105,-0.466487809281847,-0.129860590229098
-0.0825867349885751,-0.0603286741972249,-0.0822240844905029,0.15701055365728,-0.108743789800727
-0.0745264559607257,-0.0623687809249623,-0.0827582602860286,-0.127491449687242,-0.0947003531292078
-0.0704788501767107,-0.0621554423223597,-0.0760403077737238,-0.101425465503689,-0.0855536344219672
-0.0676966874263765,-0.0620563384384896,-1.30071933944007,-0.0880001158686327,-0.0792816083366606
-0.066124853130665,0.0754663659041716,-0.0849619416047807,-0.0785118810553441,-0.063771974898407
-0.0649224107019123,-0.103795717385703,0.056613226782651,-0.0732424972556107,-0.0738069687124126
-0.0639728474233716,-0.0864728899008761,-0.11237160308064,-0.0695912528555297,-0.069564952773015
-0.0633510051818166,-0.0908972171557556,-0.0923518877356395,-0.067522050342146,-0.0668674958048715
0.0974278520064535,-0.0723131485293685,0.0741995473067166,-0.0659317899057906,-0.0647663506412888
-0.110824921461374,-0.447560072895637,-0.120748497230883,-0.0630849192570686,-0.0634429654359204
0.0854151185376953,-0.0688909285410498,0.0716844084300388,-0.0643440114830324,-0.0625123313927233
-0.131599867405188,-0.0670047036738926,-0.13410641887099,-0.0634113665309948,-0.0621340712179436
-0.104680356006771,-0.0681378076177383,-0.106729610696095,-0.0628681163300889,-0.131241908667783
-0.0908474069759782,0.109307165526382,-0.0482857620791844,-0.0623871133413401,-0.062011431101461
-0.0808239971990365,-0.569664199784032,-0.0953090311299091,-0.0464611088051473,-0.0619709233644559
-0.0751296375848441,-0.112707473079423,-0.0838037452029009,-0.393249637881516,-0.0619360397171367
-0.0710520501270009,-0.0961390314734364,-0.0767952634981026,-0.0658620552572705,-0.0619145395420953
-0.0684854819703029,0.169018865635444,-0.0721425291359465,-0.0644627408201219,-0.0618945558497003
-0.0666031997300532,-0.148328625607354,-0.0690109721178045,-0.0635025452962108,0.103613220705252
-0.0650625661354374,-0.115694761902787,-0.0666561964150485,-0.333740612857971,-0.0908617506072055
-0.0640702253177812,0.0274528752936276,-0.0651580326253407,-0.362153922552289,-0.266215465374398
-0.0631898320429367,-0.123001232516026,-0.0639755761834932,-0.0628242198647045,-0.115058048882393
-0.0539371694110711,-0.100862723697637,-0.0632254729983638,-0.0625512590673789,-0.0973221937101791
-0.0649858605176747,-0.0884219155871886,0.0559937491241555,-0.0623381730513256,-0.0854908267969006
-0.0636206665367994,-0.0798009937237096,-0.0985933810033935,-0.422006814212023,-0.0780915432536416
-0.0628994563975922,-0.0743675639375,-0.0832582613175014,-0.09769957805275,0.192353380806637
-0.767209048976145,-1.44906428348413,-0.0759106052644108,-0.0828110145554092,-0.318540760693639
-0.062751630278578,-0.085672932933564,-0.0707625141097717,-0.0756038646914387,-0.420854428663252
-0.696913338452236,-0.07778516901279,0.0875164504279659,-0.0705627421887984,-0.119767297376423
-0.0626842570415846,-0.0726912056196483,-0.11253913653619,-0.0677377633946585,-0.259332229163675
-0.0624540490995011,-0.068694531389985,-0.0924048636819271,-0.0658363150391418,-0.145746000550225
-0.0622726467306376,0.0771394682544122,-0.0822958210387062,-0.0647646695516458,-0.116137950693802
-0.0493105457721439,-0.107184221267673,-0.0750088045679046,-0.0639460505212711,-0.100008396668075
-0.066132212032031,-0.0883794031980228,-0.0708621178364261,-0.063298704307549,-0.0876398278078089
-0.064312429324198,-0.0792356722789266,-0.951371139028818,-0.0628759543309175,-0.0795295196134419
0.189374668756848,-0.0726177835386541,-0.0724809583721646,-0.0625110247893656,-0.0741705824181968
-0.13664935758238,-0.189020011624348,0.0342629702806815,-0.341525355276594,-0.0703656142301233
0.127165096284775,-0.330103415014924,-0.0984624921599045,-0.169616878375574,-0.0677278736847629
-0.156441065855154,-0.0671707119050923,-0.0837297484747014,-0.202391852799953,-0.065431233774083
-0.121460514391778,-0.0656782480230184,-0.0762141319726699,-0.151256841231985,-0.0641315750514255
-0.102854009686936,-0.0644931934910724,-0.0710062919183104,-0.124171663269906,-0.0629342745328888
-0.0890118746696152,-0.0199285667444523,-0.067825174224943,0.0674573850424694,-0.0625593842254936
-0.0810348465292527,-0.0767797903224696,-0.0657775376353616,-0.386482253843241,-0.0622102881459273
-0.0752270309989645,0.110977343605872,-0.0644818955606205,-0.128199170042827,-0.338961321992379
-0.15565893169272,-0.12115184278894,-0.0637429413958528,-0.108951935789314,-0.0898105958148425
-0.069377213883387,-0.0973936046856552,-0.063158873060423,-0.0942276300043088,-0.0618754037180875
-0.93470933325158,-0.0854832890659269,0.200496066728356,-0.084392098568147,-0.0618754037180875
-0.0865768417059096,-0.0770537648238594,-0.1390947199371,-0.0775886801952915,-0.0618754037180875
-0.0669107756173892,-0.0723080484270437,-0.10853257712625,-0.0728046597482953,-0.0618754037180875
0.05974066490838,-0.0677474602076435,-0.0931621036489187,-0.453459424564431,-0.0618754037180875
-0.101138165616821,-0.0674465711683017,-0.0819716329256971,-0.0687813172418342,-0.065362089011693
-0.0847734067753504,-0.065811556856366,-0.075590786447474,0.114959600517069,-0.0618754037180876
0.107603060877172,0.0706604981342383,-0.593465754837169,-0.118191613386653,-0.0618754037180875
-0.125246157677985,-0.104773098145833,-0.0734273827450772,-0.0954531084828576,-0.0618754037180875
-0.100609678128844,-0.0871593186246208,-0.0702164143523181,-0.0839841024458073,-0.0618754037180875
0.141758744053482,-0.0785449766969348,-0.067639271755802,-0.0758951559213126,-0.531216122896132
-0.144081618606782,-0.0723604797054628,-0.0659423191388456,-0.0712197767259763,-0.503663788776764
-0.330496969190889,-0.068947151971737,-0.558958596288719,0.18445115304036,-0.0618754037180874
-0.105672098084754,-0.0665533862975724,-0.0646236261581317,-0.139659017582487,-0.0501719132736595
-0.0926585631575721,-0.0652894920286738,-0.063223035879266,-0.109455053810956,-0.065595699805713
-0.0810614034498289,-0.0673032138759317,-0.0892395407244914,-0.871527807597607,-0.0639923805097699
-0.0763371618134296,-0.0635627290416047,-0.0618754037180875,-0.107741562932099,-0.063245266956165
0.0963569828196348,-0.0630609253381627,-0.0618754037180875,0.0539262268464457,-0.0627348441596642
-0.119109004357447,-0.0626283554370161,-0.0618754037180875,-0.126584301814475,-0.0624548760996559
-0.0965249189926098,-0.396037256699163,-0.0618754037180875,-0.103558193610083,-0.0798132001162341
-0.0849997113400736,-0.0629924101319141,-0.204847302208535,-0.0906628057317689,-0.0621638769244397
-0.0766172420747386,-0.0624855570192641,-0.0618754037180875,-0.0807704178599888,-0.0620816823944105
-0.0717552443908192,-0.0621634811660199,-0.0618754037180875,-0.0750209538146433,0.218757746380457
-0.374664662530465,-0.0620559819915307,-0.268907912466274,0.113017799989804,-0.143305900914875
-0.0681639821267095,-0.0602058809605104,-0.0618754037180876,-0.046518933657391,-0.111213156624841
-0.341493522679764,-0.0625284391776799,-0.372614233481936,-0.122345303852278,-0.0950903100247402
-0.151664299596003,-0.062259156205772,-0.0618754037180875,-0.100710501511832,-0.0832625954870065
-0.117249612083326,-0.0621274679209312,-0.0618754037180875,-0.0871542182172452,-0.0765442300486717
-0.0993092195657117,-0.497962615769236,-0.157417795768119,-0.0787161670278251,-0.0718540464921786
-0.0861086079998347,-0.0620439638427658,-0.0618754037180875,-0.160266482356607,-0.0691923987705172
-0.0782836779949461,-0.0619875587956848,-0.0618754037180875,-0.070649961657079,-0.0671392906496377
-0.0729391465890754,-0.0619553027379051,-0.0618754037180875,-0.0681736320132457,-0.065503422520071
-0.0697477775654439,-0.823744967052192,0.129138739740213,-0.0661937069498256,-0.0644306243439666
-0.0675415465946038,-0.0619524658226437,-0.118967932315822,-0.0648898931212512,-0.369785810933243
-0.0593431121314167,-0.061924788599382,-0.0957791686699508,-0.0638768704244674,-0.421571246132218
-0.0666658758324982,-0.922664009911515,-0.084403131905959,-0.0631600147910487,-0.0628758516684745
-0.0647890269172309,-0.0619232531815579,-0.0762564987007724,-0.0625907788122239,-0.0623706764335617
-0.097244969864928,0.060316606793719,-0.0716827362185916,-0.0622275795038671,-0.0618754037180875
-0.0629386684702129,0.0902738813690038,-0.359148749520032,-0.0619616891615187,0.242335587361276
-0.0610551959013803,0.0750488145938162,-0.0667405400274019,-0.264343406769801,-0.149298981422013
-0.0625557491918677,-0.165573550082865,-0.0670703994762689,-0.0617777633033243,-1.03102818835314
0.142059438865937,-0.129121189816646,-0.0653930393508119,-0.0619065645168014,-0.15426673272799
-0.110963212005561,-0.107644468816614,-0.0643357879441148,-0.061893084035641,-0.124453219404817
-0.10176408000098,-0.0925781182203198,-0.703876580331697,-0.0618868246170531,-0.106359853112748
-0.0882024851414853,-0.0832915591265869,-0.0638713687205033,-0.061882561175802,-0.843165863003363
-0.0787833002103822,-0.0770167913581644,0.208485040477434,-0.0618802261475613,-0.0600094394938324
-0.0733601146730307,-0.230343597726684,-0.141196414787238,-0.0618786460454463,-0.0394379052723189
-0.0822046905744865,-0.137403567948534,-0.109646064255668,-0.0618777607357096,-0.118521298741586
-0.0676130711838599,-0.108619005867232,-0.0939947885593514,-0.0618770887383462,-0.0997060639288708
-0.0659988441555657,-0.0934819228604127,-0.0825462887470789,-0.0618765599304395,-0.0867647496625525
-0.089206865037452,-0.0821809798147273,-0.0760469073647304,-0.0600520164934811,-0.0782114648870116
-0.153475912464405,-0.0755100583874752,-0.32955171495105,-0.0624577480937649,-0.0716031768606024
-0.557140205110856,-0.0707427778616907,-0.0710304817573144,-0.792661164040504,-0.0678965819936126
-0.121475564414931,-0.0680545429406859,-0.0684706051623715,-0.0623188087119924,0.00927955455567477
-0.100913445116541,-0.066097898415739,-0.066423803898805,-0.0621533379373187,-0.0869744835124462
-0.0889087515452065,-0.064783102707047,-0.0650812852347573,-0.0620625953194728,-0.0766556988149417
-0.0802019747003586,-0.0813689647769979,-0.063915549679751,-0.492149926631728,-0.0715894480723453
-0.0753944835188623,-0.0878881731766512,-0.0631942367938364,-0.0834516260455526,-0.0680226489646113
-0.0716533809094061,-0.663989094290252,-0.0625213115552919,-0.0619781866517736,-0.0659906476098878
-0.068640501307704,-0.0217307096654913,-0.0621950762584147,-0.0619459364175249,-0.0645833807428504
-0.0666528630339951,-0.0906555589065681,-0.0618754037180875,-0.0619249296501908,-0.0637823661159431
-0.0649197893062231,-0.0794811648316006,-1.89310549638523,-0.0619068416639473,-0.0631919458860898
-0.0638451524972386,-0.0736047105931315,-0.0618754037180876,-0.0618956939809787,-0.0627797794868646
-0.0628407390830783,-0.0697852906583771,-0.0618754037180874,0.0837173599293191,-0.0513181268599725
-0.189664753975371,-0.0727289825236211,-0.0618754037180874,-0.106087067764984,-0.0658344758879997
-0.0618754037180875,-0.0656535942705483,0.0653447961831484,-0.0878548599988575,-0.0641599976462726
-0.0618754037180875,-0.0645870558902739,-0.100746811904733,-0.381903634390062,-0.0633132961498834
-0.306329273915991,-1.03027558391867,-0.0846210934636285,-0.0766574458135069,-0.0627607959463828
-0.0618754037180874,0.111460342112767,-0.07684805671921,-0.0719595856697063,-0.0624299998883871
-0.0618754037180875,0.0467522330788947,-0.0713742216439963,-0.0687130308797649,-0.0491874517435792
-0.530068580659199,-0.140162223617211,-0.0683265728955198,-0.0668755314437098,0.134769955190408
-0.0618754037180876,-0.111424353404137,-0.0662363011800342,-0.065465350809528,-0.12398193290051
-0.0618754037180875,-0.0947781794918613,-0.0650575397246707,-0.494756178471372,0.134212827921749
-0.0618754037180875,-0.0836302427811157,-0.0641565155410652,-0.171297008993214,-0.168657522220502
-0.0618754037180875,-0.076709927438961,-0.0634436503508482,-0.129948636087215,-0.118952930177554
-0.0643211627773907,-0.072298493145351,-0.0629779845318989,-0.108445639444704,-0.10087503008615
-0.0618754037180875,-0.0694688351509732,-0.0625759001056731,-0.0920124405025056,-0.087691253607903
-0.469955465412385,-0.0672497054465936,-0.0623277578099199,-0.427015166026794,-0.0722409156269554
-0.0618754037180875,-0.065614211786307,-0.0620968430774961,-0.0815856606757737,-0.0768785056430025
-0.0618754037180875,-0.0836270687061117,-0.0486810957399098,-0.0764516414174744,0.145624975399685
-0.0618754037180875,-0.0635272794641596,-0.0661021202921448,-0.0724276586290174,-0.132796155912943
-0.0618754037180875,-0.0628439841828576,-0.0642815084019208,-0.0691810050387154,-0.105129959734164
-0.0618754037180875,-0.0623513838714395,-0.0634327282912184,-0.0670369489846886,-0.799404901635606
-0.0618754037180875,-0.0620349358136239,-0.0628526049266397,-0.836326611354571,-0.100114662227498
0.162000964225467,-0.0761428942950847,-0.0625343405451367,-0.902505150775707,-0.0882979507329767
-0.544576881138115,-0.0618754037180874,-0.0623186778126439,-0.0671055421001475,-0.0794766172343332
-0.122535796457895,-0.0618754037180875,-0.0621977653617372,-0.0644339328663797,-0.0746386314857022
-0.103110912384851,-0.0618754037180875,-0.0621059217155392,-0.0556090883757,-0.0707638739419255
-0.0886118435994124,-0.0618754037180875,0.247924904521693,-0.0638819787066038,-0.0680131473785892
0.0362062773084843,-0.0618754037180875,-0.15086170094557,-0.0630162301718904,0.13164258543743
-0.109204891612258,-0.0618754037180875,-0.116130155176406,-0.062612934171309,-0.123261253018012
0.0253319439548217,-0.0618754037180875,0.125792863166033,-0.0623380197447714,-0.0986464007775951
-0.116499513861061,-0.0618754037180875,-0.77489370804388,-0.0621872133651157,0.153105568361956
-0.0957694485161885,-0.0618754037180875,-0.167173359736959,0.0185994812573915,-0.14516599384914
-0.0961233085567445,-0.0618754037180875,-0.137105337014416,-0.0870697814732256,0.0239669940037782
0.107685692016785,-0.0618754037180875,-0.114262856073541,-0.0764790602355405,-0.13567237257824
-0.126427499047525,-0.0618754037180875,-0.0994623446801235,-0.0662334816293034,-0.108912687792139
-0.101356545562332,-0.204546452780902,-0.0881319582911664,-0.069547438437449,-0.0942923654065576
-0.0885473810481123,-0.3738652776558,-0.0811951403251086,-0.0668977380818062,-0.982727656880527
0.0790913927872639,-0.68909710345806,-0.082819953928194,-0.0652403074136128,-0.00339574123215865
-0.120844975121896,0.213363428792489,-0.0712006141491305,0.0327667809089581,-0.116990123519109
-0.530885312782275,-0.141774162174718,-0.0679389495749528,-0.0879828862943546,-0.0981209317533508
-0.135142563056335,-0.110218161350731,0.0928605979731688,0.036042066644421,-0.0868442143295588
-0.0867109538026325,-0.0943928974553482,-0.112034578530981,-0.100372006803159,-0.0781972899692935
-0.0802365181880623,-0.0828063527623935,-0.0910687360286684,-0.0943161805949134,-0.067829090149874
-0.00916946432312068,-0.076228960968213,-1.24303109991479,-0.0833235825960205,-0.111015775028892
-0.0906757876946643,-0.302344572125905,-0.116327378312563,-0.0757984589662555,-0.130482559769798
-0.0797333734235832,-0.215773249663289,-0.0985466472789266,-0.0714539730309257,-0.0653501589479398
-0.0736127145350552,-0.162736716072507,-0.0254198601300052,-0.0684356667458015,-0.0640805765183949
-0.0694903438927842,-0.133247248173953,-0.0984555629581321,-0.0538620316754212,0.0498022645175521
-1.39103972165856,-0.103487800480763,-0.0857170216495139,-0.0869548203537862,-0.0962342117988199
-0.0742003880474145,-0.0972249244945574,-0.0780630511439022,-0.066518194766508,-0.0829585896024248
-0.0699867550502369,-0.0860587829802305,-0.0728689927356025,-0.0649788766176995,-0.0756541031276326
-0.0673537447836441,0.0631720458005962,-0.0692111211320729,-0.0637973491431901,-0.130380488611353
-0.0650170614462303,-0.11632574539629,0.0123799384540102,-0.0631154277780447,-0.0680838244873327
-0.064084564110052,0.143435422357543,-0.0893614718268857,-0.0625696484285186,-0.0660696661529513
-0.063277328876622,-0.455610327940711,-0.0779992854394122,-0.0623173977739935,-0.0649297334093077
-0.0223722142729793,-0.138100015025051,-0.072161952265695,-0.0621107879427285,-0.0640606699508761
-0.0750239323932789,-0.114797905396329,-0.0684087941749317,-0.0620305929992344,-0.0633766178166496
-0.0693820869181498,-0.284699110757274,0.124986360338677,0.013471724039215,-0.00325931309081167
-0.0666162893346865,-0.0911467169548593,-0.121588772284176,-0.0854099364282939,-0.0811765249717008
-0.0648580258142102,-0.0817067458180071,-0.0977864814512533,-0.0754839995132502,0.162603568095125
-0.0638900151749053,0.133982950927683,-0.0858878469807991,-0.0707586745051138,-0.137336097110984
-0.0632321792792082,-0.133319325910628,-0.0772700993432803,-0.693080985659519,-0.115755754461721
0.0566788725735907,0.0401684117891755,-0.0724090336830001,-0.0689662230669247,0.139536558135249
-0.0980164871368348,-0.133019619017036,-0.21889994635742,-0.0666712725989166,-0.0230927996956393
-0.0840800994560851,-0.106218748982707,-0.0678893601488174,0.0796567185218681,-0.0970662786419244
-0.0764818687660193,-0.0919749036900184,-0.0661265887626225,-0.10818716965013,-0.133989264317961
-0.0711458908968588,-0.362080207518485,0.0895186326147065,-0.0894151289193716,-0.109951987530589
-0.0681577924966146,-0.499450614305761,-0.110364500016616,0.156262948581315,-0.10388175814801
-0.059212300696832,-0.0806413411417542,-0.0905936037478207,-0.141287470465588,-0.0212592761275748
-0.0671144573897176,-0.0754182814858755,-0.0808737484412691,-0.110991050920871,-0.147393025553765
-0.0652887406591983,-0.070776255280165,-0.073861536604778,-1.54413664405604,-0.368234974210333
-0.0641746146719884,-0.0686633133005893,0.162618435179572,-0.0555696279590309,-0.110136596713299
-0.063431275094343,-0.0664927512965616,-0.134935392235248,-0.159388378624105,-0.0939023874771996
-0.0628850986078857,-0.0645861266865686,-0.106590226509228,-0.129528117310784,-0.0840278222954026
-0.0625367484964754,-0.0635086057466359,-0.0921054107616722,-0.112108779098499,-0.0766753173390934
-0.0622551134185562,-0.0624967016800911,-0.0814514273835479,-0.0976060461733715,-0.0818785647021907
-0.0621002838398713,-0.0621902427052659,-0.0753356087927031,-0.08687082504429,-0.0690927777501572
-0.0619588530054508,0.0508369968570756,-0.086335625024884,-0.0790486545479521,-0.147088090619938
-0.0619333018096805,-0.0965057178373408,-0.0685823134119916,-0.0731521131657328,-0.145257775209305
-0.0619121563736774,-0.0820721626648117,-0.0665763944884554,-0.0690223443919615,-0.112664387739191
-0.0618991242343026,-0.0751424330407247,-0.0650632900842463,-0.0658457818761309,-0.0961082716581409
-0.0618870118353258,-0.070280426117443,-0.0640277691506307,-0.0641746253952086,-0.0837209390469551
-0.459030586171547,-0.0612034876006064,-0.0632440289884844,-0.0625832537843374,0.0546856139650005
0.0992696974370726,-0.0677409566629725,-0.0627596964772906,-0.0623325093044467,-0.11094728016169
-0.116848427802832,-0.0658338795402325,-0.0623084278597301,-0.0621540969165947,-0.0923096334716741
-0.0947931786062818,0.100506553526024,-0.0620896818103926,-0.0164887684650496,0.0322770372450264
-0.0836765697242759,-0.113328373282109,-0.622529111230205,-0.0789297922442401,-0.109516341500361
-0.252588141605434,-0.0925077323798986,-0.0618754037180874,-0.0716825682602076,-0.263262225227649
-0.0732662625897523,-0.0821710684056813,-0.0600862418339,-0.0682619312547021,-0.0853141086706947
-0.300191047542964,-0.0748390724858033,-0.958721906585016,-0.0658986828268572,-0.0774215290211594
-0.0690447427588495,-0.070641447597288,-0.062669354058681,-0.0645952795077786,-0.376863777782463
-0.0670139935247201,-0.0677808541684225,-0.0623885971600576,0.095744976677756,-0.0715132232918928
-0.0654237338105603,-0.0661208503566354,-0.062197152471799,-0.145713884237652,-0.315933800622133
-0.613674489003914,-0.064917362885014,-0.0620922431795209,-0.11295952086697,-0.0678692064168222
0.141221588958614,-0.0639667218672072,-0.0620212200921987,-0.104038748374931,-0.0659462928070495
-0.124583182787541,-0.0633418424839976,-0.0619814183310418,-0.0266874471175505,-0.0645317100414639
-0.0991634675436143,-0.0628058776190616,-0.0619511997781701,-0.082696096759165,-0.0634967907588689
-1.00685403464889,-0.0624730351305849,-0.0619274160404669,-0.0862331281585502,-0.139602512916716
-0.0918450791725841,-0.402381287005812,0.100991788049578,-0.173497923531677,-0.0623470071508939
-0.0926181533669056,0.103116573808962,-0.111061866664982,-0.107603847701922,-0.0621087791551046
-0.0827184153985607,-0.111693406827992,-0.58801442745127,-0.349833244903691,-0.0618754037180875
-0.0856964303945038,-0.0912850989414853,-0.0936441238564011,-0.108583353288316,-0.0618754037180875
-0.0729096546776819,-0.0813432020735465,-0.0701451855230524,-0.0750351558155585,-0.0656110504001941
-0.584847139723118,-0.0742717757179128,-0.130849444105807,-0.070899034554119,-0.0618754037180875
-0.0708260865035202,-0.642286975247604,-0.0784822322228445,-0.0677190973157005,-0.0618754037180875
-0.0677231865737488,-0.0720227876468957,-0.0732336592353351,-0.0659055147287775,-0.0618754037180875
-0.0191179345089596,-0.0693172235814134,-0.154793853999324,-0.0643982534826466,-0.0618754037180875
-0.0783916080213563,-0.0672296665993834,-0.0676924883964118,-0.0975226827503364,-0.145269668240918
0.0251589581862875,-0.0738852151807825,-0.0659269362986269,-0.0630343055109357,-0.0627245110399539
-0.0968780751612102,-0.0644965766007483,-0.0645290860101131,-0.062577012424938,-0.0618754037180875
-0.0827275584398504,-0.0635427695875222,-0.06365776093796,0.142303214198408,-0.0618754037180875
-0.0755875843932743,-0.27154698504729,-0.0628818332037036,-0.122892973354961,-0.0618754037180875
-0.070578414925933,-0.0625256017807808,-0.181738807381296,-0.0982140899933078,-0.0618754037180875
-0.0679394785773889,-0.627382123597273,-0.0621060298366751,-0.0860167262862513,-0.0618754037180875
-0.0536418201957627,-0.0618754037180874,-0.0620227615540922,-0.0773071453935036,-0.0618754037180875
-0.178408129067028,-0.0618754037180875,-0.0619616209125492,0.0855265556116989,-0.0618754037180875
-0.0667481892155048,-0.0618754037180875,0.0123871744476472,-0.116020378283105,-0.0617575232719999
-0.0651089927223474,-0.0618754037180875,-0.459867880410106,0.027738081274258,-0.105729786678624
-0.0640131271853809,-0.0618754037180875,-0.0813702111763935,-0.175947594217809,-0.0618977050606171
-0.0632491797730823,-0.0618754037180875,-0.0746733135887452,-0.134510905989285,-0.284191463314415
0.203332522272516,-0.528621491368932,-0.0699800529365653,-0.112278002589945,-0.0618866795167766
-0.139803877805165,-0.0618754037180874,-0.0673732564534778,-0.095240340062794,-0.0618830009591083
-0.489055844340367,-0.640178647063078,-0.0655888987187227,-0.0852984770961484,-0.368741449080463
-0.11314051296002,-0.0618754037180876,-0.0645836126645092,-0.077985217394818,-0.298310871524829
-0.0923657883862942,-0.0618754037180875,-0.0638159907536558,-0.346191965358112,-0.180868941544887
-0.0829491221621538,0.125432444241684,-0.0632091586458045,-0.0727048335371597,-0.0619075691069925
0.0302277752534268,-0.117931950564739,-0.154573234165725,-0.0692634401578583,-0.0620942673192955
-0.104496324040513,-0.0951359220098016,-0.153594212251289,-0.930071478155983,-0.0618890713112883
-0.116679382100297,-0.0839637377799038,-0.117976011168748,-0.0693527289166798,-0.679579688984716
-0.0802074510415134,-0.075970883984576,-0.09978282256451,-0.0665734228816014,-0.0618872882727152
0.0917500366702327,0.0483134207510719,-0.086352073584772,-0.0639287772544413,-0.0618836968735023
-0.119008864042787,-0.105094218031795,-1.48179803885275,-0.201673701200293,-0.0618807811786046
-0.0965278237813177,-0.0882384547135115,-0.109174876456703,0.027153938628227,-0.0618791793991343
-0.0849833760420687,-0.0795967968818363,-0.0977207645367349,-0.0894372781180406,-0.061877800345723
-0.0767756242913511,-0.073339991942789,-0.0883122341440334,-0.0778578879636768,-0.0618769504808168
-0.0718246007957129,-0.069739372537759,-0.0804285303865092,-0.0723368822883397,-0.0618761606454014
-0.0686605590112141,-0.0587771441069209,-0.0751108641636267,-0.0684877602502554,-0.0618757781557472
0.00165258274954303,-0.347567931125608,-0.070368442858382,-0.0663553193916423,-0.807875453947856
0.170728760560259,-0.0708653399302793,-0.0673952759359671,-0.06489875475471,-0.0618754037180875
-0.147784774475557,-0.067492088699763,-0.0645173117275399,-0.0640789816725278,-0.0618754037180875
-0.116472047074381,-0.065470572866471,-0.0632422990355098,-0.0634537093516625,0.257372626625339
0.0861847908201601,-0.0641856425133518,-0.0618881777186492,-0.0629598329028328,-0.153141173319045
-0.195503367435793,-0.0824244705918197,-0.061883655265622,-0.0626375147720704,-0.705285439887487
-0.722215540526233,-0.0471974555672693,-0.0618805749353875,-0.000923091585470839,-0.130847262033177
-0.127300123456253,-0.0674628923422963,-0.0618788878866659,-0.0813753523571809,-0.107657217011914
-0.107135229653614,-0.825459059573938,-0.061877746272297,-0.133618141001735,-1.48095447999472
-0.0941714219808271,-0.0662023406860714,-0.0618771066421453,-0.0696189155285465,-0.268709084643798
-0.0843823215234743,-0.0631624163826837,-0.0618766211294043,-0.0667094874598436,-0.221555332093103
-0.0782770751196605,-0.0642719241744802,-0.076129512178565,-0.0651456369051335,-0.187642203849962
-0.0733136236199538,-0.0634181950540345,0.00198048167287888,-0.0640801414089813,-0.154455215391588
-0.0695735856166002,0.159314074937806,-0.0818159261489004,-0.063481195261841,-0.131169315379268
-0.0668227510140065,-0.128211402235569,-0.073368552218609,-0.47251589301691,-0.109652102481025
-0.0648093387857418,-0.101629203609081,-0.069370295262247,-0.0630647500106448,-0.09548073557756
-0.0634455606936006,-0.0884438536533592,-0.0666011750210807,0.184213239675364,-0.0613406265797966
-0.748468218094206,-0.0788999250704916,-0.0650720342198842,-0.00602377992727821,-0.0810065877738906
-0.0626301752610728,-0.0735081686278208,-0.0640303867393746,-0.223865628176861,-0.0713091091301412
-0.0618754037180875,-0.0697537390472757,-0.0634448895627777,-0.136934589089515,-0.0679537879602115
-0.0618754037180875,-0.0676287664302583,-0.062998931005412,-0.0997897421576545,-0.0657708931722585
0.132009094011744,-0.06598869298955,-0.910414899471153,-0.199111124801284,0.0538912026586409
-0.125083060004262,-0.878420610635811,-0.0631414992675664,-0.0814474802900108,-0.099224420999006
-0.0995981996400421,-0.201280110613345,-0.0626798925950561,-0.0758389848725685,-0.0835159367129519
-0.0870216948708516,-0.211833657654519,-0.0623949567007329,-0.0720550307241326,-0.0761423419486602
-0.0779629190290967,-0.170269611488547,-0.122062573980369,-0.0690538188109751,-0.0709431136211379
-0.0728623018787979,-0.136219646432705,-0.127262776169226,-0.0668934343627016,-0.068038592662761
-0.0693940613093102,-0.114509521514998,-0.0618754037180876,-0.065228071119354,-0.0660339322467738
-0.0673305497165139,-0.0983733566099179,-0.0618754037180874,-0.0640280156187925,-0.0648999459488359
-0.111790261205612,-0.0890119596494925,-0.0618754037180875,-0.0630903403811375,-0.064026715594311
-0.0646999957024596,-0.0728815207465452,-0.0618754037180875,0.140008676990249,-0.0633472694168581
-0.172027995304574,0.0484205043051457,-0.0618754037180875,-0.122294904595167,-0.0628977129567773
-0.0632838285906643,-0.111184027570514,-0.0618754037180875,-0.0977705081010118,-0.0625248589781042
-0.062785441523369,-0.0917970811328722,-0.0602014949683098,-0.359147493192763,-0.0622947797599493
-0.0623210433486037,-0.0816589943120016,-0.0624093255521473,-0.0819930061563574,-0.0620806944020256
-0.0621956402424641,-0.0740389411495475,-0.0621784648964556,-0.0756616721507144,-0.0619769726709787
-0.0618754037180875,-0.0697861112511489,-0.0620712171806235,-0.0712524845690466,-0.0618754037180875
-0.0761842149179835,-0.0666438231660635,-0.0619981380848813,0.215683152435295,-0.0618754037180875
-0.0618754037180876,-0.0652946525193896,-0.0619581055803569,-0.392059487177772,-0.0618754037180875
0.216441107639085,-0.0643225141103567,-0.423839416742975,-0.130053218947538,-0.0645796469081676
-0.142581190315191,-0.0635597177972129,-0.0619334586078817,-0.637305834169672,-0.0618754037180875
-0.110739047123354,-0.063054632797009,-0.0619169088543159,-0.233591388305448,-0.0618754037180875
-0.0947578664145262,-0.0626251522959577,-0.061903884302845,-0.181380309212461,-0.0495902821007158
-0.399759565673976,-0.0623547650258103,-0.061895401209121,-0.148232907162526,-0.0657798141834648
-0.0882018676263939,-0.0621101489386509,-0.0617598225787481,-0.123246637076361,-0.0640974693197946
-0.079294145941316,-0.0619878492722836,-0.0619245324190619,-0.105998432027551,0.178864239347427
-0.0744300116025738,-0.0618754037180875,-0.0619026401405543,-0.092936345339028,-0.134344465795144
-0.0707344963899517,-0.0618754037180875,-0.0618923912278284,-0.0847468749932905,-0.105539637544909
-0.0679810111073511,-0.50376806690468,-0.0618848069834771,-0.0777932381764463,0.0811244025440504
-0.181742945620923,0.182800427506369,-3.31273325009961,-0.0726982615508588,-0.130372009656052
-0.0650073348459064,-0.133659981093896,-0.0619853620020967,0.0953017703020708,-0.10480771310362
-0.0640393092349807,-0.104928866236935,-0.0619553455217767,-0.076167394574514,-0.090944966268622
-0.0629684661452028,0.0817183517072404,-0.0619325575209189,-0.104443789494327,-0.0813675517145624
-0.277713158852079,-0.485099319427563,-0.0619146228449252,-0.0837933577468804,-0.0674286455426694
-0.0620302637888335,-0.123460071172801,-0.0619029414709772,-0.0809262704840913,-0.0736893788019247
-0.0619753616049086,-0.104237651596806,0.122334778252742,-0.19462942828444,-0.0700518626816539
-0.0619243229210776,-0.0905921375480386,-0.117078788109422,-0.0616297691472552,-0.0674848916423875
-0.0618996039957976,-0.0820717068572354,-0.0946061997382089,-0.0716064663772015,-0.065623691986809
-0.0618754037180875,-0.075778234775693,-0.0836014726013942,-0.0684307541015769,-0.0643120607711453
-0.0618754037180875,-0.10589715856601,-0.0757339495609644,-0.0663561814054089,-0.0633804192346165
-0.143925330096175,0.0861860069354995,-0.0713222034246245,-0.0122414278616852,-0.062733230782051
-0.670258179017321,-0.00351914457938859,-0.0598225216167528,-0.080349863743583,-0.0623406061386466
-0.0726075491532202,-0.132734491526905,-0.0702442657621304,-0.0726784644588588,-0.0621330209725567
-0.0658846419333134,-0.107161524791874,-0.0667621324010411,-0.068843956493363,-1.72835427244777
-1.05924936359931,-0.0916289029226855,-0.065180068184419,-0.0662237885650676,0.0807741693749375
-0.0664848234054267,-0.0815178650187668,0.229443494893016,0.0744024228156586,-0.105432528918053
-0.0649864908403138,-0.122088091717337,-0.147735440579784,-0.190955181067409,0.144575272501378
0.0636226652106696,-0.0715016818070584,-0.114189123358276,-0.0903687424036229,-0.144546644670487
-0.0916564388753019,-0.0689743167791223,-0.0971114443204589,-0.0808112546722263,-0.666481902780135
-0.0890336923379502,-0.0670185489706151,-0.0845852115175843,-0.0739807865281602,-0.122971947923479
-0.0795981105307361,-0.067628815199519,-0.0773740711967487,-0.0701309243532208,-0.102719949152252
-0.0731897994215469,-0.0642140328667308,-0.0705264309863112,-0.067440875008815,-0.0908193127587167
-0.0694951326490297,-0.0633749116522061,-2.3259295981507,-0.0659160731883924,-0.0820861566326434
0.0520897201661437,-0.515839874988528,-0.119754270395339,-0.0647299158172392,-0.0766414629231589
-0.101724443765574,-0.062539174458008,-0.103416939467853,-0.063820418139141,-0.0725262700977448
0.0863705513478521,-0.0620681740951491,-0.0918951595477437,-0.0632099130136142,-0.0694653893375839
-0.127621101668983,-0.0618772755153632,-0.0814232370395502,-0.375852822884081,-0.0962768943640453
0.130497852108987,-0.0618767179608214,-0.0747260614640566,-0.304538767175647,-0.0650503203108392
-0.153421687850293,-0.0618762379368893,-0.0683960152589428,-0.062377844488616,-0.06385916207501
-0.119507393832374,-0.0618759421149886,-0.0652326215084062,-0.0621293754510728,-0.0627340066340339
-0.101521465925876,-0.0618756671890171,-0.0621334243036464,-0.0618896684151347,-0.0623004108333073
-0.550495012437002,-0.0618755340521369,-0.0620566068982049,0.0914222396356465,-0.25044339737033
-0.091186827381404,-0.966782583729823,-0.0619904397958825,-0.108304156623911,-0.0618754037180876
-0.0824285483213119,-0.2119950961525,-0.0619496538874536,-0.0892102008403492,-0.0618754037180874
-0.0767374267441104,-0.0618754037180874,-0.0619117409165201,-0.0799385196018916,-0.0618754037180876
-0.0725234175555517,-0.0618754037180875,-0.0618933795224876,-0.0733642101008942,-0.0618754037180874
-0.0689933957679102,-0.0618754037180875,-0.0618754037180874,-0.0696912517654143,-0.0618754037180876
0.126415565700494,-0.0618754037180875,-0.0618754037180875,-0.067164809689855,-0.0618754037180875
-0.122061721142102,-0.0618754037180875,-0.0618754037180875,-0.0656230108092563,-0.0618754037180875
-0.0978403090092016,-0.0618754037180875,-0.0618754037180875,-0.0488842921177643,-0.0618754037180875
0.110188772178872,-0.0768415540766217,-0.0618754037180875,-0.431527900643862,0.000970913015085477
-0.0773281601146321,-0.319062068285546,-0.0618754037180875,-0.067924089120853,-0.0815069157493903
-0.121850490002655,-0.0618754037180876,-0.0618754037180875,-0.0657802174492629,-0.0716859449435272
-0.101350556840554,-0.0618754037180875,-0.165332912083951,-0.064353765954513,-0.0696206056537138
-0.0882720412123388,-0.0618754037180875,-0.0618754037180876,-0.0634028438155118,-0.066828291375036
-0.0799051421220538,-0.0618754037180875,0.0401480536404348,-0.0628351565612915,-0.0652151699372067
0.207909985442566,-0.0618754037180875,-0.0933194008746371,-0.0624342366548669,-0.0641184978080512
-0.150820826989462,-0.0617718727927021,-0.0801656738394429,-0.778955734458273,-0.0635020053741956
-0.117139015199417,-0.061908444338256,-0.0738705034488805,-0.0624372049323806,-0.0630363420519056
-1.07362590297861,-0.0618941506546702,-0.0694666487841038,-0.06226985681115,-0.0626747916167436
-0.128049900530605,-0.0618875136282135,-0.0670227598852871,-0.8280118978992,-0.0624376164686122
-0.108784450693341,-0.0618829929821629,-0.0653511349399913,-0.0622228244761752,-0.0622339960036309
-0.0942632046112395,-0.0618805170845156,-0.064409692490181,-0.0620454686604624,-0.0828731279593068
-0.184892942555237,-0.0618788416557471,-0.063691095641797,-0.0619592417021283,-0.0619938021657522
-0.0805557341407486,-0.0618779029355073,-0.0688462831145288,-0.0618754037180875,-0.0619353487342226
-0.0744464916943441,-0.0618771903964972,-0.0627574743780704,-0.0618754037180875,-0.699021815873352
-0.0706771431551877,-0.0618766296854388,-0.0624357035786217,-0.0618754037180875,-0.0618781822303233
-0.0675027870963002,0.0186320877113623,-0.0622371824433374,-0.0618754037180875,0.242490896343331
-0.0655241477759467,-0.0868728207562472,-0.0620524920787209,-0.0618754037180875,-0.614407696381346
-0.0636658226479727,-0.534844290203766,-0.0619630175341419,-0.0618754037180875,-0.244427974433644
-0.0627622761810906,-0.0768746303725685,-0.0618754037180875,-0.487876467174173,-0.19132389169676
-0.0618754037180875,-0.0716123677446797,-0.0618754037180875,-0.2032503079281,-0.153845872762065
-0.0618754037180875,-0.667847120174804,-0.0618754037180875,0.00428404444054582,-0.126656137169119
-0.0618754037180875,-0.0698479946267702,0.180135130879762,-0.101429822595904,-0.171396872348125
-0.0618754037180875,-0.067711241736349,-0.132943711396361,0.135975290663483,-0.0977737833950563
-0.0618754037180875,-0.066068382613471,-0.474133792236366,-0.131053509526122,-0.088553259610211
-0.0618754037180875,-0.0647627054288809,-0.103497383045951,-0.13176044770063,-0.0809557860360534
-0.0618754037180875,-0.0639076511937874,-0.0888711606490846,-0.0908522009082158,-0.0753505669561111
-0.0618754037180875,-0.0631675224928554,-0.0804838343009267,-0.0806209535688443,-0.0709408335483476
-0.0618754037180875,-0.0627102116953839,-0.0745841512892385,-0.0748243236590019,-0.0677235851545814
-0.127598657004578,-0.420467216332094,-0.0712164797787364,-0.253539140190942,-0.0651839902428093
-0.0618754037180875,-1.21347895337757,-0.0908958246584959,-0.0696246240808723,-0.0635065830417888
-0.0618754037180875,-0.310404695053205,-0.0666258532002653,-0.0674399329037261,0.155125588210727
-0.0618754037180875,-0.232247078499972,-0.0652243621380338,0.138199341637673,0.0696334159646586
-0.0618754037180875,-0.218666255852034,-0.0640069947531414,-0.124840045030064,-0.375405010400815
-0.0618754037180875,-0.171521442153876,-2.43711181041062,-0.817545106514536,-0.136060887436677
-0.0618754037180875,-0.154025358166285,-0.0691490075763686,-0.114048353421292,-0.834672416286152
-0.16550274935958,-0.136307758672014,-0.0654524336522299,-0.0956616874387936,-0.132974662720236
-0.0713561609486398,-0.11451487042264,-0.0618884044690525,-0.0851249124136185,-0.112754754752517
-0.0618754037180875,-0.101334377502636,-0.0575186455883968,-0.0774854893196459,-0.0700845618591995
-0.0601968987526609,-0.0904771094055297,-0.0552815174094605,0.0447842540646305,-0.097899969296588
-0.0624107907559201,-0.080598317202928,-0.125765229279888,-0.105741093473766,-0.0867045355895048
0.108233970693541,-0.0737613099854168,-0.0639550727979414,0.148055537486814,-0.0791808811686983
-0.211400162296494,-0.0683595367389227,-0.0632107135557798,-0.146662755832593,0.0410721477678451
-0.0955027889643772,-0.0652378639611891,-0.0627292635342008,-0.114366671906014,-0.104026508416604
-0.271723544551118,-0.0622832215869374,-0.0624508289417351,0.138024673769208,-0.0869105222036276
-0.0791073654106901,-0.0621103739120701,-0.0622708880208961,-0.151350438400082,-0.0779336389066334
-0.454163247420781,-0.062015570319568,-0.0621616371489525,-0.11833674331929,-0.071639634727864
-0.0736067976822198,-0.0619308205362609,-0.0150292215802173,-0.10038887969223,0.108972157904971
0.116870239241946,-0.0619086310880307,-0.0767870727449922,-0.0877151706404486,-0.118805912107092
-0.123383714595705,-0.0618899431655301,-0.0704516783008569,-0.0799537820003279,-0.0871193737239721
-0.0992039653244798,-0.061884095598686,-0.0674538663238905,-1.09440004891304,-0.0876977755529885
-0.0869732813685029,-0.0618808438638282,-0.0653859824973419,-0.0869352374758926,-0.0783277521760209
-0.0779526646674171,-0.0618778537706021,-0.0642409942566147,-0.0794467675119283,-0.0730963643075596
-0.0728027718882711,-0.061876984960841,-0.0519671356496125,-0.0738492466982715,-0.0693869563060598
-0.0690723231154326,-0.0618761775186441,-0.0600131992749075,-0.0696373405378901,-0.0672835094281809
-0.0670050731083051,-0.0618757865026266,-0.0668839610388407,-0.0666593557924311,-0.0656494301370126
-0.312939479323481,-0.0618754037180875,-0.0649891876524425,0.115337437891439,-0.0644491951553636
-0.0656899347512427,0.108362021510337,-0.062469815536644,-0.118230710427684,0.122974156742792
-0.0644612942327243,0.0781140067260422,-0.0636419448682455,-0.283327533693536,-0.118714162140738
-0.436975175589992,-0.145468732127846,-0.0630108726601346,-0.0876316091884021,-0.224171987244369
-0.210475147305798,-0.114825727910348,-0.0626239789449489,-0.0783614388189879,-0.0873664762318264
-0.0628041140980764,-0.0972682852923696,-0.0623813220248521,-0.073138270128037,-0.0815689278924218
-0.0623700157193161,-0.0852824605054895,-0.0621990926910512,-0.0695198329174556,-0.0731383619025359
-0.0619713618124711,-0.0779490385936456,-0.062098776025593,-0.0674694364358929,-0.0693580156841242
-0.0525605643575745,-0.0731377363669637,-0.385082963130835,-0.0658938115404585,-0.0673437350922245
-1.71385111715223,-0.0700930243569446,-0.0620130483453737,-0.0646420866382391,-0.0658030903012267
-0.0709103067373581,-0.00681385874546624,0.195151526383344,-0.0638225524960872,-0.0645794174233112
-0.0677533201657581,-0.0849626643972504,-0.13702039608204,0.143321094191596,-0.0637783451626433
-0.0655788041248531,-0.0756532979180253,-0.107157352313237,-0.123940308287655,-0.063085180665664
-0.0643651776794973,-0.0708565768950535,-0.0922503383697318,-0.0988256226168719,-0.0480758957771587
-0.0635466463610432,0.0608325802153058,-0.0813915749113596,-0.0864361299353673,-0.0668847728220109
0.0380543288245695,-0.104369261520364,-0.0752421428937564,-0.0774672887928324,-0.0647011692687604
-0.0127634568438706,-0.0870192909182262,-0.0709628807639466,0.0894424504097025,-0.0635833278616668
-0.104731681542998,-0.0785100577987908,-0.0685337739352318,-0.117218949318127,-0.0629472356548545
-0.088502647131764,-0.072572218671997,-0.0578042626442939,-0.0957608054962578,-0.062598208301232
-0.079230748703104,-0.0691606299207856,-0.0679724171897295,-0.0847335248433078,-0.0623616683398383
-0.0732606052140326,-0.620591608314563,-0.0657954312771648,-0.076686096505078,-0.615831042198296
-0.069582910042874,-0.0680885310350831,-0.0643897653867593,-0.0720503661953995,-0.285713521253702
-0.0672624621520937,-0.066301296175027,-0.0634819479287205,-0.0687086115592834,-0.157825513510369
-0.0657510319306756,-0.0648510768751582,-0.0627835368562203,-0.0667802376478255,-0.120769193966116
-0.0646042262091425,-0.0639324780736738,-0.0624035407941302,-0.0652318216957299,-0.10184565571016
-0.063771664137839,-0.0631264528529018,-0.0620916603513854,-0.147771905218049,-0.0877679651013629
-0.0631510684071788,-0.062683650219562,-2.85531413932244,-0.0634539617937391,0.179018613107228
-0.0626917872004199,-0.0622711667895359,-0.0636101715183445,-0.424143308702208,-0.147503763045873
-0.0623476396310603,-0.062071238051031,-0.0630952329723336,-0.0628055741105135,-0.115617299355706
-0.0621074969881864,-0.0618754037180875,-0.0626504652247571,-0.0623309089790421,-0.0987468161167516
-0.0619480077578341,-0.0525033070570017,-0.0623759398657282,-0.0621008101775996,-0.0860460020651896
-0.0618754037180875,-0.0648569661111591,-0.0621204382694845,-0.0618754037180875,-0.0786131020296759
-0.0618754037180875,-0.0635710315017305,-0.0619966398193217,-0.0618754037180875,-0.0731785400659712
-0.0618754037180875,-0.674254829317877,-0.0618754037180875,-0.0618754037180875,0.198411316729494
-0.0618754037180875,-0.304729342478106,-0.0618754037180875,0.0112801470025923,-0.144601720432553
-0.0617648069280469,-0.231636418502813,0.123458187226014,-0.0829628178004381,-0.423278094358137
-0.0619106992370652,-0.232832230006969,-0.117378977384425,-0.480288734659716,-0.613913851745772
-0.0618954300983997,-0.155079662930103,-0.094793019773429,-0.0752327394354393,-0.113048592442207
-0.0618883401207911,-0.143840703610602,-0.0837296996344146,-0.070347325695497,-0.0977944403410459
-0.0618835109493783,-0.111133497581436,-0.0758188391362021,-0.0676097082711745,0.0473450248374907
-0.0618808660741031,-0.0992589104852181,-0.0715163449200691,-0.0657496521406559,-0.118948175336762
-0.0618790762976298,-0.0915330583203577,-0.0683182847732428,-0.0646941060098221,-0.0979013918916671
-0.0618780735095545,0.0920563374564895,-0.0814170554911534,-0.0638964186865873,-0.118457306942587
-0.0673574283106029,-0.126238224525277,-0.0932745998849372,-0.208961553808836,-0.0786921412319588
-0.061876720555934,-0.101177042731699,-0.0643037380529844,-0.0630057987700048,-0.0731258327412957
-0.999043490875929,-0.0885745652907286,-0.0635839349625207,-0.494576174492759,-0.0694045693924392
-0.0618769018837694,-0.0779166517892415,-0.0629614134230586,-0.0625918840471167,-0.210023462182568
-0.0450480716844823,-0.0723478368797475,-0.0625769303407197,-0.0622301153566135,-0.0656852473168506
-0.0672159000610325,-0.0680768355961977,-0.0622188834079223,-0.91445498470864,-0.063953792228415
-0.06491816853694,-0.0664078000091962,-0.0620453601693012,-0.061884579200863,-0.0619458015321704
0.166950494101254,-0.0651282235821404,-0.0618754037180875,-0.0618754037180875,0.171763628479659
-0.122280659419352,-0.0641135286171985,-0.237643629613794,-0.0618754037180875,-0.371414031817021
-1.64438571422839,-0.0634498517711455,-0.0618754037180875,0.201817175217741,-0.115460552335367
-0.206390217272857,-0.0628760750678657,-0.0617731667183479,-0.138730139685112,-0.113465899292853
-0.164875683184582,-0.0625217591504372,-0.0619080314121891,-0.108259645346931,0.0797779636004933
-0.136671293317222,-0.0621918576225513,-0.0618939163583194,-0.093023512393794,-0.12615062383534
-0.116461721151307,-0.0620319844350343,-0.0618873622780999,-0.0819020815240051,-0.101859468246645
-0.103261948658496,-0.0479748203874838,-0.109616053444115,-0.0755983031576833,-0.0894269269980511
-0.0924904357501556,-0.0662908020444529,-0.0907339048188458,-0.071208882959937,-0.0802191823831206
0.105865382402184,-0.064389290280697,-0.0618790689128131,-0.0687154823116451,-0.0744971174245799
-0.0318301987415145,-0.0635026335002622,0.2213419210425,-0.446914987748374,-0.0705666252554014
-0.147473326348949,-0.292360048106273,-0.148978764622235,-0.0668358161177786,-0.478914502259786
-0.117289377837102,-0.463502680341327,-0.111830384355323,-0.0653730084300936,-0.0683237574889254
0.100054590510498,-0.0627456900259916,-0.0955236485580503,-0.0641018783320468,0.0943459883917706
-0.141505061315997,-0.0625085344185256,-0.0835546011710781,-0.0633149848752087,-0.112742032577942
-0.111487360595223,-0.0623282706577254,0.208384786044054,-0.0625806355395186,-0.091856671350143
-0.0959751468875763,-0.062186266208572,0.0912992661727395,-0.0622244523502562,-0.0817303117898792
-0.084814721427742,-0.0620937266304337,-0.181052669092428,-0.0618754037180874,-0.0743985697257164
-0.206529421691813,-0.0620140093078967,-0.140929405561763,-0.0618754037180875,0.149828838684416
-0.0743835252995522,-0.0619648685911322,-0.11603498507763,-0.0618754037180875,-0.131785687278277
-0.0708315844013021,-0.214987884247783,-1.19012111149226,-0.0618754037180875,0.105680241478703
-0.0681129516559165,-0.0619006459900315,-0.21735085590422,-0.673905077432882,-0.149171970099799
-0.0659783962465329,-0.0618754037180875,-0.174226043109291,-0.0618754037180874,-0.116738674556399
-0.0645437884432704,-0.0618754037180875,-0.146489122748369,-0.0618754037180876,-0.127446361383704
-0.0634036016766363,-0.509755285827078,-0.122618191946764,-0.0618754037180875,-0.0874279644438011
-0.424955618668702,-0.0618754037180875,-0.105043184482364,-0.0618754037180875,-0.0798508117206827
-0.526898903899875,-0.0618754037180875,-0.0920466966970599,-1.21709654464781,-0.0742860903194725
-0.062365059101653,-0.0618754037180875,-0.082691589284657,-0.0618754037180875,-0.0707674581104976
-0.0618754037180875,0.0944042581353793,-0.20128135933543,0.100595164036811,-0.0681504355917229
-0.0618754037180875,-0.109149923105322,-0.0708941385217065,0.0957639786906459,-0.0661023481243865
-0.0618754037180875,-0.0897262025858275,-0.0667303606400739,-0.14828979649757,0.0944835891860624
-0.0618754037180875,-0.080287161573014,-0.0640947519403069,-0.116540007875366,-0.393609657104235
-0.0618754037180875,-0.0735891291118261,-0.0633103687075966,-0.0984995569610957,-0.101035406157506
-0.0618754037180875,-0.069845713446511,-0.0625783717213863,-0.0860711953719653,-0.0876796258116198
-0.0618754037180875,-0.0672701027538886,-0.0622233313033962,-0.078502846806053,-0.0783212275250721
-0.0618754037180875,-0.0658154310035906,-0.0618754037180875,-0.073504525132673,-0.0713676251701136
-0.0618754037180875,-0.0647016503835979,-0.0618754037180875,-0.070367574154436,-0.416698523254079
-0.0618754037180875,-0.0638193212120523,-0.0618754037180875,-0.0679098206145033,-0.0700444763946933
-0.0618754037180875,0.237992053661821,-0.0618754037180875,0.192131029432125,-0.0677284631403005
-0.0618754037180875,-0.149234292354543,-0.0618754037180875,-0.139656216311579,-0.0658957643151065
-0.0618754037180875,-0.133845445371063,-0.0618754037180875,-0.109031040470873,-0.06470318013433
-0.0618754037180875,0.107022341849274,-0.0618754037180875,-0.0934825210691301,-0.0636787184092416
0.173750560348407,-0.143369774877316,-0.0618754037180875,0.175863186928403,-0.0630471391217375
-0.131222242865529,-1.34626326752872,-0.0618754037180875,-0.148590921166818,-0.293110457689051
-0.10347068155536,-0.188201941283098,-0.0618754037180875,-0.733552392826637,-0.166843597013572
-0.0889722679257554,-0.154209674981228,-0.202954759744509,-0.153491152885106,-0.126504329591265
-0.0801525683454701,0.0125801626607362,-0.0832928730729013,-0.110501953873765,-0.105958759397364
-0.0743320447700985,-0.149148817181958,-0.0742342805901053,-0.0961383134665419,-0.0905270123053438
-0.0702295618395037,-0.123054513034151,-0.0699406856144146,-0.0857825555421551,0.096650458255549
-0.0680829181387518,-0.105021725269856,-0.0669632137204407,-0.0791945429876171,-0.042127020462829
-0.0663275753789058,-0.0911179285389707,-0.0653180150091777,-0.0742368239170658,-0.0727839286973528
-0.0649401002670489,-0.0814936381069634,-0.0641966912845527,-0.0699792558363042,-0.157762768781617
-0.0640331380288606,-0.613497793621255,-0.0635662532756878,-0.0674970622477677,-0.126218036831347
-0.0632506017612476,-0.0754550168807429,-0.0617004157284529,-0.0651587639838211,-0.105861806311056
-0.0627651262520416,-0.0702394817953216,-0.0631480779307662,-0.0640001992521591,-0.091848144459173
-0.0623156332242766,-0.0670474466168572,-0.0627102806539903,-0.0629182611036847,-0.0828741113966569
0.154955842286414,-0.0644146576967573,-0.0624085220267903,-0.0623928456041413,-0.0766790109252356
-0.163488325524928,-0.0634918870264551,-0.062216586827794,0.217467543870699,-0.0723740853559286
-0.101772798720374,0.0203543770243999,-0.0620611822594391,-0.142852447707978,-0.0690166733757288
-0.0885199263212487,-0.0873830663262496,-0.061979505950027,-0.110914552610487,-0.0680738998614093
-1.09068467371474,-0.0773334780178925,-0.0602725919428979,-0.0948809651566876,-0.352884314843412
-0.155004746812643,-0.0718111419138463,-0.0624212961941669,-0.0831292165716061,-0.0644950742825357
-0.0900490759581526,-0.067202857980074,-0.0621881080587929,-0.447562686051803,-0.063299214586672
-0.0821553620201279,-0.0664249086285806,-0.0621743438305528,-0.244731814208757,0.188551153379202
-0.0764530224702997,-0.0638908507148818,-0.0620027291884425,-0.185831176193393,-0.304224685736092
-0.0731476543942672,-0.0643985132494636,-0.0619609916087435,-0.1520396229583,-0.114453665414606
-0.0689555403051759,-0.0636251355899022,-0.0619320864813717,-0.123526067031297,-0.0973699913564342
-0.0664225683428363,-0.11812031406137,-0.0619160735981019,-0.105904430827071,-0.0847793858130155
-0.0648604567599472,-0.0627512270529634,-0.0619036606786606,-0.0923771014174657,-0.0776083625739831
-0.177749931650808,-0.0624386739746292,-0.0618947932646529,0.0670435750993483,-0.0725941985207368
-0.40613919443637,-0.062242181120998,-0.397058677763385,-0.121927607470579,-0.0697401921319395
-0.105676564612665,-0.0620677240979973,-0.0618874863831851,-0.0991561896791706,-0.0675360499369677
0.152334298668826,-0.0619788296651827,-0.0618832018276876,-0.0868683103901679,-0.0657781907335216
-0.677019887594103,-0.0606078699413489,-0.0618792198364354,-0.0779179532596719,-0.209613380881824
-0.156919961505769,-0.0622983346380049,-0.0618772914841433,-0.0727065024803046,-0.0638976938378769
-0.128998685030361,-0.0621157827162757,-0.629188076936585,0.133954424577124,-0.0631827444817566
-0.107843399981365,-0.0620304488060044,-1.55990260378123,0.0597351018094424,-0.0625157895988316
-0.0945460764721861,-0.061971545887213,-0.0618754037180875,-0.151390989205618,0.201808748210719
-0.0845712177165729,-0.0619398607518016,-0.0618754037180875,-0.119425623633025,-0.351134653140733
-0.0785601173142721,-0.0619181398282068,-0.0618754037180875,-0.100546563317345,-0.11961923988446
-0.0736482439880753,0.188352126414893,-2.14355594222152,-0.0875974006699758,-0.42371808869998
-0.0699278463896324,-0.135174378093577,-0.0618754037180874,-0.0795498972687191,-0.0970414359328889
-0.0672066397652518,-0.10598654684375,-0.0618754037180875,-0.0742175388331893,-0.0862858844726026
-0.0651575190204955,-0.0914406439264835,0.164413180663041,-0.0708243429383234,-0.0786290731666939
-0.0637325201332637,0.102219026507056,-0.128690127319732,-0.0681278438860364,-0.0176740046642036
-0.0627856148735308,-0.128170304314341,-0.101868770788843,-0.0662282164891987,-0.0881683119059997
-0.0562527174472815,-0.102795613151356,-0.088586555356919,-0.0648245096251814,-0.0781474007924457
-0.06380982244359,-0.0898966476831707,-0.0719613666722813,-0.0637637731925759,-0.0728704816488418
0.152714388894698,-0.277221247054015,-0.0757517091288509,-0.178639672191284,-0.0688627228469047
-0.126405304137295,0.131720156945233,-0.0710744375087631,-0.25952953634995,-0.0665330609798303
-0.100466625357317,-0.133196553678359,-0.0685103983502428,-0.0621254251874951,-0.404213247869327
-0.0876308463249566,-0.106047675421277,-0.066571099978685,0.0584827814184361,0.16007278730801
-0.0783737024286945,-0.091858143862029,-0.0651036408262711,-0.0987371171294422,-0.129438355880112
0.0409963546906359,-0.0812306001884557,-0.064029245742753,-0.0834103233987175,-0.102492652030282
-0.103989567592233,-0.0751183731931302,-0.0549299360380884,-0.0760367083464047,-0.0822155945581586
-0.0877416631992889,-0.0706348942901715,-0.0655317836409303,-0.0708535062530562,-0.0840151033836528
-0.0793173058375636,-0.0681894256563532,-0.0639077982332551,-0.0679702518655691,-0.0750364652122385
-0.0731924769164143,-0.0662306208129397,-0.0631337036908127,0.199449289275364,-0.0707393720713835
-0.069647887024574,-0.695765610788657,-0.0625398469457897,-0.38541477690642,0.184197039504133
-0.0670611747675537,-0.065484637974159,0.255482009614715,-0.124405564626763,-0.139517784460819
-0.0655623394859655,-0.0641731486548749,-0.153010175017199,-0.104551957094776,-0.109232295135159
-0.0643415296793216,-1.08156658669079,-0.0486464435967701,0.162013867997939,0.0291920305048785
-0.575336308265217,-0.0638916199941388,-0.119289954045037,-0.494783728734525,-0.118437574260098
-0.0635597006903334,-0.0628742921710505,-0.0982346886277435,-0.142425509260819,-0.394316857772824
-0.0629459879338691,-0.0618754037180875,-0.0867649619746541,-0.109496666382787,-0.094231630038549
-0.0664575561684623,-0.0618754037180875,-1.84009029207345,-0.103092100582352,-0.0838304900244278
-0.0622153179917415,-0.392302449832204,-0.133831123873893,-0.0902900803612084,-0.0771356264375561
0.00511795024113266,-0.0640345690585409,-0.115589699424214,-0.0815888208077802,-0.0723502655059874
0.187785598629771,0.0393981446795554,-0.101167484730919,-0.0759067485527927,-0.270473269014208
0.00908055444209988,-0.0930963191042025,-0.0905508595373996,-0.0717909790057559,-0.403876924549722
-0.159087051453732,-0.0800326722127364,-0.00414883253601325,0.0677683794541578,-0.264209335315291
0.0113914566987738,-0.0737819581470054,-0.0980105271192631,-0.107393436121651,-0.0669630565096076
-0.14256739941044,-0.0222263311929615,-0.0826429589671075,-0.0886317548470278,-0.0648997960494676
-0.0535515768097099,-0.0816391931558033,-0.19935060267436,-0.079553084100026,-0.063411385410361
-0.11553803386979,-0.0726397168714922,0.0360809272553877,-0.0729257775538483,-0.0626534428676195
-0.0972237028626064,-0.0702854341616854,-0.0990258617472788,-0.0692591970587381,-0.0622813786521302
-0.853211562965897,-0.0673791396327296,-0.0837540988377213,-0.0666309903944103,-0.0619281982562694
-0.0987309083047569,-0.0656169700512374,-0.0765027109642882,-0.375144199926892,-0.0619137844759911
0.0195906010930822,-0.179634786995388,-0.0713409494904755,-0.0652565803087484,-0.0619028427799322
0.0318258067484337,-0.0650749810362079,-0.0683228777064504,-0.0641941292499252,-0.0618942320205548
-0.134264506233988,-0.0632591662113924,-0.235388722155915,-0.0635066637806806,-0.0618886238018723
-0.129305015821642,-0.0627494931572411,-0.0569850221549407,0.0945867209303793,-0.061883795280387
-0.0928338711545084,-0.0638334235340177,-0.0672218096711818,-0.563820205089616,-0.0618808195864647
-0.0819237705614429,-0.0621804353663538,-0.0651615636671432,-0.106927036850696,-0.53877726748194
-0.0751009553501888,-0.0635534304073324,-0.0640642281311793,-0.0920189509585079,-0.0618775159454338
-0.0709482673359798,-0.0619739687923757,-0.0632032107999879,-0.0810824880033095,-0.0618754037180875
-0.0681487670174238,-0.0619252239773644,-0.0627513424429591,-0.0750275368120673,-0.0618754037180875
-0.0662698941314467,-0.0618776217518178,-0.0623828044347991,-0.0708163721060893,-0.0618754037180875
-0.0648363203090237,-0.0618765009387198,-0.0621934927538959,-0.0556637980029554,-0.0618754037180875
-0.341121542477417,-0.0618754037180875,-0.0620253123536319,-0.206016669178772,-0.0618754037180875
-0.0635778586763113,-0.0618754037180875,-0.0619782795603719,-0.0682239932492837,-0.0618754037180875
-0.0628933247729925,-0.0618754037180875,-0.0619476420171705,-0.066206545501619,-0.0618754037180875
-0.239333033624667,-0.0618754037180875,-0.0619212598141124,-0.0646203742453799,-0.0618754037180875
-0.135949957625173,-0.0636290159764826,-0.0619049999036837,-0.0636819149218769,-0.0618754037180875
-0.106249680607487,-0.0618754037180875,-0.0618898872770599,-0.0628951557248338,-0.0618754037180875
-0.0916228816459693,-0.0618754037180875,-0.0618825685349195,0.0496922982376507,-0.0618754037180875
-0.0809793007270358,-0.0618754037180875,-0.0618754037180876,-0.390556621968259,-0.0618754037180875
-0.0749557332362755,-0.0451889836334977,-0.0618754037180875,-0.136907276376368,-0.716212053781704
-0.0707670202034231,-0.0671706668600497,-0.0618754037180875,-0.113532238458341,-0.0618754037180875
-0.0683891580011163,-0.064892323281969,-0.0618754037180875,-0.0956649783567007,-0.0618754037180875
-0.0665581913252859,-0.0535741090945628,-0.0618754037180875,-0.085299386028172,-0.0618754037180875
0.154685858296181,-0.196756208484342,-0.0618754037180875,-0.0779244383265413,-0.0618754037180875
-0.128862186298854,0.094329188422641,-0.0618754037180875,-0.0736972365590912,-0.0601768652183481
-0.102113983820335,-0.182837716243443,-0.456673292581468,-0.0703996637034317,-0.0624171770889501
-0.0887551638586018,-0.572549997978409,-0.0618754037180874,-0.0677668179387819,-0.172304371135027
-0.078977445037506,-0.1489437018672,-0.0618754037180874,-0.0660327674245999,-0.0620972320166231
-0.0788775376928833,-0.122494271925809,-0.0617653905705455,-0.0645232933000494,-0.0620144469256892
-0.0696576955533029,-0.106447721857839,-0.0765103894264469,-0.0635880556307758,-0.061969096214063
-0.312307781688586,0.080999484405271,-0.0618956173922052,-0.0627145800852824,-0.0619384019061348
0.0686373440974631,-1.02194885196964,-0.0618884611086261,0.202551587409586,-0.0619212027645688
-0.106507966873859,-0.180223433501276,-0.0618835867731449,-0.139034430197852,-0.0619081464498951
-0.0885681364436862,-0.147204797634528,-0.0618809171617345,-0.237873009522494,-0.47183392474164
-0.0199461249699091,-0.120801374948107,-0.0600117450476759,-0.0974623279305404,-0.0703853447662015
-0.239222677055249,-0.101460626973825,-0.0626921223418353,-0.0849355803454426,-0.066737759154864
-0.0828420170775568,-0.0883660140218557,-0.0794401134056715,-0.0777143011514322,-0.0813473657020698
-0.0757818772442708,-0.0786365119426422,-0.0620990396542058,-0.0579877636485096,-0.0638879936024749
-0.0710569394217067,-0.073450712139867,-0.0620156815828743,-0.0743750000147797,-0.0632328067147319
-0.068272413599208,-0.0682453038447435,-0.05172947861602,-0.518916581539156,-0.0627874328097435
-0.0662388426033632,-0.0671394266729949,-0.0651953160975814,-0.0751564858432917,-1.14436859806335
-0.0650107850519289,-0.0652149727793865,-1.50534821911251,-0.0704944904666018,-0.0632762093849247
-0.064012463517113,-0.0640367428444851,-0.0672786718068607,-0.0674825592469813,-0.0628377312646494
-0.0633087139688792,-0.0629469358043701,-1.40061159000441,-0.69166551879565,-4.03987280636722
-0.0627625992049444,-0.0624158298639885,-0.070630266990227,0.0585104600901769,-0.08505996938936
-0.0624001539672701,-0.0619005356174553,-0.0677831882306916,-0.102214925099459,-0.0771290443696898
-0.0621257411586209,-0.0618936737577183,-0.0661697388709129,-0.105081996461863,-0.0694256037701274
-0.0618793800782261,-0.0618884650574158,-0.0649278518520313,-0.0776791230450838,0.0335268008018057
-0.0619738510575005,-0.0618843661187656,-0.0639683846001462,-0.0719380541434761,-0.0924664520932981
-0.121488236307815,-0.0618816965154985,-0.0633300611380207,-0.0687147151129838,-0.079657400221645
-0.401456617564424,-0.202383886757904,-0.0628018883787262,0.0777504462281987,-0.0735322280435275
-0.376551755504681,-0.061878370557381,-0.0624753487277605,0.116719412181123,-0.0692505209278396
-0.061887359713763,-0.0618768555788218,-0.604821880905153,-0.412235937327924,-0.308288888508605
-0.437673698279862,-0.0618761219265705,-0.0621309825409384,-0.136768132275614,-0.0661748686780848
-0.0618839129683419,-0.123741360421402,-0.0618820018367505,-0.113094567459192,-0.06501254560662
-0.278902998650844,-0.0654979439275846,-0.0618786676971379,0.103718620049731,-0.0641241745720577
-0.0618805895858419,-0.0657693082271569,-2.23958565187036,-0.141914323055634,-0.0634213739622971
-0.0618790448753469,-0.0632115563493144,-0.0618754037180875,-0.112819273391922,0.013165010026912
0.223628811456814,-0.0627136714084579,-0.0618754037180875,-0.0973552248437667,-0.0862028017872829
-0.144369854333284,-0.00760284675298512,-0.0618754037180875,-0.0855871419024815,-0.0759978326815778
-0.282508942166748,-0.0794184000110223,-0.0618754037180875,-0.0783102455263994,-0.0710372697065363
-0.428729863163187,0.0593624449961905,-0.0618754037180875,-0.0731402500307971,-0.0676320252716828
-0.0981218714145216,-0.10801363077565,-0.0618754037180875,-0.0697974561444474,-0.0657014461735755
0.12916432811563,-0.0894125989250625,-0.321359497246856,-0.441390678546154,-0.0589069348063285
-0.140776909655318,-0.0801896489264516,-0.188837891126223,-0.0668875482528459,-0.0655161540669029
-0.112079748706091,-0.0736471840644468,-0.141793652937712,-0.0650698247509146,-0.064224172540294
-0.0965137820952345,-0.069978991968623,-0.117116161430302,0.158013367659244,-0.0634496547739141
-0.0847254387918533,-0.0674096483776392,-0.0981172861521461,0.0698249601944109,-0.0629329604419893
-0.0777416086751542,0.118023905119398,-0.087055955711054,-0.155459129507924,-0.062563241232786
-0.0725254559143704,-0.119485944758868,-0.0791689341541612,-0.122000027124444,-0.0623270164416461
-0.0694659856933184,-0.0889718328552387,-0.0746373627616143,-0.120702289466487,-0.0621405768173948
-0.0669370066495201,-0.0871499451079719,-0.0710997252684929,-0.0324098444852548,-0.0620363225324913
0.0926947631316491,-0.0778856983939249,-0.0682544437108663,-0.0977432325288344,-0.0619416029678872
-0.111433416457164,-0.0727343321404846,-0.0663787449423796,-0.0851744594794908,-0.0619218866612454
-0.478685333191716,-0.0690890923575195,-0.0647444654508994,-0.0782208218583643,-0.0619049099697319
-0.0906545804459584,0.21168992080508,-0.0637314478693533,-0.072992180251437,-0.0618944472222026
-0.0801793962092168,0.0284029016895812,-0.0627849375664785,-0.0695637998067389,-0.0618847230118356
-0.0742940947905702,-0.15945323138287,-0.0623256387117118,-0.216499820689953,0.00574568311304531
-0.0701150768051636,-0.125675741066599,-0.0618754037180875,-0.182067032661556,-0.0691079276076498
-0.0679081424726749,-0.115196936323053,-0.0618754037180875,-0.137454631434549,-0.0783286448193536
0.0930751810765444,-0.093731884201491,-0.0618754037180875,-0.113706761330583,-0.0722946431877331
-0.112680405280538,-0.0835015297485763,-0.0618754037180875,-0.09560192859455,-0.0685104765166232
-0.0922632201657857,-0.710803976920035,-0.0618754037180875,-0.0837974335067636,-0.0662921015563812
-0.428331150975039,-0.0825674741638069,-0.0618754037180875,-0.078103929046432,-0.0648574236465504
-0.1476504831591,-0.797338904130024,-0.0618754037180875,-0.0736965784692478,-0.16121707874134
-0.105404876660242,0.0853778552530159,-0.0618754037180875,-0.0703604750713883,-0.0635667891585324
-0.101807145330314,-0.125613995711544,-0.0618754037180875,-0.0676740889700314,-0.0629264193694795
-0.0882468124706876,-0.0591129960595113,-0.0618754037180875,-0.0659643504594331,-0.0627345583025686
-0.0802694241408203,-0.0998103455821353,-0.0702649785433637,-0.0644819496336386,-0.0624311898840754
-0.0744424468658836,-0.0849659172576616,-0.0618754037180876,-0.0635647324770176,-0.0622328724655378
-0.0709798044943936,-0.579179557365553,-0.0618754037180876,-0.0627101295101579,-0.0620654480861402
-0.537972233050785,-0.0773104449571908,-0.0618754037180876,-0.627824100269093,-0.0619707478594475
-0.0688042411994665,-0.0729069956175588,-0.0600202548504434,-0.0618942084541611,-0.0618925885394175
-0.066430884360452,-0.0696559964509893,-0.0624670986741541,-0.0618873402411225,-3.05810344415281
-0.377911090876623,-0.0673188910547129,-0.21411350243742,-0.0621230730359351,-0.0618323362303355
-0.0640312120133818,-0.0657387394022864,-0.0621280262964292,0.0512476059068059,-0.0619316651826033
-0.0629637867817133,-0.0644033482105145,0.268608917785535,-0.0966103942479401,-0.0619112371484842
-0.0624351249966891,-0.0635618258778637,-0.15610834888165,-0.115186681839871,-0.0618059578147879
-0.0619191632809462,-0.0627944759143167,-0.1195834131923,-0.0756323444616877,-0.0619194855142625
-0.0618970514438339,-0.0632423981646361,-1.5829484198021,-0.0910023115823572,-0.0619004300011384
0.109628566727124,-0.0620035020644031,-0.178526319485153,-0.067915336183103,0.117543230046336
-0.113483331027658,-0.0619387775839722,-0.206774153287051,-0.0659569009522259,-0.115729734169222
-0.0923859826206209,-0.0618754037180876,-0.128812967856184,-0.0648529412893434,-0.0937730679082937
-0.0820906379460851,-0.0618754037180875,-0.113556459278362,-0.0640094740057602,-0.0830345249863603
-0.0734386909180437,-0.0618754037180875,-0.100523687709472,-0.173930388186112,-0.075367920777294
-0.0710603015877364,-0.0618754037180875,-0.0892770351528582,-0.0630273577075284,-0.0710699122957738
-0.0680537808508132,-0.0618754037180875,-0.0815685568074258,-0.0626072976433147,-0.0681051242170443
0.10578847984059,-0.0618754037180875,-0.0745731039193141,-0.0623480453676812,-0.606962131363402
-0.116679333540485,-0.0618754037180875,-0.0701568957848166,-0.062106777873064,-0.0674922790102343
-0.0947085601272723,-0.0618754037180875,-0.0659536338401189,-0.0619898798762744,-0.0657477553014321
-0.0837862659123906,-0.0618754037180875,-0.0638992985775278,-0.21009333396526,-0.0646031652976952
-0.0758713383950424,-0.0618754037180875,-0.0618760877690447,-0.37860334256259,-0.0636106875495892
-0.0713923080669417,-0.0618754037180875,-0.0551936104613808,-0.0687100929289212,-0.0629968572341589
-0.0682169487763582,0.0016004799180418,-0.0640035002409299,0.0938946770227967,-0.062424658772406
-0.0664425747496638,-0.0917154733476181,-0.0630848748368862,-0.112378486601704,-0.0621472212464449
-0.0650488336838523,-0.0734159212475538,-0.0626574182295366,-0.368756170375573,-0.0618754037180875
-0.0640584749703032,-0.0694015186464995,-0.0623657855283138,0.167531508191674,-0.0618754037180875
-0.0634100988897178,-0.0666209990108097,-0.0622059064190682,-0.150709899433155,-0.642571221884933
-0.614394663349062,-0.0650855363518268,-0.0620976754698423,-0.117662518879849,-0.0618754037180874
-0.0632157336905057,-0.116427861850878,0.193551868763897,-0.0999438736614725,-0.0618754037180874
-0.0624105175036245,-0.0635363923981974,-0.13667464354743,-0.0872067401611124,-0.0618754037180874
-0.0621402201594769,-0.211626252148167,-0.106954655191676,-0.0795292316660033,-0.0618754037180874
-0.0618754037180875,-0.0628230415927432,-0.0921176023568273,-0.0739649372645008,-0.0618754037180874
-0.484880897488879,-0.0625413035042875,-0.919283643451185,0.216600978003893,-0.119819256135214
-0.0618754037180875,-0.0622983149652676,-0.0929084025850228,-0.149956653738062,-0.0618754037180875
-0.0618754037180875,-0.0621484414327132,-0.0832857099050241,0.0622315615965181,-0.0618754037180875
-0.0618754037180875,-0.0620090450909907,-0.0777266216553331,-0.358009042755159,-0.0618754037180875
-0.0618754037180875,0.237214701916167,-0.0308098651205379,-0.428011304715633,-0.0618754037180875
-0.0618754037180875,-0.356807961762008,-0.0829817027835807,-0.125348177248847,-0.0618754037180875
-0.0618754037180875,-0.126818516353573,-0.0751099123874245,-0.104769880295276,-0.0528765790685654
-0.0618754037180875,-0.116709678212755,-0.0704560441562774,-0.0926567085082122,-0.0647385805315783
-0.0618754037180875,-0.0909886584216822,0.122551945454284,-0.193574024575164,-0.0635035537510393
-0.521272410602078,-0.0819797867640728,-0.121535275000273,-0.0792675935440807,-0.0629285303398955
0.00870900267000544,-0.075623253805923,0.088682809420279,-0.0744018459455716,-0.0625359559910262
-0.0838657210401305,0.0791284416922776,-0.138205399131446,-0.0702908452400161,-0.0623207028216099
-0.0745706190743672,-0.65993578647694,-0.109295266127421,-0.0676354618497034,-0.0621749078232371
0.0983546626956105,-0.919179914355898,-0.0941499558456358,-0.0652315048782935,0.202162588355409
-0.117283380698384,-0.00550974183796994,-0.0831060006484071,-0.958170779536525,-0.712903768479298
-0.0252777853467112,-0.159040608657622,-0.0767631831442986,-0.0636520965889102,-0.594068508989311
-0.104871785291349,-0.184585435114659,-0.0722040078973509,-0.0627554680291973,-0.270229897882991
-0.533610952425224,-0.108969725537803,-0.0692812497636705,0.0693619659484589,-0.22149150865839
-0.0903292828032468,-0.0525918878074044,-0.0671589856676827,-0.101918809281445,-0.177933432207501
0.182092194084715,-0.096848426071321,-0.0654097865297451,-0.0889020558381093,-0.15155108672671
-0.712730880573564,-0.074735092013801,-0.0643054825225156,-0.0763778813084044,-0.129509223298094
-0.160549277092985,-0.0811022362526481,-0.0633232602768007,-0.072027920752479,-0.113559428593755
-0.174157188651378,-0.495547719099581,-0.0627613427458238,-0.0687397828329102,-0.099712827581931
-0.111456644459683,-0.074666125790749,-0.0622295226945217,-0.0665123519846042,-0.0954254968939997
-0.0965321310639709,-0.212468684764577,-0.0620506259654619,-0.0652477521768648,-0.075982519887485
-0.085754619866488,0.00289276651758986,-0.0618754037180874,-0.0642901636714152,-0.0754434485938085
-0.0789489935966363,-0.0868797767562841,-0.0618754037180875,-0.0635350162219204,0.0306549487030922
0.0781011878203703,-0.0765144482465254,-0.0618754037180875,-0.0630431616463439,-0.0965850480438653
-0.115024623513327,-0.00113132980473787,-0.0618754037180875,-0.0626193447990819,-0.0812602097831817
-0.0942455055426293,-0.0894019718706296,-0.0664371085644894,-0.0623565565656222,-0.0739810025635868
-0.0831743519094195,0.031657470124286,-0.0618754037180875,-0.0621135478709394,-0.0695479046182551
-0.0755183213483287,-0.105806810595631,-0.0618754037180875,-0.0619944329095066,-0.0673117260099374
-0.0707879091929647,-0.0885131245220399,0.164873930141334,-0.28313598049932,-0.0653968172837389
-0.0677297523456594,-0.0796730098192863,-1.35584475454355,-0.060563180234965,-0.0644374495308694
-0.0657812255513152,-0.0734179765710269,-0.20573196700353,-0.0622957578806514,-0.0639590238048006
0.211248483806225,0.0767782180391327,-0.16717097295113,-0.0621133786607252,-0.0631347700038621
-0.143538326392728,-0.111311835760747,-0.134002402329704,-0.0620291555160459,-0.0627592071480325
-0.469329929438736,-0.0917883581250126,-0.11358105698013,-0.0619717708609662,-0.818868650038481
-0.110078847124819,-0.0818785402915701,-0.0982056634673816,-0.0619403371716256,-0.0626422883868501
-0.0933345875551923,-0.074723232029122,-0.0892273842933956,-0.0619190634743869,-0.0622469299243955
0.0983463790402247,0.0287247901949748,0.0104893321231168,-0.0619071433899667,-0.062059241660229
-0.132537949996902,-0.0979728367283245,-0.103487784739617,-0.0618980948244597,-0.0618754037180875
-0.104482548608128,-0.0837698809021487,-0.0880959658770488,-0.0617834445913847,-0.0618754037180875
-0.0910913654466261,0.134623447005107,-0.0790776930162475,-0.0619206520050929,-0.0618754037180875
-0.75028886491175,-0.132588329044561,-0.0729244561751189,-0.0619018139685353,-0.0618754037180875
-0.0879870255175541,-0.105227155357662,-0.0686475207853955,-0.0618924600496922,-0.0618754037180875
-0.0795506620249336,-0.0910229216739603,-0.0661033733182181,-0.0618854778974873,-0.0618754037180875
-0.0745440763198949,-0.0809211012558152,0.104948886441116,-0.0618817988672503,-0.0618754037180875
-0.0703486963815563,-0.0749218428826433,-0.114339292090253,-0.086075040836321,-0.0618754037180875
-0.0674460848796422,-0.0707241527857194,-0.102850770327432,-0.061878063101558,-0.0605940362532156
-0.0652861282171894,-0.191869815445595,-0.0828422215224633,-0.280710740410351,-0.0622841724220305
-0.0640464183369905,-0.0669786758688094,-0.0752491396757064,-0.0618770273745848,-0.0621074035421525
0.127219539247851,0.0804005748864823,-0.07097373147183,-0.0618765437337991,-0.0620252943504652
-0.119425619936329,-0.108277523981468,0.0605101798057234,-0.461022275000097,-0.0618754818776096
-0.0960184247345839,-0.0893171211970259,-0.105162899628437,-0.0618760998390653,-0.0619686592400463
-0.0843631579061441,-0.0799523686232163,0.165453693937618,-0.0618757443732106,-0.0619349631918909
-0.0762305062609566,-0.0594506061603975,-0.593544532760826,-0.0618755722336967,-0.0619173258451275
-0.0716647952080966,-0.0738534537703885,-0.14888073412874,-0.0618754037180875,-0.0619044060665799
-0.0685114989210117,-0.0694012616473979,-0.122768229366206,-0.0618754037180875,0.198990009157171
-0.0667273090568723,-0.0670644742318981,-0.102508516304817,-0.0617397129931983,-0.137997552122023
-0.0653584870489893,-0.0655718048813524,-0.0904140287290341,-0.895137484030943,-0.107790818600075
-0.0642724294208234,-0.0644025737003387,-0.0816697126540639,-0.0619319336382635,-0.0926965229873887
-0.0635618617674009,-0.0636316415834178,-0.0195560213699298,-2.20065135030009,0.0483852311557532
-0.0629473634680134,-0.0630350914580844,-0.0895330774451273,-0.0620696934300384,-0.11397096518927
-0.0625678465209672,-0.894653996399236,-0.126142607805917,-0.0620063294218511,-0.0940364864634429
-0.0622144335167715,-0.0628588131137222,0.0406929382565947,-0.0619634399992754,-0.083930313308176
-0.0620431577701802,-0.062444466326926,-0.104087316044249,-0.0619394065892116,-0.0915015637315726
-0.0618754037180875,-0.0620522690394241,0.143793678460094,-0.0619211614732599,-0.0720788559061704
-0.0618754037180875,-0.0619897498676452,-0.35714773995643,0.179659696995211,-0.0688930519647402
-0.0618754037180875,-0.0619320181987869,-0.125011096170791,-0.13284283446464,-0.0575651901158004
-0.160635158636672,-0.0619037128912223,-0.439416823036509,-0.104500718332588,-0.0682166240137302
-0.0617601720218955,-0.762588509581269,-0.101751309653356,-0.0904079998360383,-0.0657096832983087
-0.0619121783487155,-0.0618762744231453,0.0787647461528036,-0.0801794874712602,0.264967714226072
-0.373583308454719,0.11773297927734,-0.1301188298043,-0.0743988645502243,-0.685328589403532
-0.0465468696490722,-0.351856703515982,-0.105513985590214,-0.0703830929276095,-0.507106449662198
-0.234903954561007,-0.102472689603711,-0.091937317037404,-0.067976481535341,-0.305532623026807
-0.0650556383133742,-0.0890037835206481,-0.0816470854614644,0.251294435259312,-0.240835538498782
-0.0639291055023872,-0.0792594925541929,-0.0696914115717999,-1.53476532035631,-0.199915738192363
-0.0632724538417479,-0.146351811327307,-0.0726669877983182,-0.312749834932991,-0.167961538193852
-0.694001708352527,-0.0705569577957657,-0.069210896421188,-0.265331391171087,-0.139580663619319
0.211825232247848,-0.0861312091265904,-0.0665920730750931,-0.256241516536054,-0.119555102414914
-0.142387792764763,-0.0665288471549141,-0.0649323762400338,-0.182706201283392,-0.104678381301628
-0.110722460283725,-0.0650810314160599,-0.0637404040584732,-0.118356933836017,0.0251174711612575
0.168367176283115,-0.0641323199185889,-0.0630720678404794,-0.0935200468950938,-0.117752220493915
-0.156066310290985,-0.0633106325514605,-0.000829230840511367,-0.134161364467948,-0.104230523914603
-0.121617197717845,-0.137044286985401,-0.0815992346465752,-0.112375358396764,-0.0843989421275285
-0.102796004484232,-0.0623645477339858,-0.0732312326730509,-0.0979969501562196,-0.249162147569463
-0.309433306498653,0.1559444467064,-0.0691851608724036,-0.0855695619187642,-0.010109534761891
-0.0858220700521266,-0.196129175223175,-0.0524701829976275,-0.0776499409079517,-0.0890514262019149
-0.0783669391293062,-0.103296517552468,-0.0694132679018483,-0.0705544519159677,-0.0780410307232137
0.185151309024294,-0.225211750697862,-0.066499910712741,-0.066877469176651,-0.0726930208551548
-0.144552267641391,-0.0822390789761774,-0.065041131170846,-0.0634003516792537,-0.0689013564238442
-0.112829850433286,-0.0758332191351743,-0.786523587962495,-0.0629306600791704,-0.0666883689515257
-0.0962830732771941,0.146235895856307,-0.0648522335081617,-0.131434091773044,-0.0650914638316657
-0.0840085545638641,-0.132288465226423,-0.0639277000817218,-0.0623649193162471,-0.0641506190813244
-0.73189491594018,-0.310897956595943,-0.063270158124986,-0.0621663189678306,0.075805114740235
-0.0811279463265726,-0.097761184439004,-0.0628258940818689,-0.0620175429061903,-0.105123932983845
0.0369000470570076,-0.0853408462770124,-0.062440710760206,-0.061926744480535,-0.0873073747693145
-0.0987777814760021,-0.0778904959639617,-0.062227408135976,-0.0618754037180875,-0.0786481358747355
-0.0905509320750094,-0.0727397005665247,-0.0620306203786231,-0.0618754037180875,-0.0725344434239697
-0.636601636634785,-0.256295619755964,-0.154622965823693,-0.0618754037180875,-0.0690788746634825
-0.0746411252346204,0.0918965283883754,0.145612665156997,-0.0618754037180875,0.131137517457288
-0.079062739036126,-0.114101032704339,-0.123577166935948,-0.0677263456014132,-0.035357904313244
-0.0726885939002237,-0.677256198266474,-0.0986406733554995,-0.0618754037180875,-0.124497233536203
-0.0692601441776531,-0.099491012473505,-0.0863635712383693,-0.0618754037180875,-0.102246428311186
0.0527039134262488,-0.0862535812548203,-0.0775333495840151,-0.0618754037180875,-0.0884864911072864
-0.101343250499388,-0.0782373184476466,-0.0725650406174672,-0.0618754037180875,-0.0796283350569139
-0.085371614733796,-0.0728357369931035,-0.258902260650872,-0.0618754037180875,-0.0739821350912408
-0.0773641705156849,-0.0695256147532971,-0.0682925304583576,-0.0618754037180875,-0.0703881143249488
-0.0717456469204858,-0.0597445613903706,-0.0664883409407625,-0.0618754037180875,-0.0690657314849259
-0.0684502487094852,-0.0665370384559248,-0.0650530189213148,-0.00447771674485805,-0.0659990140839598
-0.0662537832879816,-0.058418263431193,-0.0641125443105477,-0.0798383855440776,-0.0648494224140409
-0.562280230262276,-0.810195460938745,-0.0632980337214433,-0.0722124983866271,-0.0638470241555577
-0.0654641627814709,-0.0687949607113383,-0.240221960147673,-0.0686099847542438,-0.0632201540744026
-0.0643355507378534,-0.0660341688459871,-0.0624129610967748,-0.0661191504640013,-0.0625809316538023
-0.0636012884460068,-0.0643888361714098,-0.630324298333897,-0.0647448542315006,-0.0622239946521178
-0.0629647675117359,-0.172351242507185,-0.0618754037180875,-0.063809290641405,-0.0619627788636089
-0.0625790989151696,-0.0629119319816587,0.205600182030467,-0.0632835947828618,-0.0618776955455316
-0.0622199457364808,-0.0626156637186495,-0.139730332754442,0.152754597229164,-0.352033921714468
-0.0620458859532011,-0.0633176543701316,-0.045614719489691,-0.129694272338661,-0.0618769064110877
-0.0618754037180875,-0.0622289818160644,-0.111872317686715,-0.100624446597105,-0.0618764588017561
-0.0618754037180875,-0.0621161892379243,-0.0932718534406222,-0.0877232238114943,0.164632351825196
-0.0618754037180875,-0.0620194208557459,-0.168964282865781,-0.0784267290278543,-0.286651336043791
-0.0618754037180875,-0.0619618026886511,-0.0774309590918625,-0.0731487767356769,-0.108917529694992
-0.0618754037180875,-0.0619103370762046,-0.0730407910349365,-0.0695105350210958,-0.0934829592767111
-0.0618754037180875,-0.0618911780786326,-0.2734504499096,-0.0674290091545843,-0.0822051751227201
-0.0618754037180875,-0.0618754037180875,-0.0686958414733234,-0.065864632200024,-0.0758095791775676
0.119000050431592,-0.0618754037180875,-0.785041188238469,-0.0646219288283022,-0.0713542714876638
-0.11612739639645,-0.0618754037180875,-0.0683938644972723,-0.548343659962443,-0.0688229094177447
-0.0940180395466785,-0.0618754037180875,-0.0662374567157425,0.170271988380878,0.160301572458414
-0.0832012560360363,-0.0618754037180875,0.109777193230004,-0.131914863677819,-0.135332160834084
-0.0757904462784078,-0.0618754037180875,-0.115382310433073,-0.103820991964932,-0.106500115174399
-0.071147105017797,-0.0618754037180875,-0.585198103883561,-0.0898499504660612,-0.768711548080889
-0.0681578246665323,-0.486427170305849,-0.0959570929311905,-0.0796330804820609,-0.100074209955969
-0.0985353875389326,0.204195506646995,-0.083680251441363,-0.0740201066323682,-0.729055242555779
-0.0652786874842848,-0.13935927402934,-0.0768393570813335,-0.0704196110804854,-0.0960585325308777
-0.064421248001554,-0.108663626047855,0.095661938506013,-1.9969700616702,-0.086799861984355
0.243056775146459,-0.093305600892255,-0.138625703040009,-0.0921466654640076,-0.0800823984278011
-0.150802424151409,-0.0820881901239919,-0.0975548715801811,-0.0831897698667001,-0.0745630745862494
-0.116154371331567,-0.0757280201202957,-0.0858259461020344,-0.0771170033097937,-0.0708809498155952
-0.408445750074043,-0.07129814088845,-0.077453896964863,-0.0716719705744013,-0.0664840577150983
-0.094193249949229,-0.0687814314834611,-0.0724105882945545,-0.0710921384794432,-0.0659874128223575
-0.0757767121254164,-0.0668418785319298,-0.0689776062781438,-0.148822095831847,-0.214847365122561
-0.611587738290051,-0.0652975762767022,0.12475349574184,-0.188195449217662,0.0817839118802267
-0.083842876790527,-0.0642852231066193,-0.283492297913644,-0.0618754037180875,-0.10596611431541
-0.0775193322308582,-0.0634080593204628,-0.126460448937504,-0.0618754037180875,0.116278424355537
-0.0726480969016781,-0.0628658131282869,-0.104238663190368,-0.0618754037180875,-0.144735430836883
-0.0694775195802096,-0.605569589646969,-0.0896448871061439,-0.0618754037180875,-0.170770213919112
-0.066759402490981,-0.0622886396072767,-0.145902239631517,-0.0618754037180875,-0.0956749849172779
-0.0650817420099779,-0.0618754037180875,-0.0753761503316815,-0.0618754037180875,-0.0839968274335313
-0.941471691600632,-0.0618754037180875,-0.0714870569606024,-0.0618754037180875,-0.0773321668214823
-0.0639728551489386,-0.0618754037180875,-0.0686941914273466,-0.0618754037180875,-0.072562441034796
-0.0621834291994216,-0.0618754037180875,-0.0666397947470004,-0.0618754037180875,-0.0696060663873168
0.0982725362842675,-0.980468347847398,-0.0652109186636287,-0.0618754037180875,-0.0674140287241152
-0.110424138451209,-0.0697660146221163,-0.0640660982218339,-0.0618754037180875,-0.0656257708875959
-0.0904973054733442,-0.0663801868455733,0.0618414451476055,-0.0618754037180875,-0.237880893118843
-0.0808004200823036,-0.0647961271717843,-0.100831354168592,-0.0618754037180875,-0.0637444728321762
-0.411151502076233,-0.0637101568482118,-0.0846188207193068,-0.0618754037180875,-0.00166158258812052
-0.0979914460597605,0.0820810100077938,-0.0766828935602852,-0.0618754037180875,-0.0815288312853481
-0.0698692708013277,-0.106718014082073,-0.0696071890812852,-0.0618754037180875,-0.0731657599782804
-0.067726923801268,-0.088365097213846,-0.0687344084899244,-0.0618754037180875,-0.0690831637821357
-0.0841353372210529,-1.3316473036992,-0.736573488739946,-0.0618754037180875,-0.397315379542167
-0.0648233569572058,-0.101508250239658,-0.0683765748019579,-0.0618754037180875,-0.278072166410681
-0.0639504485387731,-0.0895222681173068,-0.0665157351326089,-0.0618754037180875,-0.0654470028977314
-0.0631947795971733,-0.0808744647757087,-0.0650690122604963,-0.0618754037180875,-0.0644798096619731
-0.360969580979667,-0.0758774710200823,-0.0641190519395952,-0.0618754037180875,-0.0637414435163078
-0.0624379061688745,-0.0719358062688487,-0.0633121472434903,-0.0618754037180875,-0.063157842017687
-0.062076447663444,-0.0688078072207191,-0.0628092284120634,-0.0618754037180875,-0.0627768228994746
-0.06181983223919,-0.0667174611350475,-0.0623437727631093,-0.0618754037180875,-0.0495999142925407
-0.0619150174110985,-0.135217290283544,-0.0621151886547897,-0.0618754037180875,-0.0663244475815502
-0.0618989806227895,-0.0788554501224979,-0.0618926138627887,0.0384244782339116,-0.064600326666884
-0.0618904594335365,-0.143598012556471,-0.0618865111318632,-0.130793390001253,0.0020363625563577
-0.0618851059405067,-0.0624472841675679,-0.0618808393059593,-0.103198907120513,-0.0832219251646455
-0.0618819353120337,-0.0618754037180875,-0.061878092610245,-0.0895060686067714,-0.0742899310983761
-0.0618799354298947,-0.0618754037180875,-0.0618754037180874,-0.0795887357712478,-0.0699937656821085
-0.0618786755536107,-0.0495876210251381,-0.0618754037180875,0.00030744034122693,0.0683913671783467
-0.0618777044067867,-0.0657806563743148,-0.0618754037180875,-0.0928087119040386,-0.106329620560998
-0.0618769969976767,-0.0640979500953465,-0.804442431730778,-0.0811369043489294,-0.088352352642089
-0.0618764790859798,-0.0633137045649202,-0.0618754037180875,-0.863280973536989,-0.0795373341361353
-0.0618760906519982,-0.0627778316076915,-0.377397467992071,-0.0807087940692748,-0.0732425231273228
-0.0618758059619476,0.122329307276689,-0.0618754037180875,-0.074953734781635,-0.0696196161825679
-0.0618756012464944,-0.117592688764661,0.190992894195474,-0.0705908960919187,-0.619955478888931
-0.061875469890014,-0.0949848311822253,-0.129202934812648,0.203388931166214,-0.0684607081879702
-0.0618754037180875,-0.0823426933661046,-0.108328974681684,-0.144048296745409,-0.0665552118254069
-0.0618754037180875,-0.0764036126993081,-0.0928922815745751,-0.11194203185811,-0.0650224493569543
-0.0618754037180875,-0.0717347975176226,-0.0166347345256303,-0.0954376170153329,-0.0640512563618845
-0.0617533586876266,-0.0685480942148007,-0.0951645267474397,-0.0835084486790987,-0.0473792391470929
-0.467497701040863,-0.0667304529002517,-0.0827645230618897,-0.0766947203624452,-0.0677429188943268
-0.061908556852826,-0.0653468057629775,-0.0763222658921094,-0.0718606513274147,-0.0651536271213943
0.249349707571179,0.174402845544939,-0.0716298791019353,-1.8522324384699,-1.22908043527256
-0.151112771899009,-0.133454257769697,-0.474050748757969,-0.0927342126639071,-0.0675521212129147
-0.116289450725429,0.162499389819851,-0.0688145905189775,-0.0836144850513612,-0.0655111197604353
-0.0986672475471804,-0.163559625928811,-0.0666338023533474,-0.0774264239936743,-0.0642980615369086
-0.0856427361288565,-0.12597775963047,-0.0651334906522315,0.02953574352912,-0.063568364482532
-0.0782135771604821,-1.32318895262589,0.16092123200603,-0.0992006733637453,-0.0630689454250441
-0.0730122700410881,-0.163811114635306,-0.12932528297416,-0.083204390809003,-0.0626910063031152
-0.0700498726312856,-0.138523769071767,-0.413967861782055,-0.075432503766391,-0.0624535239631806
-1.95006280004036,-0.117907356778782,-0.0988018967048619,-0.0695028890995559,-0.062254432954872
-0.0888383833114209,-0.10396503823024,-0.0856685448289516,-0.0670474909039932,-0.0472539745221134
-0.0801941578499213,-0.0929331950114409,-0.0781903048586551,-0.0653679069534477,-0.0650408989783852
-0.0746986852950956,-0.0833071792671159,-0.0729189503566304,-0.0644219585867353,-0.0676123638420869
-0.0702121168915369,0.08286010388832,-0.0699806373192638,-0.0636999029165946,-0.0639482705508066
-0.182412094299403,-0.118282793248825,-0.0677103195169744,-0.0631292492128138,-0.0631797313953776
-0.0642001135840975,-0.0957623877815634,-0.695561523815296,-0.062756703699745,-0.382110561603523
-0.0619356002935665,-0.0831459178192632,-0.375538558012722,-0.0624352136833953,-0.0609090696785503
-0.0619158783465274,-0.0751466345973997,-0.0665012027990951,-0.062236865978279,-0.952068113263182
-0.0619048277919198,-0.0701707708541627,-0.0648722502705369,-0.062052337129403,-0.0636576132712967
0.12945159130444,-0.0674916530511803,-0.063345225003682,-0.0619629408633984,-0.0630727300859345
-0.119073746499716,-0.0659780287519036,-0.0626032956214748,-0.0618754037180875,0.186329704911502
0.086846340842012,-0.0648186960196454,-0.0618754037180875,-0.0618754037180875,-0.135262241432103
-0.136474068058375,-0.0639000264429203,-0.0618754037180875,-0.0618754037180875,-0.10608088199671
-0.108058240578801,-0.063299400752508,-0.0618754037180875,-0.0501500828776038,0.13551208325437
-0.0932594125148279,0.182142613809891,-0.0618754037180875,-0.065602611503163,-0.145064048855706
-0.816804468830403,-0.190591450414,0.0708204977703135,-0.0639963250196333,-0.114148953529847
-0.0922634418015062,-0.107913551875002,-0.102343506890078,-0.0632478238499221,-0.0974695483044565
-0.0832640792335857,-0.0914483520344024,-0.849826262707805,-0.0627364501252264,-0.0856687605763704
-0.0699881740685032,-0.0820230925668252,-0.0957237025070948,-0.0624559596927207,-0.0784807304614287
-0.00224801808802063,-0.0756372899815339,-0.0836176807625333,-0.0622659245389477,-0.397982343691602
-0.0931059678291695,-0.593593453503768,-0.0768656068836167,-0.0621593887267679,-0.0733471224254678
-0.0810070808814519,-0.0734335838351472,-0.0879287100859474,-0.062078472235054,-0.069915545498756
-0.0741497140246763,-0.0702139441969511,0.127426846506132,-0.0620147671449089,-0.0673522951286699
-0.0696217921106747,-0.0578698234585293,-0.125371194590703,-0.0619732662419088,-0.0654764487149853
-0.0666120591949347,-0.0690213567457219,0.036445748762313,-0.0619375270978467,-0.0640831933769313
-0.0649539057906163,-0.066231050497416,-0.127036569447827,0.0793891029807714,-0.0631095168278153
-0.0638483734779139,-0.0646992634444088,-0.102312414921973,-0.104859054264322,-0.0624798868841124
-0.0632845056309018,-0.0634247137622484,-0.0892940084900889,-0.0871094464126705,0.101281165631743
-0.0628448688859183,-0.00796233206678544,-0.0797660216502541,0.152435790087957,-0.111198381169422
-0.0628223368822282,-0.0793684279092724,0.034586184075733,-0.138931286777169,-0.0909811971539205
-0.0625862443371871,-0.071988658159795,0.0232634944719613,-0.10939398879634,-0.126378783660132
-0.0621493927920683,-0.0684784614133679,-0.123842220520086,-0.093989604036301,-0.0747096626428226
0.0746755459266127,-0.0660446095608885,-0.101094553050903,-0.23493672908743,-0.0706164193876192
-0.103560398793942,-0.0646975512882833,-0.0878896397871939,-0.212278300984988,-0.355573099761957
0.0765156249590175,-0.0637742824962632,-0.0790549748605875,-0.0623602318418704,-0.0589471846436263
-0.125364645600775,-0.0632538510556702,-0.0734413208462815,-0.158181148801987,-0.068766617212548
-0.100665914860524,-0.0627506153103463,-0.0698509088081898,-0.126090813539992,-0.0662993414311717
0.0801309966608354,0.117842113431947,-0.0674429191966301,-0.388057058744042,-1.39681283225249
-0.127676514838799,-0.119954719860128,-0.0657646403691995,-0.103064524322429,-0.0258127903145892
-0.103138149603586,-0.0964228867211975,-0.0644905670911645,0.138877247135519,-0.0801692217293603
-0.0898915913444273,-0.0848429483647131,-0.0636522299288161,-0.147783079364775,-0.0723359700271125
-0.0805353939543436,-0.0765180907725445,-0.0630112534960803,-0.0128875854160036,-0.0685503709423254
-0.0748605800991029,-0.292621259124289,-0.062548854316284,-0.128444945600282,-0.0656788106463993
0.190550767788402,-0.0702763749594048,-0.667197720874473,-0.103824172738235,-0.0644533353878464
-0.143363384655549,-0.0680270636436843,-0.0854177982952198,-0.967076933356211,-0.0636242258559649
-0.11187501415882,-0.0683527893271624,-0.0618754037180875,-0.107192229916732,-0.063122889320083
-0.0956403259356807,-0.0649266330484231,-0.0618754037180875,-0.094100185679118,0.161537033223543
-0.0836464050072968,-0.0640232615055166,-0.307340682675114,-0.0834663926064304,-0.128643636222335
-0.0770755687127363,-0.0632411648572388,-0.0623039340105947,-0.0772425828767074,-0.275130599423783
-0.0718629764178047,-0.0627577757496128,-0.0618754037180875,-0.0726585074832203,-0.0937207103749541
-0.0690558293593751,-0.0623074878277803,-0.0618754037180875,-0.069054862669532,-0.0823671001570996
-1.42841217513888,-0.491835852944579,-0.0618754037180875,-0.0667449850849218,-0.100202717130828
-0.0752604983176735,-0.0618754037180874,0.0769812454640384,-0.0646432209830105,-0.0716307320221787
-0.0713816689931474,-1.23770861290037,-0.104132563688543,-0.0634953490307434,-0.0689959219550853
0.036480215132132,-0.0618754037180875,-0.0866697358362095,-0.0623951528131778,-0.0669970764400406
-0.0977055940591779,-0.0618754037180875,-0.078224615443209,-0.157170143735269,-0.0654049796423465
-0.0824975996512721,-0.0618754037180875,-0.545259870102903,-0.0618754037180875,-0.0643610820116543
-0.0751446338875292,-0.0618754037180875,-0.219456618347554,-0.0618754037180875,-0.0634564041082327
-0.069700213403382,-0.0618754037180875,-0.165264723624022,-0.0618754037180875,-0.062897094441843
-0.0671821748868141,-0.0618754037180875,-0.135691491862388,-0.0618754037180875,-0.0623757606849699
-0.065459258781482,-0.0618754037180875,-0.111790852244233,-0.0618754037180875,-0.125987601928677
-0.0658103848044506,-0.0618754037180875,-0.0970429740695999,-0.0618754037180875,-0.0694351219845671
-0.0637503597381324,0.00779821756682887,-0.0863606483221717,-0.0618754037180875,-0.0618754037180874
-0.0631639794025971,-0.395759393221125,-0.0797808452378242,-0.0618754037180875,0.161919607195318
-0.0627811415707779,-0.0790393366292614,-0.0747405034095057,-0.0618754037180875,-0.128011000224603
-0.0624507483464269,-0.0731212688097968,-0.0705512644258632,-0.0618754037180875,0.169983910623208
-0.06224690126471,-0.0674316312901525,0.152466432919013,-0.0618754037180875,-0.166790732491533
-0.0620572506956892,-0.0671877093824174,-0.130183645484442,-0.0618754037180875,-0.125493071481811
-0.061965372162399,-0.0654104481012613,-0.103066257482372,-0.004994427062487,-0.105659522632125
-0.32323947754934,-0.0644300009084336,-0.0890768078077657,-0.0796798261287504,-0.0908124464768403
-0.0618754037180875,-0.0636894185978226,-0.0791657102378641,-0.0721199648942988,-0.481019157351728
-0.438514017855889,-0.0631205974838776,-0.0733340363005162,-0.0685491875369591,-0.0830508687304956
-0.0618754037180876,-0.0627482927414632,-0.0696539888401749,0.173393443716295,-0.0773152628286016
0.11799723461419,0.178003453030278,-0.0675682723055653,-0.143827940084293,-0.792205019095743
-0.115845311893596,-0.875829711701943,-0.065965157205726,-0.106363275125306,-0.0774636578657852
-0.0938435892638279,-0.154770403107615,-0.365770642625974,-0.0847372192097705,-0.072749668224919
-0.0830823967915128,-0.126675127322999,-0.0645545419301817,-0.0834061596627397,-0.0684772431804781
-0.0753986189281877,-0.111205822520826,-0.0635797230664978,-0.0764097464379116,-0.0659748117970053
-0.0784534878458279,-0.091930756880698,-0.0629768987926886,-0.0717515544552155,-0.0635905770133125
0.110543706589832,-0.0826010873833526,0.0952899939056145,-0.0689863291421243,-0.0627249559178437
-0.141062976227637,-0.0772031654526469,-0.109820082088004,-0.0669471255322729,-0.0618754037180876
-0.110402555787309,-0.0729785002863696,-0.0899967306438954,-0.0653278818735117,0.136986802607527
-0.094651543757603,-0.0695690163831357,-0.340131336140669,-0.0642934575763579,-0.121152500840918
-0.0831476301816816,-0.0981273623115456,-0.0772425291453648,0.108427665070854,-0.0971391265932936
-0.0764045029696836,-0.0654538004533938,-0.32775251664799,-0.114452143686309,0.153906081475199
-0.0717361640376201,-0.0641912771817051,-0.0710691259927892,-0.226778486548685,-0.144840221881262
-0.0689460282618798,-0.0630144429674301,0.0542857072526368,-0.0853715751133698,-0.113625163502676
-0.0668884061489662,-0.0624392613735255,-0.103929264314296,-0.0767391529054577,-0.715556216145111
-0.0652175460467507,-0.260057059278995,0.172242907949421,-0.367896572575083,-0.105612305231779
-0.0642287068617695,-0.0618754037180875,-0.350548590430272,-0.0781396305984324,0.073633620256074
-0.0633720454893869,-0.0618754037180875,-0.480513915904387,-0.0727234159676007,-0.13113795752224
-0.0628425121327865,-0.0618754037180875,-0.129271064963396,-0.069422757124974,-0.106521470270536
-0.225517935567952,-0.0618754037180875,0.0641778153755181,-0.781841711646867,-0.0925983522383448
-0.0621513148493283,-0.0618754037180875,-0.141432575952395,-0.0690779715102709,-0.0821757970688431
-0.322798771415889,-0.0618754037180875,-0.113107457874491,-0.316909706937625,-0.110345748444346
-0.0618754037180875,-0.0618754037180875,-0.0979586224564537,-0.0659396449519475,-0.0713404834442092
-0.0618754037180875,-0.0622833967971195,-0.0864940158588604,-0.0641991048903487,-0.0683397359811422
-0.446912473018514,-1.80705502783198,-0.0788532267912029,-0.0632267417069452,-0.0661080553375565
-0.0618754037180875,-0.0618754037180875,-0.0736142352830526,-0.0540690211223667,-0.113414186925647
-0.0618754037180875,-0.0618754037180875,-0.0698896538792088,-0.665990675946347,-0.0635724218755998
-0.0618754037180875,-0.0618754037180875,-0.0673571953229649,-0.0649957765968626,-0.0629540850888265
-0.0618754037180875,-0.0618754037180875,-0.0651520209846678,-0.54289263704018,-0.0625721922732022
-0.0618754037180875,-0.0618754037180875,0.16220408292597,-0.0638252001485978,-0.0622165623630812
-1.48936229113587,-0.0618754037180875,-0.129563246745658,-0.0630919404541019,-0.0620442114051902
-0.0555672268197437,-0.0618754037180875,-0.102493438222071,-0.0626941633578965,-0.0618754037180876
-0.0638843315784559,-0.0618754037180875,-0.0889208921841078,-0.0624710224025881,-0.0618754037180875
-0.0630170180098732,-0.0618754037180875,-0.0791643736535368,-0.0623014252817046,-0.396323264944518
-0.0626135314134513,-0.0618754037180875,-0.0735906006328694,-0.0621678320548958,-0.0549546507405582
-0.0623382606416513,-0.0618754037180875,-0.0698298759566016,0.0984703449173051,-0.0640789551973333
-0.0495705379646481,-0.0618754037180875,-0.0676978874353079,-0.110487066529479,-0.063127808121843
-0.0660927961355565,-0.0618754037180875,-0.066058739593912,-0.0905542963888027,-0.0626852383057429
-0.0643094597613175,-0.0618754037180875,0.130429551504393,-0.0808354360689719,-0.0623832554380123
-0.0634613228468951,-0.0618754037180875,-0.325206121741507,-0.0739382379679779,-0.0622177188001611
-0.0628770334369286,-0.0618754037180875,-0.105991871938708,-0.0700725425667028,-0.0621056218809941
-0.419849412425368,-0.0618754037180875,-0.091442734051472,-0.0556475371352676,-0.0620427941680589
-0.0625241921935803,-0.0618754037180875,-0.0807269445188371,-0.0696399972412871,-0.0619950872601741
-0.0623434241357616,-0.0618754037180875,-0.694583820054983,0.0713429396552907,-0.0619575352869292
-0.0622031944496123,0.211280728857912,0.0411779663422379,-0.107025023726557,-0.0619330745954277
0.139317992110866,-0.141226996936644,-0.0990124507184214,-0.0887562176453864,-0.0619120121354028
-0.121991432357348,-0.109865393872254,-0.0944042103309288,-0.0796395932248446,-0.0618990311387338
-0.0976718081627523,-0.0941459074516912,-0.0835240289056489,-0.0732128241823594,-0.0618869662763134
-0.0856986851776283,-0.0826431012831159,-0.0761496089291105,-0.0695052558731012,0.118171156525159
-0.0770919050826777,-0.356044822030553,-0.0713924390615182,-0.0670015955140933,-0.115895858703612
0.0829176895670278,-0.0747146848187922,-0.0682574975688471,-0.0655117910628014,-0.14710855005675
-0.115139489796021,0.202721496925522,-0.066116275891564,-0.0644814029947898,-0.166364813491479
-0.0929157542571956,-0.147054821238922,-0.0647432253000696,-0.0636625121684672,-0.804048823345746
-0.084296557310549,-0.118962337270913,-0.443766759171953,-0.0631285954963259,-0.15363062184618
-0.0763663807814594,-0.0976951996618581,-0.0636229688913632,-0.0626658959272011,0.0549832068136178
-0.0718196859833101,-0.085019979914397,-0.0629992276852462,-0.167907065866149,-0.156322839729397
0.0735441760949736,-0.0777213273787799,-0.0625999410810645,-0.0621462946059872,-0.124829523163551
-0.109396549736561,-0.0724384418369139,-0.0622435540214514,0.250192258227284,-0.106926472267421
-0.0903831370339807,-0.0694785520570676,-0.0620572759030618,-0.151346082233113,-0.093140352410394
-0.0718817756067804,-0.067122562910302,-0.0618888221230993,-0.701489891089331,-0.0834769618550455
-0.532416154854536,-2.20317842834281,-0.0618754037180875,-0.129424089634437,-0.0768393474020158
0.195005297553392,-0.137152050922969,-0.0618754037180875,-0.106455886584847,-0.0718768907890528
-0.149591073165832,-0.07674810633364,-0.0618754037180875,0.0276392058285108,-0.0686081129982991
-0.116413972129827,0.00942058882512332,-0.0617686012902039,-0.114545761732375,-0.065702991758032
-0.0990795323070918,-0.0915539435451476,-0.0619094883600392,-0.107311542553393,-0.0643170450097666
-0.0860486222014794,-0.078778724226286,-0.0618947430386171,-0.0916217289876211,-0.0630424976321818
-1.65495686139218,-0.0714575260716717,-0.343163639476001,-0.0831425736802436,-0.062629358411102
-0.117985050676466,-0.0679275877351702,-0.0618857758484894,0.185044948365348,-0.0622445675257863
-0.104172417411813,-0.0652055940630294,-0.0618823920935579,0.0396328855811413,-0.377194524114302
-0.092295343632275,-0.0648841222559503,-0.0618801023128812,-0.163343836923313,-0.0618754037180875
-0.0828646293446084,-0.0640289741136049,-0.0618788193770967,-0.948463762758169,-0.0618754037180875
-0.0761214492834777,-0.0634081743904978,-0.0618778455580625,-0.161604250334843,-0.383104117512194
-0.070985538787882,-0.062923121683105,-0.0528427579815724,-0.0221000205932865,-0.163052087005362
-0.0677794635282154,-0.0626100813496158,-0.228164223672236,-0.146326645953682,-0.124186767626061
-0.06117852199588,-0.0623434603691938,-0.06380130162073,-0.119913600528274,0.0996990437739155
-0.0644316418946605,-0.0611651902177505,-0.618698627465121,-0.239850259430119,-0.1463848386914
0.095506399591733,0.115514413938477,-0.063238064199985,-0.0953184253900529,-0.446018159177263
-0.11002432311628,-0.115511749983438,-0.0627944697873551,-0.0852252489617729,-0.113712440791921
-0.090284242433664,-0.0936159470671715,-0.0624936432315385,-0.0778531233013679,-0.0975388997758776
-0.0806107725842213,0.100031066495374,-0.37447198262481,-0.0727104848104169,-0.0871781583081808
-0.0652501843238806,-0.128512733617306,-0.062314835611157,-0.0687323645223947,-0.0793858928174624
-0.0727317896938465,-0.103071384878556,-0.0621770405410365,-0.0657717750749501,-0.0746362116506707
-0.0689520767875993,-0.0896452893677837,-0.0620872456562197,-0.0639018711879952,-0.0707244314456849
-0.0669195315971454,-0.08026762797611,-0.0620098940512284,-0.0627783284576511,-0.0678713043058255
-0.065405499232448,-0.0746381119267658,-0.0619622120485221,-0.0624547552572648,-0.0656955983438318
-0.06429532280185,-0.0705920478899068,-0.061917887136727,-0.0845822048245305,-0.064175087119551
-0.063564004258078,-0.0682060704019324,-0.0618964201190357,0.0946364208231563,0.0550073098740211
-0.0629742334370515,-0.0663043358743813,-0.0618754037180875,-0.109258754067446,-0.0985981210904666
-0.0625992546351273,0.122474304558357,-0.0618754037180875,-0.0897930713877137,-0.0832870345189193
-0.0622586770617838,-0.0666401858779566,-0.689936084422742,-0.0803324988612648,-0.0757772528905725
-0.0620869056120328,-0.111683816004421,-0.0618754037180875,-0.0736184710719129,-0.0706871365944612
-0.0602927690419138,-0.0939249043768366,-0.0618754037180875,-0.0698658959334255,0.114923038511864
-0.0658286837199619,-0.0826095512839208,-0.0618754037180875,0.0403077418194588,0.0273858182259585
-0.0641229940336056,-0.0757155579130086,-0.0618754037180875,-0.0986381158600724,-0.138427235384405
-0.0633276588547362,-0.0711898471659806,0.248359144462294,-0.0839044420061553,-0.120321071649111
-0.0627819845103732,-0.0685423290689288,-0.150843257006567,-0.237557436672398,-0.0948567798033726
-0.0843020013936013,-0.0666926668386121,-0.116111743808534,-0.072930885547635,-0.0838502092937716
-0.0622956734490297,-0.0652355717428006,0.140306473346057,-0.0693323992330733,-0.0769081971286295
-0.0621810298553345,-0.0642250218426646,-1.03142308535713,-0.0668934913429161,-0.0724384336670321
-0.0620939511641094,-0.063417322839613,-0.197721281653719,0.179268686816822,-0.069475655674026
-0.0620253921012821,-0.0628665216214982,-0.170464629650005,-0.0846319894278765,0.14183905946854
-0.0619807281550747,-0.0624100059922274,-0.139328549565254,-0.131783195204746,-0.127114761178886
-0.0619422643471821,-0.0621388834780024,-0.118570042454297,-0.0997880004522075,0.140439676475102
-0.0619185572779321,-0.061924713143576,-0.102066916909068,0.0163132961276166,-0.154932962993234
0.150329709745218,-0.179939559883486,-0.950149541601098,-0.155103421744457,-0.120141646131696
-0.391566173908239,-0.209846517157901,-0.245059834898917,-0.120741526716956,0.142986389560742
-0.111220929767576,-0.156718936537317,-0.102937613576431,-0.102619422285219,0.0774409806945176
-0.0934962698822316,-0.128297558611387,-0.0894722273367117,-0.0890363736793853,-0.181276825146
-0.0837579734277881,0.0155839062065694,-0.0490514074806227,-0.0807271147181252,-0.377740668146967
-0.0768373859223225,-0.127307363070877,-0.0807265915987509,-0.0748752953197913,-0.132350686036392
-0.395599602579233,-0.104129081038835,-0.0720312801822655,-0.0711852120502564,-0.593053832109961
-0.00130049646294086,-1.13010288181509,-0.0678041253931519,-0.0684293566922066,-0.118039228002545
-0.0946611017360246,-0.121162611900857,-0.0641815197068465,-0.066182073797582,0.00661435981993198
-0.079721673089281,-0.104316839145426,-0.0634217404393825,-0.0647564249000534,-0.123058735727169
-0.0738595416469845,-0.0921665798932694,-0.0628970167921699,-0.0635349158864676,-0.329427487754053
-0.0694928760418336,-0.0829116739806085,-0.0626187213825197,-0.0629110203245375,-0.0960295056666367
-0.511400171092184,0.0355312554658632,-0.062407135662051,-0.0623826001342162,-0.0845429354774618
-0.0668408440827684,-0.104310403948872,0.010625648806418,-0.556216124607645,-0.076636206257003
-0.0652396525477319,-0.0872052876916929,-0.0848026450520471,0.194862238377074,-0.0704356445119223
-0.0992680498857444,-0.0774670741976591,-0.075138027590778,-0.136884044320624,-0.0680417177226227
-0.0633090819711949,-0.0718144171822398,-0.070536870860738,-0.107076632970876,0.0358533558367139
-0.936174287691022,-0.0683560541021468,-0.0673278700861555,-0.0921985596750817,-0.0949471782190756
-0.23025313876653,-0.0604170783072259,-0.0221371147572853,-0.23352350934268,-0.0813825951721784
-0.171900416553783,-0.131517719442768,-0.078900682477448,-0.0912926336253622,-0.0746690525383153
-0.139755858486715,-0.0651483069346487,-0.0714213524046758,-0.0726196603916144,-0.069994308817544
-0.113871170328289,-0.0534638860880091,-0.0682807557965012,-0.0714148067693033,0.032298226688458
-0.0982466423414018,-0.0667397918182969,-0.0659849089394464,-0.0675591444071455,-0.0959638152855497
-0.0870947585483889,-0.0647639889626739,0.133162793097939,-0.456067285956817,-0.0760749034264809
-0.0806162724894091,-0.0643770197074846,-0.12249229499712,-0.561993343910849,-0.0772965900086252
-0.0754917446966676,0.157716544013312,-0.0982153866829478,-0.0661475103236844,-0.0716480274394867
-0.071326956138155,-0.0104701509219793,-0.0861033330223214,-0.0646423011047871,-0.0685165166345326
-0.0685653884434134,-0.134154490534528,-0.0761520390244577,-0.0632950238123641,-0.28175728289159
-0.0661452222700743,-0.10840119607744,-0.135759538255663,-0.221638588248098,-0.0657948486872867
-0.0646408139894371,-0.092645072541532,-0.0697330407457024,-0.0632104171186172,-0.0645710528684182
-0.0698347713713202,-0.0824321944014477,-0.0675871612311927,-0.0627387139994106,-0.223999743334181
-0.0625513602542719,-0.0767011096754181,-0.0659297716337984,0.112187590111702,-0.063296363481846
-0.444246719967154,-0.228851816966408,-0.0646511052917468,-0.114683040339917,-0.0627866877601726
-0.0618754037180874,-0.0703669609115156,-0.0638003752165937,-0.0919276823451545,-0.0624702505324434
-0.0618754037180876,-0.0678469134926631,-0.0631033704633405,-0.0830116573788131,0.173142103358747
-0.0620519400728877,-0.102638060277688,-0.0626709756741499,-0.0753434314012122,-0.131272619010873
0.120791441808754,-0.117895453794098,-0.0622695989849032,-0.0710480007519127,-0.103437651086612
-0.123609987113296,-0.0953424457674964,-0.0620738201070272,-0.0681448776698681,-0.0896691918357937
-0.0986747605006825,-0.0839356188681306,-0.061882618217285,-0.0664040793314113,-0.0796912606712271
-0.0863869816502575,-0.0757938733849374,-0.0618800599118722,-0.0651201796957133,-0.0740604978982747
-0.0775486219793444,-0.0711270016149102,-0.0618776822889042,-0.0641049528636207,-0.0701522103176972
-0.0725756053831752,-0.0680379226283755,0.216604913647593,-0.0634417327589509,-0.0678365905760327
-0.0691344926367417,-0.0663792079067349,0.0528898732407132,-0.245406143575933,-0.128033977031424
-0.067185675073388,-0.0651076240239691,-0.16271172834284,-0.0626462863530198,-0.0650850635248523
-0.0656890430032359,-0.322669999481964,-0.127595347182163,-0.0622547662239101,-0.0640301924168285
-0.0645006484648591,-0.164313168326143,-0.106142381754743,-0.0620643742441951,0.127606230757463
-0.0637227876502924,-0.0654195556380402,-0.0916009917920165,-0.0618780315053512,-0.119778626168047
-0.0975818714510041,-0.0641706582476265,-0.0823936810245377,-0.0618767036366804,-0.197116005308667
-0.0626607518722292,-0.0631894171738998,-0.0764287750420548,-0.212097669638078,-0.1899932741756
-0.0622599479069453,-0.0626805406818362,-0.0725055539384815,-0.0618754037180874,-0.0796092649174619
-0.0620656850470118,-0.0622662845175009,-0.683916215637157,-0.0618754037180875,-0.0740035921586395
-0.0618754037180874,-0.062159650589955,-0.0716063434522478,-0.0618754037180875,-0.0701134289160387
-0.0618754037180875,-0.0620786595306175,-0.0683475570314436,-0.0618754037180875,-0.0679067941470592
-0.0618754037180875,-0.0620148957055819,-1.38292517518526,-0.0618754037180875,-0.0662095062969882
-0.0618754037180875,-0.0619733565293389,-0.0711183782028231,-0.0618754037180875,-0.0648601780080033
-0.0618754037180875,-0.0529786494579607,-0.102523407654951,-0.476024389324948,-0.0621843234137267
-0.0618754037180875,-0.0647658159324079,-0.063362394817587,-0.184133411684552,-0.231233242161007
-0.0618754037180875,-0.063515959310305,-0.0618970622267058,-0.0618754037180876,-0.0632790333634644
-0.0618754037180875,0.183549594325507,-0.0618899658727116,-0.0649559473442538,-0.313633359486979
0.162934153379407,-0.13469738504847,-0.0618859898146653,-0.940420821382258,-0.0691680199173697
-0.950012377329642,-0.964727552532854,-0.0618829717196551,-0.0618754037180874,-0.0567269137956756
-0.154661270533,-0.121917332416062,-0.0618805966884669,-0.0618754037180876,-0.466930399251799
-0.126738615432991,-0.112140034097243,-0.0618790498623405,-0.0618754037180874,-0.510083603701523
-0.100959975000106,-0.0968482093107487,-0.0618777181215145,-0.0618754037180876,-0.164138493679748
-0.0958302260536159,-0.500479672188849,-0.0947655344790597,-0.0618754037180874,-0.125408154809889
-0.0849301665135755,0.0657628131309442,-0.0618761591163652,-0.0618754037180876,-0.105394306557565
-0.0786756961512405,-0.12638098003695,-0.0618757773993614,-0.0618754037180874,-0.0905951277339557
-0.422605207082582,0.0860940211215562,-0.0618754037180875,0.226708796785304,-0.0815890600242477
-0.0738136906784527,-0.142757841407515,0.0426014115219124,-0.145260351333732,-0.296682759307207
-0.0703132739053918,-0.112488689880932,-0.0940484011560822,-0.112473248007424,-0.0742085040891538
-0.0673286078133552,-0.096295397555096,-0.0806006351668905,-0.0958637813418017,-0.0707442077763607
-0.065444138705293,-0.0839657174294098,-0.0741602142494053,-0.0838877597675122,-0.0679352945854828
-0.0636950034873868,-0.225151192859706,-0.0696518434697766,-0.0769805002357796,-0.0661124154424448
-0.0628265544345964,0.0787503927495632,-0.150189412203117,-0.0721604173158668,-0.0645121916573631
-0.0619825158561116,-0.11539799058024,0.119987513203674,-1.56146760367708,-0.0650054142336923
-0.0619446467295643,-0.0946713010623044,-0.119969187723538,-0.0862322735035024,-0.0626931101057587
0.113557434657195,-0.0837831248234306,-0.0967808401647666,-0.0789379365635339,-0.253949420700894
-1.11844272742863,-0.0760859840333268,-0.0851639119163024,-0.0740323157176041,-0.0618754037180875
-0.149425209681301,0.155993116653678,-0.127350761243987,0.162073850339029,-0.0618754037180875
-0.12279670077368,-0.136495603304777,-0.0725867689308538,-0.134470239447835,0.0864970742182937
-0.102036947477917,-0.107458544628939,-0.0692100908432891,-0.105185460024743,-0.106880579859344
-0.0898733801075175,-0.10516168552167,-0.0670830043796817,-0.0905408594400102,-0.307070563415309
-0.0811501410793688,-0.0819498112685527,-0.0655711168820962,-0.0795538016265796,-0.0836704448381816
-0.076124121889895,-0.0756840522257132,-0.370754081414725,-0.0739647438542361,-0.0914737240058466
-0.0721876269612098,-0.0712185953453289,-0.0642429250966465,-0.0700863484044064,-0.0715048585436336
-0.069013368977219,-0.433703726381193,-0.0633811054575494,-0.0678866389491198,-0.0684022009011404
-0.066917787565568,-0.371248822188997,-0.0628483738138489,0.00195221303857448,-0.0666469444106241
-0.0650893079310928,-0.0681809165929934,-0.06452601264627,-0.112305290120586,-0.0653005580176687
-0.0639551234536175,-0.0661441871005846,-0.0621117062206006,-0.0765778023859148,0.0925235505994325
-0.0628947172674234,-0.0645945065746106,-0.0618754037180875,-0.0714652215391424,-0.110772604207553
-0.0623800229851316,-0.0520342175316218,-0.0618754037180875,-0.0679575542713155,-0.0908231610546307
-0.0618754037180875,-0.0664179635831418,-0.0618754037180875,-1.31534017361377,0.179695796830651
-0.0618754037180875,-0.0643996054430245,-0.0618754037180875,-0.0709566294129616,-0.14799692986561
-0.0618754037180875,-0.0632348874203449,-0.0618754037180875,-0.0860371635791402,-0.115336234391434
-0.0618754037180875,0.180138908187272,-0.0618754037180875,-0.0663481146796946,-0.607885091867407
-0.0618754037180875,-0.480505595038629,-0.0618754037180875,-0.0649560588100624,-0.101964240686068
-0.620771316256815,-0.123542314415867,-0.0618754037180875,-0.0640441019674489,-0.0900810964353714
-0.0618754037180875,-0.103872842447595,-0.0618754037180875,-0.0632544329794536,-0.0813602864717477
-0.0618754037180875,-0.0891569289079804,-0.0618754037180875,-0.0627664263119838,-0.0762025307008422
-0.0618754037180875,-0.0806888586132365,-0.0618754037180875,0.0690382336882858,-0.0720627935499454
-0.0618754037180875,-0.0747321664340302,-0.0618754037180875,-0.102148683181743,-0.0688669271380437
-0.0618754037180875,-0.0713138578593068,-0.778021020568332,-0.0853534947836066,-0.0669089322015315
-0.0618754037180875,-0.0686718354858014,-1.21171824087327,-0.0672752448940653,0.213959793652501
0.199373010523045,-0.0665546027737029,-0.255016041627333,-0.074823645816088,-0.144152008964544
-0.138082443376189,-0.0870358032295784,-0.19071081340925,-0.0703474845736732,-0.11188670245457
0.0268131922155901,-0.0640085335392977,-0.154891332389356,-0.0675629912338529,-0.837421848726711
-0.130975282820164,-0.0632545244600536,-0.124910511178642,-0.065909242607395,-0.107093966618327
-0.105075200303166,-0.062550986337004,-0.105731200520213,-0.0647379365155713,-0.0935371196898693
0.105356679757394,-0.0622097703117901,-0.0934745611037237,-0.0638372491358072,-0.0837407528626295
-0.0284605232927851,-0.0618754037180875,-0.0854375773373917,0.105028679200905,0.131426374436511
-0.139797002389589,-0.0618754037180875,-0.0790537603574632,-0.11329094772507,-0.134222663374614
-0.113254885861382,-0.0618754037180875,-0.0738283949869663,-0.0924158968939726,-0.106641300208285
-0.096602112897772,-0.0618754037180875,-0.0715961512646829,0.0873855807142156,-0.0923183052031541
-0.0855078126520535,-0.0618754037180875,-0.0673021588523445,-0.1242805003025,-0.0814806556076444
0.0790525201432364,-0.0618754037180875,-0.0653963949076657,0.0138661468250357,-0.0752063188755787
-0.1196205495923,-0.0789827009357847,-0.0636088414471982,-0.120756816149484,0.103116263872956
-0.0975321793340413,-0.0618754037180875,-0.0627375810814039,-0.0988975778536676,-0.121910153877452
-0.0858846496416775,-0.0618754037180875,-0.0618843776206988,-0.0871574148309871,-0.0980774021513614
-0.0773394763248243,-0.833499629482283,-0.0618810999604633,0.191247361977702,-0.151168425884418
-1.2389068061791,-0.0618754037180875,-0.0618790800335866,0.0835431344865911,-0.0786396321457559
-0.0844195951423877,-0.0618754037180875,-0.0617736976985976,-0.177092287761737,0.0410824411703373
-0.0778452178844724,-0.0824216505782456,-0.0618033590520948,-0.138060922164494,0.0169587062685479
-0.0728678467403116,-0.0618754037180875,-0.0619279626512755,-0.113975753331728,-0.566969623425022
-0.118924818631374,-0.0618754037180875,-0.0619066983672735,-0.0969878033546368,-0.00990427770498506
-0.0668708697829861,-0.0618754037180875,-0.0618953860174228,-0.0861602353324025,-0.140935562360977
-0.0650592810410847,-0.26775939927015,-0.0618882837798016,0.112749417395774,-0.113410394513527
-0.0643363122763756,-0.0618754037180875,-0.0618840746163536,-0.129962688451148,-0.0973670159030258
-0.062885559211842,-0.415933863972151,-0.0618814212508614,-1.01181950954105,-0.0861188046980113
-0.062375485792313,-0.0618754037180875,-0.427214859908048,-0.101352235892837,0.106714632958955
-0.0618754037180875,-0.0618754037180875,-0.0618798051751606,-0.119858279944379,-0.127909995108279
0.0764079192054246,-0.0618754037180875,-0.0618784520612689,-0.102000134929517,-0.102716571458863
-0.103966401949362,-0.0618754037180875,-0.0618774604992197,-0.0885884206091874,-0.0895200641524043
-0.0865689350251068,-0.0618754037180875,-0.0618767176395239,-0.0803777897776188,0.135508108662649
-0.0781567732733679,-0.393707682901794,-0.0618761724470051,-0.0744476735443398,-0.136078751649683
-0.0722156067008842,-0.0618754037180874,-1.53473640592913,-0.0701136649171326,0.0866432855616375
-0.0689029864124427,-0.0618754037180875,0.0381929680230605,-0.0677321300929502,-0.0390686293303386
-0.732414094487637,-0.0618754037180875,0.101605263170833,0.0840694879132659,-0.144558828884366
-0.0686378796863552,-0.0618754037180875,-0.135534937749774,-0.109524550761671,0.0803474704906254
-0.0667380414449787,-0.496132886552739,-0.107509942792738,-0.166364288068977,-0.152763200412706
-0.0652257324673561,-0.0706767751309276,-0.0922888619091328,-0.164323145610548,-0.263856542620005
-0.0642344876448043,-0.195649061240594,-0.0817482953073338,-0.126051421976607,-0.109063582331434
-0.06337572902317,-0.15461757345152,-0.0754843419066262,-0.106015032704686,-0.0938775865687643
-0.0628448953204795,-0.125341899973509,-0.0713082516563801,-0.0910177564013958,0.0378322384660541
0.160256062140462,-0.105983753436074,-0.068760171367698,-0.0823436166420555,0.00380859184552068
-0.127887650139421,-0.092684439063755,0.169753965495906,-0.0760952492326421,-0.127963316685479
-0.101243923423507,-0.0843444608312617,-0.134340216726597,-0.0721894075583613,-0.10426446761853
-0.0881553164524013,-0.0783348866702595,0.130375771062775,-0.199006909521794,-0.0900683038523724
0.0783174701759046,-0.0734706136548425,-0.156220863862681,-0.0675936067977308,0.144511144236426
-0.119663049251525,-0.0700407863780647,-0.121210296672049,-0.0658352730676637,-0.26800457611737
-0.0973367916935688,0.206102541494363,-0.102506794074628,-0.0642733115572322,-0.116322515721347
-0.0860674106062802,-0.17322820017148,-0.0886458131640467,-0.0633631641905315,-0.0990636023566272
-0.0778214859954139,-0.0997636844086074,-0.0806372705361726,-0.0118517833463327,-0.426444049156272
-0.0728133664955078,-0.100140293278916,-0.0749377530401336,-0.0780638100798668,-0.0854369991463124
0.108416426272651,-0.0859750223912761,-0.0713083816919509,-0.0710063373889811,-0.0780448777490622
-0.119949740981473,-1.60735524200994,-0.0686369742387936,-0.0678182321538171,-0.0735459980630456
-0.0970301649765024,-0.114119030719979,-0.0664365514528893,0.170892769586351,-0.0700658279832709
-0.0852538938388738,-0.101359762717027,-0.0650165931673362,-0.133601363967555,-0.0673246779700764
-0.0769059721000421,-0.0909321575621819,-0.0637521343210769,-0.105216663976975,-0.0655241167117479
-0.0719549479878319,-0.0824168826337341,-0.0539443044064718,-0.0910303150009638,-0.0640857799189262
-0.0686864970310864,-0.0765784516224656,-0.0652260771985867,-0.15207372630734,-0.0633045570981991
-0.0667224361118383,-0.066069775898657,-0.0637479094546856,-0.0757256947026054,-0.0625755216679217
-0.0652941819961247,0.0495027484831597,-0.0629390154137547,-0.0713149682084667,-0.0622219199571282
-0.0641341289346235,-0.102221846958355,-2.1044835614579,-0.0745598741718791,-0.377897313272322
-0.343799043258131,-0.0854268832521995,-0.0653461265784663,-0.0668310722718251,-0.0618754037180875
-0.0632123135837758,-0.0764981393692632,-0.064215701532297,-0.0652543333791417,-0.0618754037180875
-0.261106687292422,-0.0711506797436958,-0.0635801285673045,-0.0642361927957355,-0.0618754037180875
-0.0623912042331396,0.095962178924871,-0.0630958844772862,-0.0633487842248584,-0.0618754037180875
-0.062130658746924,-0.115157331343258,-0.0698290865272954,-0.0628274627990295,-0.0618754037180875
-0.460545138984965,-0.0940405481770239,-0.06246863901708,-0.0623416354927674,-0.0618754037180875
-0.408750065560116,-0.083414164326509,-0.0622521435490867,-0.172034703403046,-0.198868113022646
-0.0617714864750389,-0.0757398336808517,0.113131082745755,-0.0619355499846721,-0.0618754037180875
-0.0619085676224204,0.115362832664233,-0.11464759449355,-0.0618754037180875,-0.0618754037180875
-0.0536170482670068,-0.0833380697008432,-0.093095869053618,-0.195484996847827,-0.0618754037180875
-0.064521705065752,-0.110978968488929,-0.0825378974993694,-0.0618754037180875,-0.0618754037180875
-0.852585437281498,-0.0940621071627611,0.11276151526081,-0.167541655134776,-0.0618754037180875
-0.0701127493405352,-0.0828783771574772,-0.125933109979455,-0.0618754037180874,-0.198189121165395
0.152006756265358,-0.0760284170641086,-0.100993192525276,-0.0618754037180875,-0.0603099000899273
-0.129343319064106,-0.0714577404545825,-0.0884412567046795,-0.0618754037180875,-0.0623747663149746
-0.102411173736514,-0.0687066251664107,-0.0686703576817331,0.00964787229264547,-0.0621588409317801
-0.0891186304971052,-0.066676963475577,-0.0770807442694485,-0.214215036703721,0.101388268394325
-0.0794108436735717,-0.0651611068843458,-0.0725612199023249,-0.229150644112628,-0.211353745844223
-0.0739013261100374,-0.0640787544777169,0.0392466711496429,-0.178121462708683,-0.206748795790708
-0.0700676310516268,-0.0633126894935214,-0.0999071503011789,-0.14361021676327,-0.0858948175308211
-0.0678460451506614,-0.0628000967354223,-0.0845471943882316,-0.118738273960031,-0.153195872043167
-0.00497672339048127,-0.0623656208890447,-0.0768994862924951,-0.102053003805619,-0.0731919210029253
0.150774129615563,-0.0621171706370391,0.0694089091396665,-0.339119638881749,-0.0679204901529607
-0.141971669325746,-0.0619128596476748,-0.110513154087772,-0.155067486621594,-0.068012019587627
-0.0544419973984181,-0.0618754037180875,-0.0910785454709372,-0.123107730911854,-0.0662064568994293
-0.111454956042945,-0.0618754037180875,-0.0814512471571716,-0.142606254174775,-0.191940286111278
-0.0932010812925738,-0.0618754037180875,-0.0744749207735865,-0.0914454563900317,0.235198341767481
-0.389946408934903,-0.0618754037180875,-0.0704768128156298,-0.0819037433786361,-0.149282707539318
-0.0813109661276998,-0.0618754037180875,-0.0677328038129185,-0.0747907016651436,-0.115192380031257
-0.0758794773876267,-0.0618754037180875,-0.0660659515653391,-0.070336607143852,-0.238898146624415
-0.0717840134854612,-0.0618754037180875,-0.0648349640236871,-0.0670442095157768,-0.0940682221764239
-0.0688644121665756,0.115302792213104,-0.0638364948603319,-0.0650065169645559,-0.27496489085341
-0.06679272285661,-0.115086378162525,-0.168471169939804,-0.0640797180295654,-0.215754742430781
0.188331097799415,-0.0933746349407397,-0.340687633926331,-0.257510570771059,-0.0766269040453924
-0.13775393855597,-0.0827630541117584,-0.062627220516343,-0.0629753730536437,-0.39825104867055
-0.107585010152797,-0.744135051822038,-0.0622435201479652,-0.452478404123908,-0.0583840255811404
-0.0924313144029064,-0.422724462593886,-0.0620575539764026,-0.0622692228172768,0.19910424739021
-0.081302940002098,-0.0790274888973938,0.0842588834856687,-0.0618754037180875,-0.146920584603716
-0.0751563864869161,-0.0745314148614157,-0.106235899031488,0.035524993492138,0.136670250986169
0.0939065396355678,0.184526692970075,-0.0879480389616579,-0.0919422679186863,-0.31915489846575
-0.44798358972255,0.0408088812908259,-0.0790859478872672,-0.0793453809993903,-0.343396193557267
-0.109303458068171,-0.159734247385311,-0.545599273797794,-0.0733247091890342,-0.127112795088096
-0.0940074260329782,-0.125618046285074,-0.0738364583157367,-0.0691179941447352,-0.105995446599548
-0.0828864577628756,0.0148940361939069,-1.25475284615911,-0.066784908936327,-0.0934843453685734
-0.465790928708062,-0.124737472633639,-0.0815777995456478,-0.0651898653784983,-0.824082267158262
-0.0761804940450885,-0.102167302251455,-0.0761837140150787,-0.0642917672823916,-0.0960825563210196
-0.0719387408389308,-0.90385900311415,-0.0718102227677968,-0.0636064327202743,-0.0868953310187802
-0.0689195000557442,-0.10519515770683,-0.068906818325571,-0.0630649200857094,-0.0789880900066067
-0.0664083440320846,-0.159955976516036,-0.066365550592079,-0.129619081750692,-0.0453730946387425
-0.0650704295679436,0.0827733266180605,-0.0647845810513967,-0.0624432002660828,-0.0778109041461777
-0.910514850015011,-0.119028572136523,-0.0633053354929726,-0.0622420252242073,-0.0713125811223214
-0.0649431537276728,-0.104928037991877,-0.0625856790041396,-0.0620548632361528,0.0748721902424426
-0.0633800796117534,-0.0903691446435537,-0.0618802125710912,-0.507956140646276,-0.107675295948145
-0.0626205759135431,-0.0800878415308631,-0.0618787801606107,-0.0510137624595894,-0.0885870747868879
0.120698662243637,-0.0736436622880425,-0.0548034895389811,-0.0660257186850775,-0.07955290943726
-0.0336388058984303,-0.0695134297246673,-0.146089368765791,-0.0642730051128279,0.0268439330117449
-0.118219533711283,-0.0658778744065769,-0.0632656821639645,-0.0634216416019644,-0.0999492362296724
-0.0978428573743069,-0.0708362595995403,-0.0627743821972038,-0.0628541790943713,-0.0849241350842573
-0.0854054774295168,-0.187848877469481,0.137152375526844,-0.0625352293787599,-0.0774538150701981
0.119493036707904,-0.0639477966223227,-0.121685048733149,0.00217586952904869,-0.0720727482488791
-0.129945987756143,-0.063197768654376,-0.0975073082389851,0.161994007464321,-0.0688320902192396
-0.103992051099132,0.0513269459348577,-0.0856050474705195,-0.143513304524183,-0.0159317044747645
-0.0905761502808364,-0.0972929194914596,-0.0770541654790236,-0.112175831297309,-0.0809950920455225
-0.0806594724881694,-0.280705179792506,-0.0722352600602819,-0.0956401285115713,-0.0733011488128897
-0.0748127321299876,-0.0783114154076125,-0.068904170530121,-0.0838405043774881,-0.0150626208527422
-0.0706434063397231,-0.0723110003300901,-0.0670105099669493,-0.0769440666607046,-0.083455562140779
-0.068150340735092,-0.0689691014426348,-0.0655599770829478,0.146641526170957,-0.0747129402237663
-0.0664069443960542,-0.066672708907574,-0.314785478682558,-0.133162620705079,-0.0703222059155373
-0.0647426459133133,-0.383200628875259,-0.0641604342601124,-0.105672898352538,-0.0673271876959741
-0.0795999397109257,-0.153793417866912,-0.0633235413815323,-0.0914328015682512,-0.0655853824765299
0.188426367546468,-0.0644680985424126,-0.0628111320960908,-0.0810849041296595,-0.0643322598531467
-0.15016343382896,-0.0636981452515222,-0.457876763877233,0.0935907923735069,-0.0636500940024352
-0.10717636047115,-0.0630340746237134,-0.0622121962258713,-0.120462450914404,-0.0552164094017089
-0.307856251050744,-0.0626238123010669,-0.0618754037180875,-0.0977928510895799,-0.0675700573153964
-0.0859862931423787,-0.0622418504332488,-0.0618754037180875,-0.0860614231049574,0.200373079430707
-0.0785415966451139,0.176121988124609,-0.0882706694507233,-0.641651005511221,-0.139922187562425
-0.0731796992039877,-0.131911503237342,-0.0618754037180875,-0.848776893886971,-0.373622339283804
-0.0701740268013766,-0.10390788174985,-0.0618754037180875,-0.0896227142625002,-0.103381868031607
0.188904689115606,0.0192006419830585,-0.393452103062721,-0.0821453731822134,-0.0888003857528383
-0.0830946197183315,-0.112158374813361,-0.0618147525404466,-0.0759064894336021,-0.0804128143483227
-0.125791293399876,-0.0934191834962818,0.0123145098777881,-0.0713180926838707,-0.0745450819955198
-0.166166322309951,-0.0831091051918652,-0.0850189337232229,-0.0680111461582171,-0.0695869020743093
-0.431522857091879,0.164443527785895,-0.788166122125262,-0.63817514007909,-0.0714861341921583
-0.0895813157181162,-0.14104763453294,-0.0797788284554884,-0.0663720240755404,-0.066795897883465
-0.19094671649916,-0.110738477697801,0.185881322493536,-0.06408326782062,-0.0653252052826387
-0.0768699959773424,-0.0951974378381716,-0.143967473308668,-0.0629693965926812,-0.0640647761774139
0.158456179668713,-0.0834889737194786,-0.112349510783877,-0.0618754037180875,-0.663111407006043
-0.136678941058293,-0.0767940112044714,0.0219298961693917,-0.0618754037180875,-0.063159103469628
-0.107736025580028,-0.0719204148867849,-0.118800016506112,-0.0618754037180875,-0.0625339398407947
-0.0926874875334076,-0.0690602761671569,-0.0980083508922224,-0.0618754037180875,-0.101604747493618
-0.0817319016524736,0.133745476789683,-0.086375230958085,-0.0618754037180875,-0.0619119950033416
0.0721639037143015,-0.495673313405324,0.179078345670992,-0.0618754037180875,-0.0619010962716675
-0.114558632243526,-0.0606565884761898,-0.146743583994658,-0.0618754037180875,0.0110885291211806
-0.51454692128799,-0.115333139754695,-0.114486360161532,-0.0618754037180875,-0.084603483819853
-0.098896458292166,-0.0943625544886871,-0.0978421841039901,-0.0618754037180875,-0.0748890050105348
-0.0859520938521713,-0.0719756163033834,-0.085295684588397,-0.0618754037180875,-0.0856385355320237
-0.0784971284612818,-0.0815231273680371,-0.0779569528493852,-0.0618754037180875,-0.499385403235033
-0.0730201127537949,-0.0752131629831848,-1.2221991928579,-0.0618754037180875,-0.0676270361261649
-0.0698381250114975,-0.071200415292896,-0.0865599926963276,-0.244253676137142,-0.905417896516057
-0.561505508257345,-0.401910418800782,0.0832330900378328,-0.0555161679452042,-0.0623780078107219
-0.0678086294374895,-0.464080208465666,-0.121461411432595,-0.0639005567738169,-0.068587958023972
-0.0656918023532226,-0.0680669249151922,-0.0986813154821118,-0.0630262529609845,-0.0662709725748517
-0.0643241102061202,-0.0538723141386648,-0.0861006553193113,-0.0626195080682809,-0.0649077176221561
-0.0634731169416542,-0.428708423250281,-0.0784950068488387,-0.0623420106854054,-0.0638002248447755
-0.0626028173603925,-0.0670402719559256,-0.0719412250089866,-0.0621899071074051,-0.0617336164984806
-0.0623180414678226,-0.0646282067666731,-0.0684259653444618,-0.0620869126820192,-0.0629964609724261
-0.0619252051101556,-0.0635653602166836,-0.0661063331761593,-0.0620291883202537,0.180848812570523
0.163377121151571,-0.0628993720292415,-0.0649110787888904,-0.0619853578472506,-0.133539045997425
-0.12842047713327,-0.0625367676835962,-0.0639637374207943,-0.0619508579609099,-0.13862210728714
-0.101699129877642,-0.32981670480097,0.165277048982141,-0.0619283856312992,-0.0917372349132937
-0.0884695286229929,-0.077518715679783,-0.130118829008574,-0.0619090355378977,-0.0810580020854679
-0.0789098435060205,-0.062153588252801,-0.1028364030262,-0.061897109961243,-0.288814359895214
-0.0735184110176161,-0.0620707710274936,-0.0891692621323607,-0.0648366000375666,-0.0729430827581987
-0.0697803970944393,-0.0619994332699901,-0.0793318279310692,-0.0759363125484498,-0.06999429461106
-0.214724152094161,-0.0619554593280805,-0.0914880009443664,-0.0618754037180874,-0.0677154369176153
-0.14803914209793,-0.0619145822033026,-0.0700625569396014,-0.0618754037180874,-0.0774318108672296
-0.0654759720433917,-0.0640813593339962,-0.0678694160862813,-0.0618754037180875,-0.119643250096492
-0.0644111606644033,-0.0618754037180875,-0.0661826157470591,-0.0618754037180875,-0.0964097868893205
-0.0634882996006643,-0.0620279969078275,-0.811700009612257,-0.05222576088435,-0.0721663186221643
-0.29239456930334,-0.0618754037180875,-0.0662868612363814,-0.148377385362571,-0.0802513644100096
-0.0625175585964536,-0.0618754037180875,-0.0646857149585635,-0.53927437248906,-0.0738916295990774
-0.0621932179532744,-0.0780853368113595,-0.0636933531439127,-0.0638515260462792,-0.176979503150795
-0.0618754037180874,0.0569536671765032,-0.0627662443700374,-0.0631158181122581,-0.0681252459648055
-0.0618754037180875,-0.142465605855801,-0.0623163790922428,-0.0627120123186103,-0.0663230722480478
0.128034679884355,-0.113052427266389,-0.0618754037180875,-0.0624382832433784,-0.198050548383351
-0.118659615355604,-0.0959908548781856,-0.0618754037180875,-0.062284788157648,-0.0643451210515482
-0.0955876200909017,-0.0844775110119676,-0.0618754037180875,-0.879314418675883,0.204683466049577
-0.0842722376126338,-0.0773843611713752,0.183215762294893,-0.062330393413735,-0.133741145345036
-0.0761713932111622,-0.0727706314213854,-0.133771472146802,-0.062194988316662,-0.11154934878582
-0.071623995976495,-0.0559888398002336,-0.10500564689474,-0.0620783136119147,-0.0950777686677049
-0.452383961970568,-0.0718398187636036,-0.0908422964786559,0.266878140701121,-0.0831708290556714
0.0599977475678322,-0.0682760633794902,-0.0804642782025671,-1.68152314858517,0.198813602666868
-0.105927326575933,-0.0661476655875211,-0.0745970873480641,-0.358229232436518,-0.165582109899653
-0.0883308643946239,-0.0645939094062852,-0.0705201226155663,-0.313830364604705,-0.117746174609487
-0.0795327311264307,-0.0635642047068089,-0.0682065732860381,-0.259803625914513,-1.18533929090196
-0.0731213790673386,-0.350839930835501,-0.0664260214640825,-0.221421000251229,-0.0191596417479973
-0.069481188982064,-0.0625506702326225,-0.0650100492725077,-0.185512965521308,-0.148824569197717
-0.0668409086921759,-0.0622000971952479,-0.0640822397822796,-0.16243720816221,-0.120285711952233
-0.562924976951262,-0.234232081031283,-0.0635866191030244,-0.140518272358692,-0.104194707384462
-0.0118590921400899,-0.0620613065205613,-0.0629925189871857,-0.118960569252728,0.0554081936858685
-0.130496116733308,-0.0619934237848101,-0.205040183252136,-0.104735944343959,-0.00877817500544822
-0.103389061402135,-0.0456628399542413,0.103753586297033,-0.0900503102557503,-0.142089835092435
-0.0896149682109458,-0.637440756739451,-0.114492561324696,-0.0804900540090707,0.0456810606187289
-0.0796846518539463,-0.0671235806987439,-0.0931433638519022,-0.0711248343484515,-0.136595604209928
-0.0738980869846825,-0.0652591836325312,-0.428220768678596,-0.0664928337153496,-0.108840484658524
-0.0699657610742169,0.217644070292795,-0.0806246985035773,-0.0619009288805371,-0.093716706670209
-0.582398041564468,-0.144872475609918,-0.0747080850995088,-0.0618939596529605,-0.0826456026526636
-0.0688212801239513,-0.11220502607785,-0.274582364142936,-0.0618886694485533,-0.0764743333986876
-0.066669521247547,0.189079526669735,-0.0758392539951016,-0.061884506368989,-0.071897617092714
-0.0652552731751518,-0.162205675407133,-0.0710577682215008,-0.0618817949905737,-0.0690344975047604
-0.0639230818995383,-0.360305780076891,-0.0680866836116437,-0.0618794606108236,-0.0668209471984393
-0.640411005346981,-0.25020055813825,-0.943603790039302,-0.061878022005117,-0.0651932396045972
-0.0631225754660655,-0.391701993594124,-0.06846122996748,-0.061876685009983,-0.333123366483894
-0.0909638312352766,-0.18616025057344,0.0952435286933687,-0.0618760375492599,-0.0635593640951407
-0.0656261231389133,-0.157217793031141,-0.112850108434904,-0.0618754037180876,-0.0632969070587459
-0.0640112379372537,-0.19276899636982,-0.092045892473083,-0.0618754037180874,-0.00932929021382587
-0.0632577408531257,-0.110265492726118,-0.0801006187418438,-0.0618754037180876,-0.0786523385229872
-0.0627433184399231,-0.100842471783325,0.165298555555195,0.0716566790656175,-0.0714146939822923
-0.0624607848194216,-0.0897267542396201,-0.139839747938205,-0.102586789513872,-0.0683823558327695
-0.0622692177175799,-0.0807161931428576,-0.368046032946363,-0.140084740825101,-0.0138860111762009
-0.0621617277974905,-0.0744606839188021,-0.104285169236871,-0.0784799707741225,-0.0828377786610622
-0.0620800170702389,-0.0694583948080797,-0.0898339101168597,-0.0724236718903558,-0.0742394377021469
-0.0620157861255289,-0.0995835389453423,-0.0811765311781753,-0.0690456531773264,-0.0700864434206475
-0.0619738424363202,-0.0638531861691024,-0.0750526869302152,0.0331075225714557,-0.0671690765236191
-0.0620949854057798,-0.0628738466628901,-0.0714950319771608,-0.0856966326421913,-0.0670189043104751
-0.0619156106147938,-0.0619289091271614,-0.0687247079904266,-0.0853724775502783,-0.0643217296368352
0.214776615631931,-0.0619049280920147,-0.0664559852890783,-0.0771837629835734,-0.429230581667024
-0.658546800463458,-0.0618941448190549,-0.065026649607135,-0.0717545563700517,-0.0636440823802356
-0.144693552264942,-0.061887499225061,-0.0637665020372393,-0.0684810423801382,0.173773960432131
-0.119265883035272,-0.0618813228492835,-0.731818843929854,-0.0663219407815634,-0.132211855412485
-0.0995962416132435,-0.0618783318118978,-0.0630449660056473,-0.064973976728801,-0.104109694160588
-0.0881168852967883,-0.0618754037180875,-0.0624539568905793,-0.0640476703082278,-0.0901366458079775
-0.0799138619715388,-0.0618754037180875,-0.0618775659241683,-0.0632942131626216,0.0945445371610756
-0.0751957749631392,-0.0618754037180875,-0.0618769218655762,0.063429065307315,-0.125256863626524
0.124083935603292,-0.0618754037180875,-0.0618763673660935,0.153022560764139,-0.100863666457927
-0.126050455266632,-0.0618754037180875,-0.0618760256474354,-0.155342729935226,-0.299146497864951
-0.101021588318941,-0.0618754037180875,-0.0618757080666328,-0.119273947138881,-0.0836272061395385
-0.087953072816137,-0.0618754037180875,-0.0618755542735192,-0.101860451983079,-0.0768670626036214
-0.0786243191492751,-0.0618754037180875,-0.0618754037180875,-0.165602274317655,0.177212961213952
-0.0729813427231898,-0.0618754037180875,-0.0617743412664418,-0.0819266729129676,-0.145580757378599
-0.0692512905588039,0.0717318374318828,-0.0619076565823571,-0.0757618064842215,-0.113542008648314
-0.0669440243755501,-0.341735821774104,-0.0618937036780975,-0.0720219338427554,-0.0967279229626658
-0.0655147413065157,-0.4500080764281,-0.0618872248915645,-0.0691043857720854,-0.0844884663523229
0.217008559532373,0.00757793565173144,-0.0617725905811489,-0.0668924749547208,0.178556285368763
-0.617600164906406,-0.109584317360578,-0.061915570528093,-0.0653346678095312,-0.145270696734138
-0.0273071953578398,-0.0919081171390842,-0.0618987180138688,-0.0640919042674802,0.00596695720089715
-0.150043612833781,-0.0820929941141207,-0.0618907358490274,-0.0632398289308419,-0.413113271288455
-0.118813732193493,-0.075603897502449,-0.745012230100868,-0.0625529587216206,-0.129889652382669
-0.101387487122734,-0.0714875806319021,-0.0618885525201715,-0.0621604867964278,-0.102855783037733
-0.0884352966180745,-0.10091713493012,-0.0622238845509057,-0.0618874283137084,-0.0893065062502148
-0.0810946808024903,-0.066763790301697,0.0675677605992296,-2.24982110737461,-0.0814066958894168
-0.490830190674309,0.192621371504909,-0.101401679663529,-0.0619014127706535,-0.636982754959409
-0.0803752327236677,-0.139034026945133,-0.0850168403918159,-0.0618882701484384,0.0771203996336388
-0.0746212028917545,-0.108546920193988,-0.0771136964737646,-0.0618754037180875,-0.11942200695727
-0.0702722731253858,0.142001786206379,-0.0715447722578141,0.0703111666314603,-0.0970746807342707
-0.0674553401450774,0.0628379491140736,-0.0684433156130128,-0.102195248931479,-0.189956669937747
-0.0650534452716792,-0.171053047402318,-0.066315521128665,-0.0854961478015234,-0.0783248814519378
-0.0637372576850952,-0.133854783058245,-0.0651154864940388,-0.0774354613636236,0.130147030406745
-0.062545748105627,-0.111341558244032,-0.0641980448529955,-0.0717516453557868,-0.128170280349262
-0.799280335054114,-0.0954190102244842,-0.063472257434226,-0.0696399824110906,-0.226348199384265
-0.0621799287710298,-0.0852602401517286,-0.0957089722254038,-0.0664168029362175,-0.214935832072611
0.0408128561985823,-0.0852906980206089,-0.960248673137211,-0.0651897697226712,-0.0845194258089843
-0.0937070849658813,-0.0768970297360766,-0.0630437193125293,-0.0642515745811753,-0.265838300309156
-0.0804069740518732,-0.0735072292487657,-0.0624476304264867,-0.0635091338536216,-0.07856317611782
-0.0740180197763901,-0.0696418465581342,-0.060462636700117,-0.0630240878454815,-0.073428324592499
-0.0695554576395255,-0.347523973971959,-0.0624163543851812,-0.0626052181844374,-0.0698395568973038
-0.0670694634441118,-0.0660762208299597,-0.0621824562480993,-0.0623467016903333,-0.0671971308360201
-0.0653828088135437,-0.0644407535031942,-0.154614719314758,-0.0621061198664039,0.119956885128858
-0.0644328572583369,-0.0876226741586279,-0.0620118128758498,-0.0619895542605449,-0.119405232101515
-0.063707728511751,-0.183099378778721,-0.0619673210904582,-0.0618754037180875,-0.0962445963148778
-0.0634065327574055,-0.791153503416818,-0.0619372082335237,-0.0618754037180875,-0.0845650928437756
0.176237915302907,-0.177673965523879,-0.0619203349303227,-0.0618754037180875,-0.0763004867370958
-0.122234933123853,-0.133175576964146,-0.0599522464055499,-0.0618754037180875,-0.0715295388427483
-0.122103184370369,-0.112939788465317,-0.503565946693885,-0.0618754037180875,-0.0671371189550276
0.0364830513825376,-0.097695312671588,-0.0624497310343899,-0.0618754037180875,-0.0110410904240521
-0.119288861380008,0.0473042934503783,-0.0622463007004134,-0.0618754037180875,-0.134023385999703
-0.0978694747335172,-0.124823046851027,-0.0668253097843787,-0.0618754037180875,-0.0750909475789548
-0.0861756062457192,-0.0928327221091793,-2.44293379625937,-0.283799619165818,-0.0706318518527495
-0.0782634692157512,-0.0896712962431343,-0.0629996101720322,-0.0618754037180875,-0.0674207219154793
-0.0733403171755375,-0.0796415791285612,-0.0626745600458427,-0.0533616094867127,0.0536964864130574
-0.0697306631240977,-0.0738197790471991,-0.0624471072116324,-0.0645847049837665,-0.118703111553502
-0.0675416653799442,-0.0692323079752115,-0.0622678787911431,-0.0634158660689175,-0.0959061129683477
-0.0657737021249451,-0.066782476948862,-0.062151063396995,0.243200273384485,-0.0844817119877885
-0.0644989018032445,-0.0646998916735403,-0.0646295959457033,-0.304427376343737,-0.076371351854081
-0.0635318289722532,-0.0638277628909461,-0.0619886646245063,-0.143903088310875,-0.0717822492532322
-0.0628623819529777,-0.0632506903851473,-0.0619308339431563,-0.105779946176309,-0.0685722260624731
-0.623815832588534,-0.0627556920739665,-0.0619028251249324,-0.09043722794911,-0.0667440478667111
-0.0622942077154129,-0.0624487481851526,-0.0618754037180875,-0.0815991486540135,-0.0653220550752458
-0.062082642897242,-0.00917748348459325,-0.0618754037180875,-0.0753609119394423,-0.278577447971596
-0.0618754037180875,-0.0786266908515603,-0.0618754037180875,-0.0717912619269636,-0.0638803097351718
-0.0618754037180875,-0.071435335467109,-0.0618754037180875,-0.0690184069609113,-0.0486810389016544
-0.0618754037180875,-0.0680978886980789,-0.0618754037180875,-0.0668042812588243,-0.0672859380345209
0.233340940877671,0.160527360744176,-0.0618754037180875,-0.0653435067801916,-0.268097534930443
-0.146886434642616,-0.130954569087476,-0.0618754037180875,-0.375171852766175,-0.0641970681453038
-0.3982957268332,-0.10354818444499,-0.0618754037180875,-2.01001494115125,-0.0631804554161245
-0.108544046345646,-0.089879736685944,-0.0618754037180875,-0.0685497999119464,-0.0627556551861488
0.107888241730913,-0.0799401500752861,-0.0618754037180875,-0.0972831746581695,0.0800815617120506
-0.139746682283298,-0.0742441600677314,-0.0618754037180875,-0.0618754037180876,-0.0974213727049109
-0.110939128355076,-0.0702962470432765,-0.0618754037180875,-0.0125605291317107,-0.399810589797225
-0.0959861107449619,-0.0680024399772912,-0.0633060895114038,0.0243982813742096,-0.0870987160540559
-0.0847426410002886,-0.237641399922101,-0.0618754037180875,-0.110324001268822,-0.0780756252513541
0.187831901354348,-0.0654193881680169,-0.0618754037180875,-0.0915816561264629,-0.072866463157829
-0.148242542040386,-0.0643499892126927,-0.0618754037180875,-0.0813607442857249,0.135963401928034
-0.771992607334438,-0.144050227037028,-0.0634381415613289,-0.0745678586643243,-0.542194862888767
-0.133829312469188,-0.0614120966100502,-0.0618754037180875,-0.0705129731214189,-0.123107151474657
-0.436969559403389,-0.0629282484269154,-0.0618754037180875,-0.0678768921700497,-0.432866002005835
-0.108712720919441,-0.0624364341065937,-0.0618754037180875,-0.0662364244468816,-0.0893952423732771
-0.0929775154601542,-0.062068691228304,-0.0618754037180875,-0.0649629410242576,0.0136948553284839
-0.0856819130753699,-0.0465505050152872,-0.0618754037180875,-0.0640154868652282,-0.11299268900968
-0.0787000895654407,-0.0668602785603328,-0.0618754037180875,0.148649969362558,-0.0946700117617545
0.0911199421940658,-0.0647235250609829,-4.66356299308167,-0.125579531004529,-0.0843109031387698
-0.135652654861304,-0.314766461321739,0.191060396325083,0.0643035334113725,-0.0765089058901273
0.0646418821116389,-0.0633713742312236,-0.135870904534151,-0.133947179999773,-0.308634436064903
-0.13234558582802,-0.062885073454733,-0.106428914788669,-0.1065539111095,-0.0704160142462223
-0.10515062812896,-0.399191401089544,-0.0917475859417625,-0.409650769376328,-0.0678478961389121
-0.0909722780676703,-0.593283896804733,-0.081061373038518,-0.0893998818099268,-0.0656617996962238
-0.0805000822757945,-0.0627661182908719,-0.0750128427960826,-0.0813853753322334,-0.0642772435882826
-0.0749248947463833,-0.0624815624704243,-0.0708062721552298,-0.0755216781873121,-0.467025285556154
0.132939717120085,-0.0622967686468341,-0.0684181361936244,-0.0716981201351821,-0.0631186597827049
-0.0815778888035966,-0.0624127968774893,-0.0665791414277226,-0.0689105726670095,-0.0626668416615336
-0.11572802839699,-0.0620474591638938,-0.0651158156161024,-0.0665989706526472,-0.0622631279274493
-0.184336127614782,-0.100937425818073,-0.0641568773726629,-0.0651121957374219,-0.0620582215043921
-0.0892544506891353,-0.0663318430367961,-0.0540148767310207,0.153574557438257,-0.0798343547276634
-0.0800319075903813,-0.0618790233220563,-0.0657692812476778,-0.127241283077265,-0.0618754037180874
-0.0741592487082621,-0.0618779451499795,-0.688519461977595,0.0494455263603546,-0.0618754037180875
-0.0703946713756912,-0.0618770168998382,-0.0643372134270481,-0.124739838696365,-0.0618754037180875
-0.0610940529228932,-0.0618764448509537,-0.0631556797431568,-0.106195528657955,-0.0618754037180875
-0.0681439722907517,-0.061875913209034,-0.062738926185233,0.089955578141626,-0.407721561028467
-0.0659936113760804,-1.28639058950459,-0.0624564042738103,-0.133782857213563,-0.0618754037180876
0.0807759177442831,-0.0618754037180876,-0.0622979742675029,0.0229381299551868,-0.0618754037180875
-0.107572385993966,-0.0618754037180875,0.249143111047088,-0.130004237353392,-0.0618754037180875
-0.375339620358619,-0.0618754037180875,-0.151287091572051,0.0561110711644045,-0.0618754037180875
-0.101162287766514,-0.0618754037180875,-1.61238978441797,-0.137162060282427,-0.0618754037180875
-0.0770695012615408,-0.0618754037180875,-0.238194994327216,-0.109495894705999,-0.0645798388033444
-0.125617553236188,-0.0618754037180875,-0.190670747981146,-0.0947553236043536,-0.191429708208937
-0.119745670864666,-0.434927829012267,-0.158999632624792,0.0626187507763103,-0.0618754037180876
-0.0975424230780431,-0.0618754037180874,-0.132885600588142,-0.119969533888257,-0.0618754037180875
-0.0860171031691622,-0.0686886989095919,-0.116790227445474,-0.0979037122967916,-0.0618754037180875
-0.0775641822738932,-0.066587084813474,-0.103068500870245,-0.0863600568689138,0.212902825945636
0.0579118869704835,-0.0645586022741562,-0.0911556408012523,-0.0800745049540409,-0.577673431503233
-0.108333283012988,-0.0636124710189215,-0.0829585003953909,-0.0774060870126964,-0.137537639789319
-0.0902059629761907,-0.0629655507257879,-0.0754922965037364,-0.0719484833575003,-0.11398070483036
-0.0807660231793844,-0.0626105705978541,-0.0707630964619515,-1.32317301657058,-0.0959697594333086
-0.0614520178559451,-0.062369990153138,-0.0662536557319769,-0.0781566143725876,-0.0855202120844996
-0.0739879788437354,0.118388911027036,-0.0640483485040982,-0.0724246887728606,-0.0780929964958328
-0.0696211928498514,-0.116283352388528,-0.0618754037180876,-0.0690419123243082,-0.073734764300815
-0.0672809878559698,-0.0941423345306655,-0.0618754037180875,-0.0662695100146913,-0.0705421519979755
-0.0654904291370635,-0.0832951830521722,-0.0618754037180875,-0.0648125383090144,-0.0678622761068469
-0.0642956750935039,-0.245784705794438,-0.0618754037180875,-0.0635002479790328,-0.0660994648109915
-0.0634573259300755,-0.0729220890879715,-0.0618754037180875,-0.0628136385915943,-0.0645658272509321
-0.0629203917396746,-0.0693611616956726,-0.0618754037180875,0.12657913397806,-0.106278491367004
0.168308151417446,-0.0673459631692689,-0.0618754037180875,-0.118495186547115,-0.05423573816277
-0.456286608800038,-2.42617935855078,-0.0103714816266765,-0.0954724158351631,-0.0650292980092576
-0.119264792700344,-0.0908392722346866,-0.0780264328444844,-0.0841808333815188,-0.0634213717677406
0.0193236072781264,-0.0827249597284064,-0.0711564457685532,-0.0760855755924816,-0.0628753773606614
-0.0058013068752176,-0.0753388516171524,-0.0679166806918956,-0.0715647727743009,-0.0625026824801963
-0.357061528246545,0.0326398691961456,-0.0656801144367292,-0.0684431418292185,-0.530628316063363
-0.119510117847517,-0.0977282494986094,-0.0644470479365991,-0.0666770456701743,0.051364699494933
-0.101709115981796,-0.0825043526633144,-0.063608149543246,-0.11798958803248,-0.107557697019971
-0.0891474510078294,-0.0679473315377664,-0.0631369112076232,-0.145505970695496,-0.0888002636034065
-0.0807609008511703,-0.0714519912367648,-0.062778223870212,-0.0637836168804558,-0.0796703887210275
-0.593308793122134,-0.0682534932371219,-0.0624953638769857,-0.06308853734448,-0.0732030448487446
-0.0777640767595313,-0.0661538628253896,-0.0623109246784523,-0.0626591302488735,-1.15355083396129
-0.0729664833330955,-0.06856761371439,-0.0621519498633646,-0.0622591534186162,-0.0773547009120696
-0.069095782397986,0.00894281305426887,-0.0620539244695541,-0.0620652918031005,-0.0732469757350809
-0.0665442825874929,-0.101568552387087,-0.0619627765521444,-0.0618754037180875,-0.0700695786410404
-0.0644603241468869,-0.0853207795816025,-0.0619186282084184,-0.0603313272644272,-0.114840159904733
0.103373870819658,-0.0773183909852458,-0.0618754037180874,-0.0623679350920514,-0.733616056709473
-0.112986361807502,-0.780323798057162,-0.0618754037180874,-0.0621549620461707,-0.0670607959323683
-0.0919201138250323,-0.0385579343975728,-0.0618754037180874,-0.241869542915744,-0.0652363377188953
-0.219498677628316,-0.0823195993510568,-0.0618754037180874,-0.0620109199775488,-0.0635242416718619
0.107989014619323,0.0843516418883272,-0.903691265025647,-0.243851767221928,-0.0626920584579382
-0.276552018727133,-0.118047898086698,-0.0618754037180875,-0.0619490518733691,-0.0618754037180875
-0.108315641255344,-0.0959522147017185,-0.0618754037180875,-0.061928945675587,-0.0618754037180875
-0.0936577255365413,-0.0908810439214191,-0.0618754037180875,0.202224823735074,-0.0618754037180875
0.0960135982306187,0.0262787731794364,-0.0618754037180875,-0.138869966434502,-0.0618754037180875
-0.128242539049878,-0.103018988746978,-0.0618754037180875,-0.108352469999821,-0.0618754037180875
-0.103056836390137,-0.0868948718299641,-0.0618754037180875,-0.0930881269142923,-0.0618754037180875
-0.330663783409968,-0.0787813048612788,-0.0618754037180875,-0.0819449035865476,-0.0618754037180875
-0.155349759455486,-0.0728736735716949,-0.0618754037180875,0.194614839482447,-0.0618754037180875
-0.0791918484998587,-0.0693786091357484,-0.0618754037180875,-0.141053449213743,-0.0618754037180875
-0.0828129622864785,-0.0670063690140043,-0.0618754037180875,-0.117670523488301,0.17701353301073
-0.0702051448870426,-0.0654622318589827,-0.107817382311512,-0.26819275208437,-0.13210303945755
-0.0677514335453369,-0.0643716387486654,-0.0618754037180875,-0.091367478165453,-0.104029461303473
-0.065704211548464,-0.0634568399473029,-0.0618754037180875,-0.0531276120312379,-0.0899884380887842
-0.0644570731244942,-0.0629283136135677,-0.0618754037180875,-0.137457480020391,-0.079994588535158
-0.0724193883255006,-0.062455023736743,-0.0618754037180875,-0.106096163552285,0.106443306310445
-0.0628321153879009,-0.0622496631827412,-0.0618754037180875,-0.318385648899661,-0.123495785929915
-0.0623439155309342,-0.0620586030234747,-0.0618754037180875,-0.0866647196717787,-0.0998349897018688
0.0155124407696936,-0.0619660413155963,-0.0618754037180875,-0.298482738679768,-0.0875816488244156
-0.150585086247943,-0.0478466148351197,-3.99209065217862,-0.0761171721941681,-0.0785779113410034
-0.115942747211858,-0.0663313306660356,-0.0618754037180875,-0.461494856744911,-0.0733708327314271
-0.0984217686171344,-0.0644124458725848,-0.0618754037180875,-0.0719705137991639,-0.0696020317691909
-0.0854787778666626,-0.0635176533832595,-0.0618754037180875,-0.0685274376628091,-0.0674229019185624
-0.261107316258745,0.232485515008543,-0.0483895826598872,-0.0659874663107589,-0.0656684777256632
-0.0751680633389234,-0.147588539206343,-0.0661596621368147,-0.339818546957132,-0.0644065442842695
-0.0716506393514679,-0.113948133794707,-0.0643143750098698,-0.147956512892059,-0.0635112983005413
-0.0689226987091521,0.140862382928959,-0.0634540436111002,-0.114027621269462,-0.0629151337352646
-0.0667399395152894,-0.166038733738336,0.00692138764782158,-0.0968744066134807,-0.558180800891891
-0.245143431264808,-0.128426972931218,-0.0842599848745768,-0.149757979372264,-0.287689016405329
-0.0644892371781862,-0.107741575596982,-0.0748699998070755,-0.078133837221965,-0.216999388375252
-0.0635659807157094,0.0663202339891354,-0.0703954601016708,-0.0729571275944524,-0.176322698804632
-0.0627037500438249,-0.129314490327867,-0.0672803004021826,-0.0700090572454151,-0.140906361464613
-0.0808733331057531,-0.104465062858744,-0.0655363900906275,-0.0677309224542185,-0.11887808545677
0.12586859987504,-1.29873890908494,-0.0643490903135556,-0.0659132136357764,-0.102112758052858
-0.118054008204898,-0.0364411814028354,-0.0636672652349297,-0.0133277176003804,-0.0926788749949408
-0.0952116521396072,-0.14420683884969,-0.0631534615196144,-0.0797392923649088,-0.0841260589443496
-0.0840154434277575,-0.117115169182231,-0.0627443456933654,-0.0722925090555524,-0.0774346862604413
-0.0743830194604066,-0.100534266775679,-0.0624813342321891,-0.068482777195106,-0.072946497375131
-0.0720153376654084,-0.0879451722665064,-0.0622532001914127,-0.0659640912607301,-0.068966930022508
-0.0686959528924809,-0.0791608901677737,-0.0621193056165706,-0.158511974507892,-0.0664790516072734
-0.515381415316064,0.0863219032392242,-0.0619947816483341,-0.129085148214002,-0.109149876204195
-0.0594897344522972,0.00927207129543239,-4.39629053702099,-0.0971800388070241,-0.0630471745789941
-0.0682134390802723,-0.00549521722854944,-0.0618754037180876,0.0200056164942867,-0.0618754037180875
-0.309088854758675,-0.140082570094336,-0.0618754037180876,-0.112965848676274,-0.0618754037180875
-0.397732120248411,0.00742123322081034,-0.0618754037180876,-0.0939524800549713,-0.0618754037180875
-0.0649419845795736,-0.233672444356379,0.0382345411803989,-0.0834303661567281,-0.0618754037180875
0.0509750558417749,-0.109785446825832,-0.021323459565737,-0.0764065121873564,-0.806903572696963
-0.0979505181150797,-0.0949727469766469,-0.101203625146805,-0.0719721052565188,-0.0618754037180876
-0.0827654966854774,-0.0915464789193149,-0.0862832006154204,-0.0687669914462265,-0.0618754037180875
-0.0756283336937548,-0.0779297966741469,0.0604050340426382,-0.0668048546505212,-0.0618754037180875
-0.0706043934198384,-0.0730136589778465,-0.113385783928644,-0.0652562139922935,-0.0618754037180875
-0.067803402799727,0.124989798467691,0.0481219117214823,-0.064152601293515,-0.0618754037180875
-0.0658740283870925,-0.124780711884427,-0.124113719049988,-0.063304599012043,-0.0618754037180875
-0.0647861843062806,-0.246331856999557,-0.0296763049804667,0.186136216809599,-0.0618754037180875
0.158211641437169,-0.0911780234880221,-0.108150287786221,-0.135138449793161,-0.0618754037180875
-0.128781458747491,-0.0804729570704483,-0.0918914898384551,0.124958229620709,-0.0618754037180875
-0.336845133335811,-0.0744266407408272,0.0813241516895031,-0.155523075919784,-0.0618754037180875
-0.0959567083086174,-0.0701925054832651,-0.123559499264791,-0.120729628103286,-0.0618754037180875
-0.0838554081874127,-0.0922801666621073,0.0628667733760108,-0.102307006195394,-0.0618754037180875
-0.0768713875067814,-0.0662031156070353,-0.134204401726363,-0.0886251186704922,0.11141909499761
-0.426901968126417,-0.013615862643416,-0.10713196201109,0.0478600252623476,-0.113989884895141
-0.0723996031870651,-0.116122175631509,-0.0927480121461926,0.129758070932662,-0.0926981143381694
-0.0694675640157315,-0.0941610752658645,-0.0821221856182498,0.0181527375176635,-0.0823028087412176
-0.0671184646944435,0.116554903083342,-0.0760159675991524,-0.409271990465476,-0.0748931159357287
-0.518496302021134,-0.204594838644743,-0.0714862857456639,-0.106809427693321,-0.0707427379846002
-0.0655809843810706,-0.109296888147915,-0.0687099677331146,-0.133405462105697,-0.00062298144598705
-0.0642742601513897,0.0218842258944281,-0.066620619987908,-0.115730699039997,-0.0870437104129112
-0.063051412558348,-0.11690676277469,-0.0650457130185371,0.0339927646754894,-0.0770708016513116
-0.0624576644580827,-0.0968462209537149,-0.0640118094235459,-0.545413094269029,-0.0719389670352385
-0.0542864135251391,-0.0855527149830901,-0.0631467000658687,-0.141927782650629,-0.0683945604157231
0.204782061501996,-0.0779322583403566,0.190099013693602,-0.107809628398281,-0.383140060250654
-0.141286480014707,-0.0730110814046426,-0.1360809312706,-0.0931209445701683,-0.072765901394936
-0.109997329376634,-0.0694618263749074,-0.10654339821939,-0.0736647673161723,-0.0669044863864821
-0.0942229536566987,-0.0672051761937273,-0.091738027316953,-0.451816815231237,-0.0669835868782568
-0.0827179544839156,-0.0654765638745414,-0.0810550815685909,-0.0786918968408289,-0.0649312624309768
-0.0761667744286831,-0.0641958437502172,-0.0750084646305391,-0.0726117742900597,-0.446638637999487
-0.0716130781497631,-0.0633363155992111,-0.0708032628659129,-0.0684852908178747,-0.0638807500952737
-0.0690121249686004,-0.0627485143529236,-0.0684159144821412,-0.0659761346630186,-0.0632644561406664
-0.882052875257725,-0.0623131686962014,-0.066577535179989,-0.0644737933829193,0.214662378013971
-0.0698834247397561,-0.0729425393372847,-0.0651147046676732,-0.0635168855522005,-0.142806052836748
-0.0675273947166386,-0.0619825854633865,0.103887630160728,-0.0571690085880332,-0.110878472975449
-0.0654805886618056,-0.0618754037180875,0.0958510775792269,-0.0641397959580575,-0.0948544391364619
-0.0642002659451001,-0.0618754037180875,-0.150660050581474,-0.0630140688963992,-0.0831164979476975
-0.0630152220715581,-0.371966720624974,-0.232973092652282,-0.0626103058202778,-0.0764259587279807
-0.0624329587539052,-0.0618754037180875,-0.104216645567303,-0.263158192356236,-0.0717694527162419
-0.0618754037180875,-0.0620000677264431,-0.0898456983308806,-0.0622447865995938,-0.0691097264492581
-0.0618754037180875,-0.549348947860008,-0.0811585194835465,-0.0563589800517402,-0.0670785949113466
-0.0618754037180875,-0.0618754037180875,-1.35356387530316,-0.0638747508906749,-2.07920937370716
-0.0618754037180875,-0.0618754037180875,-0.097843854822857,-0.0630358625867478,-0.0809449539205005
-0.0617671018142915,-0.0618754037180875,-0.0880461830896071,-0.0626304524065076,-0.0709114154332129
-0.061909966881139,-0.466132125713062,-0.0803772672106933,-0.0623549497958014,-0.0709134411869367
-0.061895014554557,-0.0618754037180875,-0.0746542696808657,-0.0621964138965082,-0.0664103557371014
-0.0618880716883952,-0.0618754037180875,-0.0701147397636253,-0.0620903168782458,-0.0642169607641898
-0.470433084302283,-0.087169499194188,-0.0668260630087504,-0.0620261275937544,-0.0621178287360982
-0.156963657543647,-0.156587981341732,-0.0643137691099626,-0.0968101034279325,0.10527833556862
-0.120140339497813,-0.0618754037180875,-0.062773343727208,-0.0619461839177135,-0.112394030600769
-0.101401610836878,-0.0618754037180875,-0.0618754037180874,-0.0619251034478201,-0.091731704269144
-0.0957058152491869,-0.0618754037180875,-0.0618754037180875,-0.0619069519912484,-0.0816514017941847
-0.079642168155974,-0.0618754037180875,-0.0618754037180875,-0.0618957651888133,0.0326159091032146
-0.0740007529323676,-0.0618754037180875,-0.0618754037180875,-0.192178026894452,-0.102788195388106
-0.0632630062220466,-0.212914998041164,-0.0618754037180875,-0.0618810188449484,-0.0867140929655641
-0.0972386618684186,-0.212922831350954,-0.0618754037180875,-0.0652245965003833,-0.0787069472029761
-0.0678443935230755,-0.250189524760881,-0.0618754037180875,-0.137131183395111,-0.072930619780594
-0.0663748993278414,-0.0618754037180875,-0.0618754037180875,0.00503473299439731,-0.0694292580756747
-0.0644982309313571,-0.280586156554487,-0.0618754037180875,-0.082747273815104,-0.0670454820632276
-0.0635879611760769,-0.0618754037180875,-0.119200876405916,0.0828565522500033,-0.0655180537545335
-0.327593559517727,-0.0618754037180875,-0.107356064817074,-0.116328291350431,-0.0644240640159768
-0.0625441433651352,-0.0618754037180875,-0.0618754037180875,-0.0945750929421817,-0.0635115524411006
-0.0620561593245674,-0.0618754037180875,-0.0618754037180875,-0.0837109710307645,-0.0629656700125273
-0.0619995468457218,-0.0618754037180875,-0.15876571471109,-0.0675160655763631,-0.0624770121778968
-0.061962539474067,-0.0618754037180875,-0.0618754037180875,-0.00195330229512344,-0.0622638681044746
-0.061930826687842,-0.476939938066777,-0.178739263933756,-0.0921422689203765,-0.0620655583179085
-0.0619111626486688,0.0822991165310372,-0.0618754037180875,-0.0805648961550987,-0.0619694829267635
-0.0618930162086313,-0.105670570509006,-0.12634193233868,0.0998411490409566,-0.0618754037180874
-1.06907166514543,-0.0876040353229196,-0.0626646058324647,-0.170537069182872,-0.0618754037180875
-0.0618757134385628,-0.078853973775301,-0.0618754037180875,-0.32692826089731,-0.0618754037180875
-0.0618754037180875,-0.0726645822128738,-0.232907914563911,-0.119189337325113,-0.0618754037180875
-0.0618754037180875,-0.0692109038185625,-0.0618754037180875,-0.0999019818631351,-0.0618754037180875
-0.0618754037180875,-0.0668377827225511,-0.282396837689044,-0.0882494711840248,-0.0618754037180875
-0.0618754037180875,-0.0654983272389775,-0.0603424219423942,-0.0799683177508133,-0.589106048087365
-0.0618754037180875,-0.468612004800043,-0.0544615459584615,-0.216391584972636,-0.0618754037180875
-0.0618754037180875,-0.0645529941978611,-0.0646668698992829,-0.476555084198112,-0.0618754037180875
-0.0617635878847983,-0.0637597074375074,-0.0634844168162432,-0.202925156926166,-0.0618754037180875
-0.0619110882639643,-1.04331190036042,-0.0629126907443413,-0.183675197675347,-0.0618754037180875
-0.0618956508351599,-0.0639392002046863,-0.0625312904654479,-0.256192678550605,-0.0618754037180875
-0.0618884827120712,-0.0458105142586203,-0.0623174487002819,-0.13730203585694,0.00121822115206759
-0.0618836003121488,-2.32948988746135,-0.062175494456074,-0.101102152833987,-0.166439459573048
-0.0618809262838834,-0.091927817215042,-0.0620931656729487,-0.276377909673127,-0.126456446026248
-0.0618791167794709,-0.0817794024851934,-0.062030350297104,-0.165661256777622,-0.105924608836577
-0.0806665566305641,-0.074554091396305,0.185535239390739,-0.129901530707826,-0.0825552975480073
-1.56711378723246,-0.0705093299073019,-0.51998655645684,-0.109721632373368,-0.159680023206699
-0.0619878693734752,-0.0677225345047201,-0.126769068661783,-0.0939045591539145,-0.0779779583608876
-0.061948399958093,-0.0661475412011831,-0.106148625616913,-0.108825938980776,-0.0797453157121818
-0.06192118703076,-0.0649407540438141,0.176198097301809,-0.0773737265744622,-0.070311226870629
-0.061906174941694,-0.0639842048141663,-0.155972778682723,-0.0729180706313579,-0.0676969235012389
-0.0618957729849048,-0.063358713149504,-0.121320138211586,-0.0692620658403719,-0.065969666386051
-0.0618900126399728,-0.0628180798271954,0.159543526568159,-0.0666282516759558,-0.0645112061801273
-0.0618855450098828,-0.0624842696895518,-0.161372720373768,-0.0647119250205455,-0.0635957220118845
-0.061882362429933,-0.0621734945568628,-0.125759432213215,-0.0636800740583727,-1.78741522302164
-0.0618802896510853,-0.0620228964048148,-0.106006812514316,-0.0630418516699707,-0.0644339078012772
-0.0618785050851066,-0.0618754037180876,-0.486484828141969,-0.0720889300178864,-0.062149953442092
-0.061877405314675,-0.0618754037180875,-1.3430646036646,-0.0621608809158383,-0.0620526354147314
-0.0530243586679152,-0.0618754037180875,-0.13927419944408,-0.0618754037180875,-0.0619621455709363
-0.0646924953136775,-0.0618754037180875,-0.12048631765737,-0.0618754037180875,-0.0619183160334779
-0.0634770156560238,0.0789687865006484,-0.103365598647098,-0.0618754037180875,-0.0618754037180875
-0.0629113422101785,-0.104708070312169,-0.0909360909726283,-0.0618754037180875,-0.0618754037180875
-0.0625251659957232,0.00800651961101402,-0.0814343610966283,-0.0700855396029919,-0.0618754037180875
-0.0623134249885402,-0.106755227515024,-0.0740651953492664,-0.0618754037180875,-0.0618754037180875
-0.0621700110258479,-0.0892174951276067,-0.0688319890914264,-0.0618754037180875,-0.0618754037180875
0.130057028752077,-0.0802283988759136,-0.0112788282658153,-0.0618754037180875,-0.0683381432099713
-0.119574139093127,-0.0738705465478924,-0.0804871383667471,-0.0618754037180875,-0.0618754037180876
-0.0961725276362443,-0.0702914672731005,-0.0716861186967068,-0.0618754037180875,-0.0618754037180876
0.103495250072951,0.158082215924602,-0.068263632714539,-0.0618754037180875,-0.0618754037180876
-1.18051972835456,0.069253513986909,-0.0659004296078423,-0.0618754037180875,-0.0618754037180876
-0.362016779825689,-0.158802462621172,-0.0645389705683043,-0.0618754037180875,-0.503426447268164
-0.300356744797453,-0.124549046699307,0.0817806496872912,-0.0618754037180875,-0.0618754037180875
-0.253315035752973,-0.104122101149544,-0.107261636829039,-0.0618754037180875,-0.0618754037180875
-0.210568032103138,-0.0900070538850766,-0.088755553146774,-0.0618754037180875,-0.0618754037180875
-0.123281930519104,-0.0812174834506495,-0.0796669720469036,-0.0618754037180875,-0.514187905950038
-0.163610374865438,-0.0753811972039776,-0.0732359218366424,-0.0618754037180875,-0.0618754037180875
-0.292343395735895,0.177101382033483,-0.0695858900410387,-0.0618754037180875,-0.0618754037180875
-0.129974778361842,-0.140563731793152,0.0736441296167369,-0.0618754037180875,-0.0618754037180875
-0.108220433016962,-0.110201635648898,-0.108084862187246,-0.0618754037180875,-0.0617868877729342
-0.0936459112976443,-0.0317339706591934,-0.0895749221909884,-0.142471421519684,0.0746605018217093
-0.0817607630732339,-0.101629577018118,-0.080258198941277,-0.0618754037180875,-0.103482321795851
-0.0739651830648447,-0.0872054497521101,-0.0737011502108004,-0.301382687817936,-0.0862765983512536
-0.0683372027477745,-0.0787546871362265,-0.0698748422156023,-0.0618754037180875,-0.0779598971456619
-0.0644527986259529,-0.0733241692841456,-0.0672688231363491,-0.0618754037180875,-0.0720892098772692
-0.062598293928378,-0.0698038297081588,-0.0656939756074693,-0.0618754037180875,-0.0688163367117145
0.0553852601491694,0.166739948572241,-0.0645594132282518,0.112706450664565,-0.0665694611179237
-0.0982349943801583,-0.134089096236082,-0.0636366500303894,-0.234148700503839,-0.0653016096427953
-0.0830866477073333,-0.105640955802001,-0.0631138796997544,0.201743941150836,-0.0643319495155362
-0.0757991378637903,-1.44960017718926,-0.06266232508413,-0.168770695250432,-0.0635645264030499
-0.0706578546354401,-0.137045317327647,-0.0623836039459812,-0.896539793125776,-0.0630630422800701
-0.0678364498993908,-0.115492456846118,0.0818653803434928,-0.171433861875232,-0.0626299967182426
-0.0659033265123073,-0.0989417454886836,-0.105728529610992,-0.137661858918494,0.14436363317499
-0.0648137212574887,-0.0894735675281992,-0.0875744607381198,-0.117172668292463,-0.123535421989698
-0.063981293118099,-0.0819732156710294,-0.0788340367979147,-0.101274439613311,-0.0986124859892446
0.102741341197772,0.0260995229622619,-0.0726517362682766,-0.0910449510953426,0.190674358655067
-0.0744858177226915,-0.102434883406079,-0.0710987614299494,-0.0831270788482189,-0.155020169880679
-0.103346196514361,-0.0862770986058417,-0.0767677777087826,-0.0765138616058118,-0.120307559936638
-0.0885967225864909,-0.0779569668041014,-0.065537078900546,-0.0721188252050455,0.120396600956962
-0.0798138718015794,-0.0715418102564462,-0.0645013551818389,-0.852626690120271,-0.150187346181663
-0.0733836486545729,-0.0680912648368235,-0.0636812508105509,-0.0705595688008073,0.0120713924988775
-0.069627705879304,-0.0654238557609154,-0.0631452904135725,0.0248196318966277,-0.137088180409408
-0.0674354864857952,-0.173193388472764,-0.0626823040270762,-0.0917102563569561,-1.47226513408357
0.150203326439896,-0.0639424463723129,-0.0623965150800989,-0.0782418918239707,-0.200136359433958
-0.128301244673004,-0.0632962225995903,-0.0621305146555812,-0.668247794294273,-0.16341229646739
-0.101949421228538,-0.0628742076301846,-0.0620016262781721,-0.0741339307432401,-0.109850530428145
-0.0894469572707004,-0.0625099142540218,-0.503885243370114,-0.0702202473991157,-0.176257683495439
-0.0727374562771284,-0.0622851243875982,-0.0618754037180875,-0.0610917830710768,-0.121340579727388
-0.075478421009911,-0.0620759665141253,-0.0618754037180875,-0.0680334792957728,-0.102816051827726
0.112052745569662,0.0641452903486333,-0.0618754037180875,-0.0659960462154084,-0.0892052247395027
0.0823548593580956,-0.100425227550051,-0.619057989005963,0.0771939767000969,-0.0795662870816972
-0.154495653977164,-0.0844270880744713,-0.0618754037180875,-0.106728511566725,-0.0726838636370756
-0.121340980070951,-0.0767179414723621,-0.0618754037180875,-0.0883849272553597,-0.0686758908467587
-0.102002903408393,-0.0712906682521974,-1.61065134249577,-0.0793882916090411,-0.0651188409327525
-0.0885235120876264,-0.0682693769814161,-0.0605889777282818,-0.0729527111685046,-0.0575833158170604
-0.0802003077607266,-0.00528211055717737,-0.0622857854339739,-0.069365330433424,-0.0646713138359641
-0.07459322319157,-0.0838471990573203,-0.062108319314001,-0.0668519538888589,-0.063553022028523
-0.0710837709974565,-0.0750960522846949,-0.0620258861265066,-0.0655068568291048,-0.0629565577004996
-0.0681823056522804,-0.00662153600584432,0.163458759374465,-0.0644753840551824,0.0892931838157381
-0.0781662340113573,-0.0872285853197006,-0.131975914716065,-0.0636619827834055,-0.108244655646655
-0.0649607269653508,-0.0770923279242883,-0.103954719636754,0.144502623614567,-0.0891819632030908
-0.0638483581253888,-0.168246147612544,-0.0900326571462179,-0.124264425763517,-0.079913983303061
-0.0630447131346728,-0.0690549023839993,-0.0799367657959081,-0.098042320181437,-0.0733608920752519
-0.0624512613946251,-0.142185281822096,-0.0742312432260028,-0.0766923784786113,-0.0696901985605539
-0.0620825513442798,0.151916734521502,-0.070269832704898,-0.0810252911116034,-0.0671662841584767
-0.0618779615881045,-0.128396135003864,-0.0680213272924362,-0.0745458002646666,-0.0657346049356995
-0.398892288500079,-0.101971684715444,-0.161376323691759,-0.0704283819588816,-0.0589595229420708
-0.0618771613068296,-0.0887077323277931,-0.0681013900046028,-0.0679207586071993,-0.0655760580156081
0.0880609154222256,-0.0790995089289886,-0.0514723126692266,-0.0662766515471764,-0.0133195898925758
-0.585656735296897,-0.190696943416825,-0.0689931879170512,-0.064897499799368,0.0839083926489849
-0.867865793366963,-0.349029225055655,-0.0661161330147231,-0.064011132297686,-0.120159736762507
-0.125418769748693,-0.0910105481230883,-0.0645975725027786,-0.0632553233052534,-0.0971926192954644
-0.103858990831014,-0.0817288075338724,-0.439620846841915,-0.0627756007232097,-0.0852313836070238
-0.0911896016122067,-0.0748358616238611,0.00637601730872745,-0.0623457513928029,-0.0769049617959029
-0.0820789705955721,-0.0708272951961697,-0.084460883118977,-0.0621224061541223,-0.0721324810212795
-0.141478322097073,0.154196391953104,-0.07505521023816,-0.0619158261380232,-0.0689229030891356
-0.0734271028751668,-0.131105136877872,-0.0705252690524941,-0.0618955000173628,-0.0670137640123233
-0.0698797436887754,-0.496755751590946,-0.0673567948870927,-0.0618850844849417,-0.0655364718722943
-0.0675340045367521,0.121809447537836,-0.659696512550362,0.0119787242263436,-0.0644036327768925
-0.0654838948969369,-0.151382074563517,0.18715837477467,-0.0848590548249891,-0.0636892519822636
-0.0642112209322203,-0.242703474792615,-0.138767761924977,-0.0751545416813441,-0.00875065263554805
-0.0630204545554673,-0.106308819548664,0.126038065343715,-0.0705478427039794,-0.114321600116027
-0.0624423235315993,-0.0919633159554414,-0.157606931408268,-0.0673488985681075,-0.0928478285079275
-0.0618754037180875,-0.0830055977685461,-0.122341987279706,-0.0560683694601249,-0.0823293411272479
-0.0618754037180875,-0.0763251883130873,-0.103459796422334,-0.0673837102059367,-0.0748127524985677
-0.0618754037180875,-0.072393107150458,-0.0894229092565269,-0.0654121803649206,-0.0706873981211289
-0.166227984882066,-0.407424253923407,-0.081253265720388,-0.0284555888094338,-0.0678440214796469
-0.0618754037180876,-0.110394607780714,-0.0753504006475904,-0.184377041640864,-0.0662367638204206
0.180870798704442,-0.183322251332579,-0.0715316555191042,-1.18930624245044,-0.0650050133965175
-0.133141553681248,-0.14575689385686,0.230543698595057,-0.221949980522814,0.170797377156219
-0.104689332062716,-0.118362450790591,-0.151811627148258,-0.243381323459418,-0.132289088259795
0.0270516182350498,-0.100722601337674,-0.806651501653616,-0.153809670898827,-0.104237841024748
-0.114862528524211,-0.0887011067296016,-0.257322479194684,-0.128696595378015,-0.285269999780886
-0.0951134270421195,-0.0810290848693225,-0.198460542966627,-0.0185562882647,-0.0839244040244115
-0.0842693650422029,-0.0759206938799463,-0.162299739898403,-0.126921600514979,-0.0769476512743251
-0.23701775663895,-0.0240739353067673,-0.132421479097601,-0.105256125955594,-0.489369829185751
-0.117905605979441,-0.119336949941304,-0.113754877277322,-0.0924016020000824,0.2156632528852
-0.0707655296089602,-0.0966116935855679,-0.0994399389186488,-0.0816332320427381,0.0794796984451737
-0.0682953932636253,-0.0849567081835033,-0.0569579184027368,-0.0750280177244116,-0.418334492849643
-0.0662794127044302,-0.0763114189306667,-0.0915678304955351,-0.0693506520787461,-0.210788046271875
0.00481851544527141,-0.0714180967933488,-0.0810211319702662,0.0434808826680413,-0.554665507210882
0.175886056597518,-0.0679116584119078,-0.0748542029293134,-0.0789544710568186,-0.172104226008968
-0.149385801976915,-0.0661935516602581,-0.0696002096513719,-0.136528452829101,-0.141182126350949
-0.365329125207793,-0.064973878929894,-0.06667385488181,-0.108726747288077,-0.120059355576605
-0.108751440166751,-0.0640070208037757,-0.064075408676128,-0.0930609784469873,-0.104541961266468
-0.092664451123565,0.11703719458667,-0.0632309364284428,0.11474566617948,-0.11944130570345
-0.0830551851625577,-0.116836805046842,-0.0624695696185898,-0.132819955905671,-0.115683578517196
-0.0854752111914625,-0.0945248097802036,-0.0622833069860778,-0.111962067310738,-0.0783656208847233
-0.0727372701091649,-0.0834570673240254,-0.0621619033417974,-0.0922648638737968,-0.0728638118592458
-0.404924751082921,-0.218207611737768,-0.0620573024581346,-0.0819267022100336,-0.068509553264543
-0.78950161917831,-0.0725644825648737,-0.0619928169291954,-0.237637779000503,-0.0654875236799091
-0.0727333952005504,-0.0691268788690848,-0.061932866271137,-0.0729728256513018,0.0356750065400549
-0.0688441489741638,0.164692428109146,-0.0619038305634933,-0.0697819916746352,-0.0927270992107128
-0.0662568261555062,-0.133440363497203,0.186322445286948,-0.0673672033697232,-0.0796279137823166
-0.064028894914256,-0.105281185320892,-0.136025387832607,-0.0654592134364074,-0.078180614837665
-0.0628330431505103,-0.0164363052250069,-0.105684283170607,-0.0642324586247638,-0.0201796417986778
-0.0618754037180875,-0.124604485685975,-0.0912297479454451,-0.063253756270884,-0.0821314930632236
-0.0618754037180875,-0.101235214743133,-0.0807206765640006,-0.0627659885786849,-0.0740696058084982
-0.0623395297590929,-0.169720062985775,-0.469233658981415,-0.0623115110464723,-0.200543483530969
-0.0618754037180875,-0.0811686885325459,-0.0749111474973501,-0.0620912079949322,-0.0680362350832911
-0.0618754037180875,-0.0752356617123413,-0.071459558742971,-0.391465797757186,-0.0660725876820536
-0.0618754037180875,-0.0711698443991909,-0.0687838018855984,-0.0618754037180875,-0.0647481749582969
-0.0618754037180875,-0.0684980464869182,0.152176980684153,-0.063942341849849,0.147264143172229
-0.0618754037180875,-0.0664445958207547,-0.129533359036169,-0.0810922285770176,-0.125746968237624
-0.0618754037180875,-0.389006171578371,-0.102603935588483,-0.0618754037180875,-0.10009353225233
-0.0618754037180875,-0.0645887138278624,-0.089093401474067,-0.0618754037180875,-0.087370929631848
-0.0618754037180875,-0.0635076425955309,-0.094191223683508,-0.0618754037180875,0.152309194708228
-0.0618754037180875,-0.0627161078952259,-0.0737431485416512,-0.0620356912962904,-0.140544110855165
-0.27512931304815,-0.0622870698529393,-0.0947525751477969,-0.0618754037180875,-0.150326526684838
-0.1942478991937,-0.195475378811538,-0.0677610709839793,-0.0618754037180875,-0.256447329555542
-0.145586056073195,-0.0618754037180875,-0.0661043658184738,-0.0618754037180875,-0.0886117618075653
-0.119929693013399,-0.0618754037180875,-0.0647875722256137,-0.0618754037180875,-0.0803571059354411
-0.100054012444077,-0.0618754037180875,-0.063925197336977,-0.0618754037180875,0.0808975851698063
-0.088445814113334,-0.0618754037180875,-0.154926159843774,-0.0618754037180875,-0.117119908673739
-0.0801450915133062,-0.0618754037180875,-0.0627983859906908,-0.0618754037180875,-0.0957966694148522
-0.0753692571628835,-0.410307413658169,-0.0623273865297361,-0.0618754037180875,-0.0844913121588971
-0.0716349220765814,-0.0618754037180874,-0.0620990665070857,-0.0618754037180875,-0.0765337172733203
-0.0686276243325058,-0.0618754037180875,-0.0618754037180876,-0.0618754037180875,-0.0716279679814255
-0.0666437168901448,-0.428117875736519,-0.0618754037180875,-0.209490608833767,-0.0684415527749423
-0.0649139382310503,-0.0618754037180875,-0.304111554664978,-0.0618754037180875,-0.0664199288554581
-0.0638413573076697,-0.0618754037180875,-0.0618754037180874,-0.0618754037180875,-0.253892705178992
-0.0628388764088145,-0.0618754037180875,-0.0159583503937839,-0.0618754037180875,-0.0642722986372457
-0.0623523586084491,-0.0618754037180875,-0.168938389995628,-0.0618754037180875,-0.0635617695649043
-0.0618754037180875,-0.0618754037180875,-0.128139088705028,-0.0823115994613659,-0.0629473047806583
-0.0618754037180875,-0.0618754037180875,-0.0938757055256456,-0.0618754037180874,-0.062567808577845
-0.0618754037180875,-0.0618754037180875,-0.0952666233810241,-0.0618754037180874,-0.062214414929699
-0.0618754037180875,-0.633486007868505,-0.084545397584177,-1.65427629934222,-0.0620431485708505
-0.0618754037180875,-0.249384637331191,-0.0756703976096878,-0.0618754037180875,0.0784408280705694
-0.470805480777978,-0.0618754037180876,-0.0736254271355849,-0.0618754037180875,-0.104555275455153
-0.0618754037180875,-0.0618754037180875,-0.69624055502474,-0.0618754037180875,-0.419486582180844
-0.0601471503588888,-0.0618754037180875,-0.0726666313654271,-0.0618754037180875,-0.084991643310334
-0.333633624220184,-0.0618754037180875,-0.737460490604799,-0.0618754037180875,-0.0766393671547317
-0.0689017140282279,-0.0618754037180875,-0.0715387127817792,0.232720606260344,-0.0572693339045931
-0.0659166264739886,-0.0619741554881133,-0.0243127151711044,-0.30444827100967,-0.0732972258206352
-0.0644893940220861,0.212995452805146,-0.0788810230244814,-0.12257011328946,-0.0695045542224287
-0.0634086330177697,-0.351339146708616,-0.0715144890951895,-0.103135458157196,-0.0671789520050183
-0.0630252575825169,-0.124791035139162,-0.0673062838807121,-0.088628308530472,-0.419158215203065
-0.0534152814122773,-0.104478230138557,-0.0652744562576995,-0.0803126112932833,-0.582909963929562
-0.0653704603480703,-0.0895656325700006,-0.117362529650062,0.138993441266524,-0.45771961160425
0.0892257765389175,-0.08091662627284,-0.0634615397190382,-0.133140393227014,-0.0656917031637357
0.0058813340166119,-0.0748855970306631,-0.0630245494543694,-0.322200417133344,-0.0640406086792013
-1.03305072172366,-0.0714118799614234,-0.0626952443503625,-0.581153226445714,-0.0631258990222191
-0.234237032881044,-0.0535058719359641,-0.0624345081322975,-0.101650528021246,-0.0623225641388281
-0.18979782118408,-0.0714215768985871,0.174419578550478,-0.0892416493401236,-0.06215934336458
-0.153218391588204,0.0770614001212533,-0.0284856855769255,-0.080697269997298,-0.0620586983628042
-0.128301872232457,-0.450260353546455,-0.132659979429562,-1.56954381282251,-0.061965113342232
-0.110177474477275,-0.101896161721294,-0.107626193070688,-0.103960767915392,-0.0619197843267224
-0.020419893975926,-0.0883680848882834,-0.0920389904325732,-0.0896522755150132,-0.0618754037180876
-0.0715553969039489,-0.0787668014882214,-0.0820618795381303,-0.0818487939140846,-0.0618754037180875
-0.10580865432783,-0.0731527354926307,-0.0756925707627068,-0.0747646820698945,-0.0618754037180875
-0.0909162655129046,0.105783521661819,-0.071720879421221,-0.0248737736019504,-0.0618754037180875
-0.0808159972405868,-0.119512879474366,-0.0690216191386792,-0.0801620000371196,-0.19110914066734
-0.0740193447615103,-0.771142078968333,-0.0668919215335917,-0.072107522572749,-0.0618754037180874
-0.069253610719588,-0.0488349466633841,-0.611484995144118,-0.067237129051288,-0.0618754037180874
-0.0663241108648871,0.124418042234663,-0.0658964757687012,-0.0652503044262919,-0.0618754037180874
-0.0644226032852379,-0.894123403185153,-0.0630563737750178,-0.0641556334494441,-0.132872309374745
-0.0636394502614071,-0.202956063446726,-0.0636670007558836,-0.0634110939914309,-0.0618754037180875
-0.0631037725570491,-0.165487186696175,-0.0628693208376095,-0.0629930521251386,-0.0618754037180875
-0.0626909196660752,-0.135057338174013,-0.062230312191184,-0.0626748583873782,0.171138447898572
-0.0623981981147608,-0.109452550421667,-0.0619897588656508,-0.0624243356678534,-0.130515624288287
-0.0606521591905647,-0.100276078303664,-0.0619519335343199,-0.0622610041616574,-0.103022981835196
-0.0625023678850156,-0.0895943179000388,-0.0602681956879436,-0.0621202414496009,-0.089384334029383
-0.0621860057374053,-0.0816676292480328,-0.648693319029905,-0.0620334513935681,-0.404081302018805
-0.0620526999854492,-0.0750165264827396,-0.0624629907281779,-0.0619527553013561,-0.0785964654835902
-0.0619865299759959,-0.0707248795283716,-0.0622571847968458,0.121376480613833,0.0939871318222301
-0.0619502829831908,-0.0670318735363881,-0.062117174106675,-0.116805798509788,-0.119725292577101
-0.0619257512273863,-0.0651324546496179,-0.0620375683438695,-0.0944379118903826,-0.676822359034033
0.221648280033709,-0.0635324956191251,-0.0619840346611863,-0.0834874731347102,0.00643516401811561
-0.967249233996928,-0.0626385752575179,-0.0619522578330275,-0.0756615364562595,-0.122398829572016
-0.179073422308128,-0.0619472278408544,-0.0619292887375184,-0.0712722671113312,-0.100672122904643
-0.145606838796838,-0.061901109261551,0.153340225911493,-0.0682433043397803,-0.0881756902984815
-0.118163854623563,-0.0618919941714579,-0.125696035747928,-0.0665301381315468,-0.0795114332252093
-0.101668732881414,-0.0618835225508927,0.163246263657419,0.0656474808484527,-0.675363389773534
-0.0895464973032008,-0.0618794199735778,-0.159650572468281,-0.10390889849994,-0.0765522001054328
0.0924655730156791,0.150659165181077,-0.123259723978615,-0.0868242980011811,0.0514338783622959
-0.127711609122535,-0.124928832713524,-0.104039089898291,-0.0783114330464005,-0.106437805781456
-0.0178427173096341,-0.0995014139533282,0.184069534670109,-0.0723335987410631,-0.0887593722842759
-0.11460395438259,-0.0869551241483564,-0.157472930714958,-0.0688656833655327,-0.0794640679169013
-0.0947667697786463,-0.0779194458443846,-0.122471894744266,-0.0665468839262833,-0.0729405473700359
-0.0840816080936229,-0.0184284142629114,-0.103923991426333,-0.0651713809865344,-0.0690296425531901
0.0423486638658806,-0.0860800393995357,-0.0899247689264789,-0.0642383537790454,-0.0665726235541378
-0.107155726002705,-0.0770372842262767,-1.11855730678631,-0.0635000257849656,-0.0518336675821791
-0.0892212202833252,-0.0721623454886099,-0.0998500353086134,-0.0630176750499274,-0.0683660963170382
0.134971914930963,0.180157472573349,-0.0883518448740788,-0.0626011400188035,-0.065844222606138
-0.136061790286383,-0.138642447040118,-0.150841182996962,-0.0623440665283346,0.197741275927341
-0.107676343893012,-0.108569976631034,-0.0756289148183356,-0.0621048294159775,-0.139748774858862
-0.0928213880603381,-0.0933767496738052,-0.0713065268087545,-0.0619889156798583,-0.1090524297147
-0.0820834388701201,-0.0821488309223164,-0.0761681762667567,-0.0618754037180875,-0.490390392220918
-0.0757773148148721,-0.0757187503303681,-0.0654948039018092,-0.0618754037180875,-0.211504726569885
-0.0712080472122236,-0.0711927296741457,-0.0636608485978031,-0.0618754037180875,-0.0723206371566316
-0.0719845012874869,-0.0686624358894369,-0.0627678931064252,-0.0618754037180875,-0.156887554531703
-0.0977367867299769,-0.0651059848791261,-0.050418985451075,-0.0618754037180875,-0.126323917376066
-0.0652248184579628,-0.0657043552890174,-0.0655355100267333,-0.930457218983449,-0.198074258838051
-0.0560034471269862,-0.0644833791207206,-0.125823986223394,-0.0618754037180875,-0.0127125138495883
-0.0658701215059667,-0.614145705628517,-0.0637753574211755,-0.0618754037180875,-0.111743623420029
-0.064367945429819,-0.0843753682195829,-0.0630404067748774,-0.0618754037180875,0.02834908897527
-0.0632428131400079,-0.0628282051365352,-0.0626530470631853,-0.0618754037180875,-0.119798048699615
-0.076817029812928,0.192183472968048,-0.0623904506025289,-0.0618754037180875,-0.0979979000892503
-0.0622850607097251,-0.0792136001837151,-0.0622436146819689,-2.0485196117785,-0.0859668200651331
-0.0427389346243993,-0.122872589160548,-0.0621356445929483,0.0610194937666743,-0.0772959801623709
-0.800095308493206,-0.101811457597863,-0.0620559934053272,0.0955849406905721,-0.0721596702363867
-0.199375078699124,-0.0879634748765878,-0.0620026710830132,-0.139241563888642,-0.068753656023292
-0.140809795205507,-0.107236334579165,0.00706064754951847,-0.110180784020315,-0.0663947886643423
-0.114739636353331,-0.0742420554268972,-0.517503770809119,-0.095297512031812,-0.065059040883347
-0.0991295829444978,-0.41584821022739,-0.393969050700179,-0.0829660771477316,-0.063956604825309
-0.0877232085569205,-0.0709808588679564,-0.0798345365579609,-0.0764163976116665,-0.063312064262109
-0.081074334068255,0.0869101242017652,-0.0732943420628725,-0.0719891203230685,-0.0627433739443961
0.0399500649048677,-0.112830592184607,0.0492280704342893,-0.0692554958123984,-0.0624131319009839
-0.188115309643004,-0.0923344886765184,-0.103120035280772,-0.0671232066493224,-0.0621019388023854
-0.110873815858586,-0.0740270700197743,0.112694263971964,-0.0655154954590374,-0.0619874852612956
-0.0947693123582603,-0.503496622366256,-0.135853582518146,-0.182640098215872,-0.0618754037180875
-0.0831451066931009,-0.0770762473829582,-0.107468416385171,-0.0636694610452615,-0.0618754037180875
-0.0758854565527202,-0.0717922891813205,-0.0927974925326751,-0.0629610306347779,-0.0618754037180875
-0.0711305352208948,-0.166377994509042,-0.0820275519682263,-0.0624086702628685,-0.0618754037180875
-0.0680954472138793,-0.662163486287623,0.0845421150246771,0.199144954620119,-0.0618754037180875
-0.0663459089009091,-0.109500948328298,-0.121019896707395,-0.138077349765204,-0.0618754037180875
-0.0649545337976037,-0.0669811317425014,-0.0972307535527678,-0.10045077046982,-0.0618754037180875
-0.064043025579879,-0.0651825827159357,-0.0856453070556585,0.0880715089074019,-0.0618754037180875
-0.0632537473128889,0.128901307596901,-0.0772884816633427,0.112577336060198,-0.582788356889667
-0.0627659827841516,-0.125206647509956,0.0729702980328004,-0.173175300101154,-0.0618754037180875
-0.0644121530687763,-0.096847542420309,-0.112383643362664,-0.127706655134454,-0.0618754037180875
-0.0620916604401622,0.0127440141134303,-0.0952247585068838,-0.11404114664634,-0.0618754037180875
-0.0618754037180874,-0.105711298153962,-0.0824139340409691,-0.0970323924924511,-0.0618754037180875
-0.0618754037180875,-0.089129021078903,-0.0750902212354768,-0.0862934041727441,-0.0618754037180875
-0.0602052757206697,-0.0801258766651114,-0.0708182333280507,-0.685509461398618,-0.508787370950552
-0.0624081203022524,-0.0741468839261694,-0.0678804846626138,-0.0897356822663695,-0.0618754037180875
-0.0621777804947811,-0.0704283191258747,0.0728059944386473,-0.0811232307501437,-0.0618754037180875
-0.668077997661476,-0.0677154301508526,-0.106864863284746,-0.0749352464120974,-0.298284183406908
-0.0620998909572615,-0.0588213536919685,-0.0886093162431002,-0.0706206512691298,0.0915688339785256
-0.0620266824058076,-0.0670561946788624,-0.0795444407327541,-0.0672799812497223,-0.108337634135196
-0.061977127362762,-0.0651255630088032,-0.311620460340855,0.18777427891108,-0.0892296974467159
-0.0619493582534848,-0.0639420597506016,-0.0715645945229327,-0.137373337856616,-0.0799513941889201
-0.0619282766961665,-0.063135016855902,-0.553441910540935,-0.9744945641262,-0.0733723305891581
-0.0619116851979997,-0.0625960351825713,-0.06942071741604,-0.135192973592725,-0.0696967670300516
-0.266249418352271,-0.35077667754032,-0.0671177540698184,-0.11075020428934,-0.226488841514641
-0.0618952407042738,-0.0622275819879734,-0.065488513043823,-0.0961716197872447,0.00417463756591237
-0.181469625222699,-0.0620442473577219,-0.767379291821963,0.0465925668739851,-0.0869657196924907
-0.0618824648268332,-0.0619912756883976,-0.191565261804473,-0.118222196917231,-0.0767703367740004
-0.0618788967318041,-0.0619567686571237,-0.144016079796774,-0.0977681152636553,-0.0717388517742026
-0.0618754037180874,-0.149535220982577,-0.11833088337297,-0.0862340320523338,-0.0681191461883281
-0.252249175203725,-0.0619117918072721,-0.0987675159586434,-0.0780912587597587,0.245037556872612
-0.0618754037180875,-0.0618932111378832,-0.0870435073481293,-0.0727152730291923,-0.167543135687899
-0.0618754037180875,0.220105187726249,-0.0791602015630334,-0.0691259166140055,-0.118825168724743
-0.592549056218962,-0.618093221316524,-0.0766189771950909,-0.0665835980100456,-0.100484309981551
-0.0618754037180875,-0.0259383996187656,-0.0711133777724644,-0.0649838824038212,-0.535963681819321
-0.0618754037180875,-0.149084610247644,-0.0586402556344406,-0.0537167846622383,-0.0890508400002515
-0.0618754037180875,-0.118267832268539,-0.0694172770030671,0.0920133998971412,-0.080536660804084
0.227385666647838,-0.101080402085242,-0.0606766836645678,-0.111995118788241,-0.798094944000653
-0.133094252534205,-0.0884005699469385,-0.0666998086881015,-0.0916553655030652,-0.0839833596480574
-0.11607373653135,-0.0810693832236515,-0.0645459898346099,-0.0815007369147703,-0.344352132051296
-0.0981775965786529,-0.0755314524640298,-0.0521999265670162,-0.0218518875559919,-0.0749057672382889
-0.0853642587478306,-0.0760819534181372,-0.0886923319754645,-0.0338395063797298,-0.0702354200174847
-0.0779412423509721,-0.0687976309601152,0.158026486545235,-0.0929513161053505,0.1157555869925
-0.0944423649860605,-0.0664220551845621,-0.131466283930744,-0.0815642906310847,-0.346174902178686
-0.0700486391195105,-0.0649178145795268,-0.102364528232441,-0.0749576173344147,0.0814924818983411
-0.0677654787475714,-0.0635424892779847,-0.0889657956216362,-0.0705215493250663,-0.583875854568308
-0.065947351372301,-0.0628162768759389,-0.079265275602468,-0.0677913089021768,-0.140471633845058
-0.0647403125143649,-0.677728426602407,0.118795857171346,-0.0659180509829086,-0.116895551985031
-0.0637099573771399,-0.293662418825213,-0.126470365845625,-0.0647302674431754,-0.0988333853426745
-1.41438703435207,-0.0618754037180875,-0.101633991498823,-0.156789427838558,-0.0882672451968657
-0.0641652602912148,0.0854935071767773,-0.07609478701757,-0.255761525841831,-0.0804330964304977
-0.0630090553199414,-0.106591642872769,0.158594135251597,-0.0628772861475025,-0.0752981781841616
-0.061922645732213,-0.0881646702964316,-0.25203638919299,-0.0625159387674919,-0.0715206220824805
-0.0618754037180875,-0.0792320988257761,-0.122265157105646,-0.0622505021971238,-0.0683705710176556
-0.0618754037180875,-0.0729082983745133,-0.101569028887363,-0.0621436063650899,-0.0663364274932151
-0.0618754037180875,-0.0692722283190578,-0.0272389090485955,-0.0619370009062452,-0.0644478986058902
-0.0618754037180875,-0.640706460780573,-0.0980668383796924,-0.0618754037180875,-0.0634946045234132
-1.63139829282215,-0.068497199224468,-0.197136270196077,-0.0618754037180875,0.126915969993966
-0.0618754037180875,-0.0666339206831293,0.180605323304821,-0.0618754037180875,-0.110316563788892
0.00909514090863427,-0.10576202209308,-0.355472468763083,-0.0618754037180875,-0.0980164412106436
-0.0839830955275637,-0.0642780122072304,-0.127976056603484,-0.0618754037180875,-0.085638995240666
-0.0746395713778259,-0.0634038362937709,-0.107311509316934,0.149865140097016,-0.0771613768361151
-0.0702079781263244,-0.0628636242134277,-0.0915983671474531,-0.124710542724417,-0.0722547981742581
-0.0586062181134469,-0.0623604500781085,-0.0824244210509361,-0.0993644670929147,-0.0689156237104911
-0.0681261473183137,-0.0621160974532794,-0.324048015522979,-0.351768522105082,-0.066998566748932
-0.0658127248019073,-0.06187707326636,-0.0746672314811012,-0.0827565540875382,-0.0655575833822646
-0.0646212524105499,-0.0618764634682598,-0.012546666777386,-0.0852058862479994,-0.0644162901679773
-0.0637541199180528,-0.0618760876709226,-0.0859323593159139,-0.347755108152165,-0.056762589364263
0.0314710380536839,-0.454464994315892,-0.0765074540209915,-0.767833447085319,-0.0652089391410695
-0.0919478100764742,0.11531924467398,-0.373503383177821,-0.0756796452640654,-0.0638598702343103
-0.0794310210614455,-0.115091085849448,0.103448933226595,-0.0988805063847436,-0.0630520303767702
-0.067362184735718,-0.350705309429381,-0.108173170350973,-0.0688488263282373,0.185761679572676
-0.0710303345298009,-0.0889792398978943,-0.0988741968364434,-0.0663271599528194,0.0816798138649134
-0.0678656156423304,-0.0792434114512491,-0.0861296011332447,0.138769284293738,-0.163692717528148
-0.0894826275598358,-0.0737496837193451,-0.0775833353081748,-0.150333279409677,-0.127844831636102
-0.0528912291921163,-0.0699389732300217,0.162060598900687,-0.0996324521599097,-0.106404233676457
-0.0676813666799959,-0.0677783035447279,-0.465713854032741,-0.0866167149714003,-0.0916700052987516
-0.0654198937411274,-0.0661168106897751,-0.12677913470885,-0.0776985258790682,-0.0824469805437747
-0.0642502810836313,-0.0870783692422352,-0.106596971358175,-0.0726793167425043,-0.332522207908018
-0.0633867109750957,-0.0639776381622446,-0.0911943833816263,-0.069205491780306,0.16429276671747
-0.0628813453625995,-0.0632120973269586,-0.0821814584169294,-0.793851996594115,-0.140616292683332
-0.0624922371338326,0.130135806779875,-0.0694916448084026,-0.0698566994648236,-0.110556544849548
-0.0622804931068883,-0.119856383660025,-0.0737819654211918,-0.0673890163357979,-0.0948043831840746
-0.062103823596166,-0.0963038752173261,-0.0699755588681396,-0.0657649099282396,-0.0831303960895723
0.225544192015228,-0.0846368910373355,-0.0673317505644458,-0.0643521468544374,-0.0762090809564895
-0.145082693464177,-0.0764085310912887,-0.0655112842522391,0.110010404673327,-0.189052492315352
-0.112361239286664,-0.0717876907808742,-0.398589119726294,-0.325633847255453,-0.0551636563753455
-0.0958965301404782,-0.0685955036797626,-0.0639875597473864,-0.100584879808011,-0.0714573227234351
-0.0837965602973,-0.0667890864350768,-0.0629804465003364,-0.0874083773043181,-0.0679623589835046
-0.0769173694469568,-0.0654030233166037,-0.0624695620802791,0.145673026349517,0.0744566030185128
-0.0721112591435017,-0.0643031702603707,-0.0619802478600854,-0.137561820364841,-0.974735674455821
0.140548025326721,-0.0635835346471845,-0.0619490242591859,-0.108562606443097,-0.126799421331776
-0.127294684795711,-1.16457202590638,-0.0619221372992938,-0.0937986858104137,-0.105832313442713
-0.103019055418893,-0.0639872966505515,-0.0619055662670476,-0.0828694109984945,-0.090396821032806
-0.0895317762836371,-0.832955536105646,-0.0618901644459341,-0.0763194936043592,-0.0811771440298058
-0.0796313255451949,-0.0629825420389582,-0.0690317892722068,-0.0888894177361368,-0.0750741814963088
-0.0739646747013916,-0.0618754037180875,-0.0618754037180875,-0.428310238191247,-0.0715698883214166
-1.87818873045733,0.116325884166189,-0.0661949068245789,-0.0692009263035479,0.14608424309259
-0.372370751473781,0.0473983905351416,-0.0618754037180875,-0.0667147418567713,-0.129708387161272
-0.0950694117110867,-0.139229868649156,-0.0618754037180875,-0.065174243710338,-0.103067856481075
-0.0853174703953841,-0.110940476588525,-0.0703199543413834,-0.220320795091085,-0.0893727668740723
-0.0786650747233582,0.132942993895923,-0.0618754037180875,-0.255535156416687,-0.0795196844936411
-0.0726934724750858,-0.147315950023559,-0.253129271925769,-0.0627409355542708,-0.29575875053702
0.0573849643418343,-0.115948906289456,0.203817102045312,-0.0623038428577785,-0.0717766178730718
-0.103664397876542,-0.0990805542929832,-0.141751662323919,-0.0618754037180875,-0.320915427093168
-0.0861478564448898,-0.0868447010210966,-0.110335377383309,0.0747412330473724,-0.0207841590979842
-0.0768254074685132,-0.0792666077386968,-0.0944534457417801,-0.103482977710639,-0.0811193440374023
-0.0713517107070829,-0.0738435099680314,-0.285602043267704,-0.0862758221949839,-0.0735499648196815
-0.0683111623923067,-0.0704806493777938,-0.0795455953905817,-0.0779595639513008,-0.0694551154077966
0.01657918750021,-0.0678893835195317,-0.0739561321407507,-0.0720887033383825,0.0571667283811239
-0.0905631161876711,-0.740162537512613,-0.0858025806268123,-0.0688159954953699,-0.102536890602314
-0.0789761447070733,-0.0573006278982936,-0.460016877893902,-0.0665690736613119,-0.0796303559219582
-0.0731680718951574,-0.0679661561852315,-0.068501750225612,0.089593669690099,-0.0795671223739943
-0.0691331202399974,-0.0653937243178887,-0.0665436744608791,-0.110958077600276,-0.0717512287651527
0.139309979142633,-0.063879364165225,-0.0648510140671402,-0.0911036847002001,-0.0699126319703126
-0.125978560109193,-0.0636939767049275,-0.1711761030076,-0.081309467630132,0.169628592692582
-0.100536528075957,0.159284271374775,-0.0635221173607844,-0.0742590596673348,-0.134825707528549
-0.0819514138675472,-0.127703051936661,-0.0627260935492482,-0.0618125626926259,-0.257803177547944
-0.0802569420196969,-0.101292381457258,-0.720974270708259,-0.0701481889105108,-0.104576359941574
-0.162614658806779,-0.0882036655318351,0.000891534488661153,-0.0674433912286453,-0.0846132871424038
-0.0710235498444122,-0.0787449481867354,-0.0802789438634101,-0.0656862446258265,-0.0773949052473741
-0.0684621336721886,-0.0734071188182141,-0.073794298686827,-1.07137077415078,-0.072476909472397
-0.0599962487363013,-0.0697011768678106,-0.0696230234041842,-0.0666813769284585,-0.0695230974435725
-0.0783793476966485,-0.0675990172383714,-0.0667743777704334,-0.0650680701181624,-0.0673204840905758
-0.0652739390251934,-0.0659801403136477,-0.0651822362186195,-0.0640035687133612,-0.0655387730025516
-0.0640652331095578,-0.0646987251145191,-0.0641063091200238,-0.0630508109713123,0.149586398019261
-0.0505677113308353,-0.0638570476635838,-0.185584263324182,-0.0625375729089367,-0.126747971920594
-0.0667045358321614,-0.0631352961884189,-0.0631834632256201,-0.062078182042505,-0.106405255074603
-0.204643715829408,-0.0626893694274773,-0.0627723925339249,-0.0620043069421495,-0.0878168180469998
0.109726466868791,-0.243949467876008,-0.0625038049793972,0.00746783021179124,-0.078418854952862
-0.11513685097872,-0.166127175256544,-0.42615122710222,-0.0835530200640886,-0.0730152604511723
-0.102267483127791,-0.126087854030676,-0.0897543498460472,-0.0660548594231739,-0.350572698456176
-0.0830699147411771,-0.105659276811061,-0.0620635524956964,-0.0726318175820523,-0.476206783492289
-0.0754376948108194,-0.0903248589489867,-0.0602371817650202,-0.677564981278313,-0.069812613396073
-0.0711308952060495,0.174402664598175,-0.0624296866429456,-0.070084827790952,-0.0673582976322124
0.0732260175174654,-0.147849940677038,-1.10071624802562,0.109683469759686,-0.0657430321121324
-0.11410972122596,-0.116049824045267,-0.0707185181997686,-0.118522148813751,-0.0643381714324016
-0.0933944772905594,-0.099114953765413,-0.0669621748778344,-0.0960033297596249,-0.0634680760029854
-0.0828995887888065,-0.0863307105182376,-0.0651851912581785,-0.0846810938256783,-0.0626557218957176
-0.075434086654829,-0.0788261347369878,-0.0638811430327286,-0.0765802428967845,-0.596426007566693
-0.0710524215161873,0.11690829882305,-0.0619932275497143,-0.0718687760846042,-0.0618754037180874
-0.0680593716790488,-0.771191206858553,-0.0950149375246561,-0.0686383304616493,0.110536534022643
-0.0662465789889246,-0.137780483236767,-0.0628521199755887,-0.0667060305474153,-0.113740283064403
-0.0649445737668133,-0.114347343345062,-0.0625553732349666,-0.0652907196646351,-0.0925442810931298
-0.732806700402701,-0.0963225471670399,0.110916007367293,-0.0641430440594027,-0.0821982270551567
-0.0646330850083492,0.118331090859273,-0.112942779517433,-0.220060443357238,-0.074825352141974
-0.0636298006635615,-0.136558398941506,-0.0932720371432611,-0.136915356391952,-0.103549392773915
-0.0630093105234879,-0.10879623212473,-0.082660859866198,-0.107199771747467,-0.0680501021038513
-0.0623150761359962,-0.0939315208657684,-0.0751183827028673,-0.0921466618606332,-0.0663881568190197
-0.0621871417683602,-0.0826354976617413,-0.0708826791027028,-0.813750356454912,-0.505689420435131
-0.0618963575676942,0.0315012065752083,-0.0679633954475942,-0.0893893362736458,-0.0653395254094102
-0.791365409816386,-0.103972846025431,-0.066319548210837,-0.0808090856012913,-0.0643148500885574
-0.216749504852926,-0.0878720558187731,0.157330254120195,-0.0758678156853117,-0.0634269398453536
-0.153297143152912,-0.0791792677104196,-0.129505037268893,-0.0719998809165846,-0.0628780294046574
-0.125708643863897,-0.0730094296571425,-0.102646295947451,-0.0688822963671951,-0.0623664169075861
-0.1040621752532,-0.0692908275278178,-0.0891084076604291,-0.0668246404953718,-0.0621183877008114
-0.0913372976812336,-0.0668224770846957,-0.0793449724123038,-0.0650296970403352,0.0977181694975022
-0.082183412407306,-0.236112921849301,-0.0737115247415118,-0.0639164488794581,-0.454352226803841
-0.0769014628937193,-0.27740752248164,-0.0698604251801385,-0.0628757332164559,-0.108483698686257
-0.072757299443912,-0.0641411105400033,-0.0676149725041212,-0.0623706177499129,-0.0926712418856038
-0.0694112549309539,-0.0632778970832977,-0.0659980608020921,-0.0618754037180875,-0.0817419496998757
-0.0672004038845547,-0.486454918314109,-0.0647141127306663,-0.0618754037180875,-0.075371292227544
-0.0652701409333618,-0.0629329479100586,-0.0936046167030897,-0.0618754037180875,-0.0710549244140027
-0.229648458714165,-0.0517858209039184,-2.14529617250704,-0.0618754037180875,-0.0685442987821666
-0.0631462564317112,-0.0654325609924336,-0.0690152692932869,-0.0618754037180875,-0.0666789333830885
-0.0500287276664976,-0.0637789730162002,-0.0605551850559028,-0.466309502103485,-0.13109498797214
-0.06584020152483,-0.0631069576139272,-0.065202264547658,-0.0618754037180876,-0.0643694328189616
-0.0641319438278619,-0.0626479830721667,-0.0628342711701337,0.0716769176983714,0.204152337637604
-0.063335744221106,-0.0623962726636898,0.100103199207829,-0.102592676051683,-0.140627783523157
0.0967277844631565,-0.062225757553673,0.0726350248390148,-0.0857366039772188,-0.28551931264322
-0.144969903634879,-0.0621301706344334,-0.142623050742656,-0.077597024824969,-0.100025948170278
-0.112348039594246,-0.0721124300775392,-0.112917966692158,-0.0718555182181837,0.156469709496665
-0.0959211894344051,-0.0620016867324368,-0.0959512238941466,-0.314007815108001,-0.150176211697172
-0.0838454274625344,-0.0619640800458168,-0.0843943115397517,-0.222172530279882,-0.119238134024877
-0.480669124217066,-0.0619316952544363,-0.0773281521202009,-0.166945857817518,-0.100288852729661
-0.0772996778315477,-0.0619117353992664,0.068663554887365,-0.136541757402858,-0.211707733990867
-0.0732239066373889,-0.357098550639517,0.0463038028705073,-0.111946261429631,-0.197094959982043
-0.0843508966214475,-0.0618872195637768,-0.141855805447449,-0.157282801904289,-0.0635510735252818
-0.0675986195892517,-0.0618754037180875,-0.113047003141447,-0.0877707487768018,-0.14770718439157
-0.0659063099825818,-0.0618754037180875,-0.492637584071752,-0.0810012457792706,-0.118792772619757
-0.0644315808769437,-0.0618754037180875,-0.107619448772724,-0.0691581144227423,-0.101600886572982
-0.0635286111711464,-0.0618754037180875,-0.0854429479573062,-0.0732575524972729,-0.0888181927055347
0.0777522127043258,-0.0618754037180875,0.0240927498170283,-0.0697406836125148,-0.0808543566066422
-0.109114728771955,-0.0618754037180875,-0.104326629928424,-0.0667524155953054,0.158811283228648
-0.0894916528958581,-0.0618754037180875,-0.0881494557766619,-0.0650213505771239,-0.138547382338695
-0.0801285097877186,-0.0618754037180875,-0.0795868040884098,-0.0635070716629763,-0.748291013577129
-0.100434379228177,-0.0618754037180875,-0.0734113544091546,-0.0627410746450809,-0.122539888850251
-0.0699919753757225,-0.0618754037180875,-0.0695910091370144,-0.0620336931893752,-0.102126976984888
-0.0673697759251132,-0.0618754037180875,-0.0606154420009863,-0.0619885792113587,-0.0892806415115733
-0.510725144555069,-0.52471854974358,-0.0671880664234745,-0.288490686836907,-0.0804188055568418
-0.0663707861365649,-0.0618754037180875,-0.0651336794369943,-0.0619438039437922,-0.0748212797548936
-0.0649717335376468,-0.0618754037180875,-0.0639054591506443,0.12901393623406,-0.0711560323443696
-0.0640551656996519,-0.0618754037180875,-0.0632473333957905,-0.127561569568451,-0.0681725150211721
-0.0632614807258659,-0.0618754037180875,-0.0714569286865132,-0.101154926612823,-0.066320595195101
-0.0627709852211601,-0.619702055956436,-0.0624637203885759,-0.0742968334698567,-0.0647072834422813
-0.801058873576801,-0.0618754037180876,-0.109389555372892,-0.52591891406754,-0.0637073380528551
-0.062329739180465,0.122075386265882,-0.062086681320324,-0.0836468596446788,-0.0627731066836314
-0.0618754037180874,-0.116991198004797,-0.0619548866503064,-0.0766763432913338,-0.0623197782888802
-0.0618754037180876,-0.0945527384359704,-0.0619312146585812,-0.0724104379575696,-0.0618754037180874
-0.0618754037180875,-0.00525545986163865,-0.0620676352132353,-0.069505850784572,-0.0618754037180875
-0.0618754037180875,-0.77373171638564,0.0726609554939407,-0.0671255937317014,-0.0618754037180875
-0.0618754037180875,-0.108170013240685,0.150575278443631,0.208180767497449,-0.106075431777867
-0.0618754037180875,-0.0934583761883968,-0.156606991945799,-0.143377653829878,-0.134661170593661
-0.0618754037180875,0.197996095601138,-0.121618671052545,-0.111431207785489,-0.0155684684266917
-0.0617664864058423,-0.142768726792817,-0.442157863591571,-0.0950758314259793,-0.117296438438888
-0.0619101632735673,-0.805615409529688,-0.102683425949548,-0.872655053370268,0.060526995266849
-0.0618951259889391,-0.148567743086522,0.152401275142876,-0.0939063809103093,-0.130392380587689
-0.0618881436725941,0.08312764695103,-0.147968179556633,-0.0839719992077544,-0.104792236606664
0.0828451805991366,-0.158782388521834,-0.116805099907181,-0.0782311481647017,-0.0914530756616479
-0.105944900994525,-0.125103300368714,-0.0997961825527836,0.0624294719372396,-0.0816087666759618
-0.0877714509240846,-0.966975005657576,0.162183600394663,-0.110797656588685,0.143596743317439
-1.0387319269011,-0.134731738750848,-0.149376711315434,-0.0917735975089209,-0.134926388925904
-0.090489836229488,-0.114025057506202,-0.832207846277826,-0.081612776578603,-0.106958930261385
-0.0816269563722298,-0.0989098779800221,-0.140363102947246,-0.0745124699804264,-0.0924435215506553
0.153163822589115,-0.03236853767314,-0.115098776534668,-0.0700547826819859,-0.0815827522597183
-0.137749912070249,-0.09661141043399,-0.0990471994437513,-0.0672107286875046,-0.0753456536446349
-0.108941787610004,-0.0830063908782636,-0.0873850611075611,-0.0653618111789347,-0.260732972929772
-0.0937636305868568,-0.0756812782917329,-0.0803798719164641,-0.0643752860947628,-0.08792585573879
-0.0827372408803547,-0.0696727149348826,-0.0654738847805443,-0.0635943709863433,-0.0673403767833167
-0.076052857338426,-0.0670122755923853,-0.0736436147358492,-0.0630841063048424,-0.065575444647689
-0.0714651977678734,-0.0649283085377326,-0.0695907332736955,-0.0626433885139279,0.138759822970586
-0.0685809424869642,-0.0638418537855513,-0.0665029538840047,-0.0623713668237852,-0.123701941401399
-0.0665492540898988,-0.0628892296462569,-0.0648518715873853,-0.0621181987364102,-0.0987492182642772
-0.0648669292685116,-0.134803502928436,-0.064173621475018,-0.0619955315612008,-0.0863838660938069
-0.0639811970631422,-0.062401200527449,-0.0627515214034664,-0.0618754037180875,-0.0774830156127492
-0.0914777070183085,-0.0622092976693182,-0.0653592089776528,-0.060165725671115,-0.0723722462066067
-0.0627653189574554,-0.0620909547681268,-0.062046335689915,-0.0624207281400012,0.127464172058286
-0.062311182924623,-0.0619809030809332,-0.0619927090503085,-0.293896832733359,-0.357864743907443
-0.0620910455735263,-0.0619275963477226,-0.187375719236008,-0.0621275592685903,-0.109166256885369
-1.16555363631931,-0.0618754037180875,-0.249650124896977,-0.0620334601146881,-0.0952302394747335
-0.0618754037180875,-0.0618754037180875,-0.0619215619488163,0.147826398694735,-0.0835675104774372
0.177612563743793,-0.0618754037180875,-0.061897992564891,-0.124240608583236,-0.362447647164108
-0.132264512052457,-0.0618754037180875,-0.0618865781766907,-0.994494424918245,-0.0752358096984937
-0.104131987247071,-0.0618754037180875,-0.0618754037180875,-0.123704422195264,-0.0713987742056785
-0.0901523359676179,-0.0618754037180875,-0.0618754037180875,-0.102672279303681,-0.0686009256313274
-0.0800127610545565,-0.0618754037180875,0.0688069685926416,-0.0903339512199644,-0.522132394182695
-0.0742837695226081,-0.0618754037180875,-0.357420360578256,-0.0814732009717065,-0.0668125027523463
-0.0703054569740739,-0.0618754037180875,-0.130358972953527,-0.0763646445019347,-0.200051308193027
0.211214749183971,-0.0618754037180875,-0.108744206598882,-0.0723595571502699,-0.064210683594033
0.0928815573882328,-0.0618754037180875,0.105942997323617,0.158332553267296,-0.0630247503468295
-0.17582485736255,-0.0618754037180875,-0.139352236124209,-0.14585728516605,-0.0624474540844867
0.0243687523216721,-0.0618754037180875,-0.110697217074059,-0.105699402186416,-0.0618816945020455
-0.799779282967093,0.0870084439147834,-0.19482296028599,-0.0912385402193027,-0.0618785156630801
-0.182103873627723,-0.107027728906949,-0.0870382754799278,0.110004085126198,-0.510615463309094
-0.149636677754486,-0.088430395501357,-0.0792937667343628,-0.129774915708828,-0.0618754037180875
-0.124280985972755,-0.0794114435091467,-0.0739268358027324,-0.10346156931307,0.160802108318681
-0.107677807973474,-0.073023945934201,-0.0703611861905473,-0.0903066074298367,-0.127706248347481
-0.094711558765645,-0.0694575314675593,-0.0678096006531746,-0.0806131486844978,-0.101248115718065
-0.0857817008895723,-0.0670056870555236,-0.0721530073428834,-0.074751915430366,-0.0881582082506399
-0.0787791711680227,-0.0656214556863755,0.173193110739516,-0.070711480733076,-0.0787058436696013
-0.0732051987005948,-0.0645620604781074,-0.132877537828618,-0.0681633014719819,-0.0733769146972024
-0.0692119747724263,-0.0637230921344384,-0.104613513923773,-0.228409440226014,-0.0696833787377714
-0.0660595008199197,-0.063174759912975,-0.0903635503240242,-0.165480650599489,-0.0675899276196948
-0.0640492425874388,0.180783042829967,-0.0800998934128646,-0.126236830442626,-0.0659807909334268
-0.0626610298705247,-0.133788823691364,-0.0742125376292124,0.0835363457309869,-0.064702180054973
-0.0622642662296074,-0.0965575773802402,-0.0702565593634705,-0.153582860390928,-0.0638649472799528
-0.0618754037180874,-0.499982504524899,-0.0680124845471603,-0.120588483544911,-0.0631403267968328
-0.0618754037180875,-0.0920143314702996,-0.0662859662510489,-0.102123634678281,-0.062692622885866
-0.0618754037180875,-0.082636799808723,-0.0562559355302092,-0.0892028556950822,-0.0622755629880217
-0.00197411057337277,-0.340894240069484,-0.0667559679408674,-0.0185798684926144,-0.0620734140603265
-0.080605846417045,-0.0753773136292628,-0.211812175360816,-0.0939757003812728,-0.0618754037180875
-0.0726607085202805,-0.06984039977073,-0.485812575645436,-0.78499099071607,-0.301278858372787
-0.0689046039370652,-0.0691834212214705,-0.0637615952419605,-0.0902394059194884,-0.0618754037180875
-0.0663058691734627,-0.987173749357378,0.157136324005553,-0.0807002033411063,-0.170766907501825
-0.0651381312568594,-0.147413393050875,-0.127454344437783,-0.0744294524782955,-0.0618754037180875
-0.0638954487379076,-0.0676702227906325,-0.101162189603697,-0.0699896511456416,-0.294365629166321
-0.0633464417971721,-0.0648528279283334,-0.105827288644822,-0.0670807703134342,-0.0618754037180875
-0.0629283675005851,-0.934899128664452,-0.184075648081102,-0.0651889767158122,-0.0618754037180875
-0.54727120682785,-0.062367366650369,-0.14069593863357,-0.0639787656397316,-0.0618754037180875
-0.0627004416307605,-0.0621814387686425,-0.116689342482081,-0.328763800256584,0.111095678910742
-0.0548674339422683,-0.06201482095678,-0.734324723798817,-0.0628357036697612,-0.512317161241003
-0.064609708953439,-0.0619733040336778,-0.111552899500768,-0.0624956617691596,-0.108053070965057
-0.0634038067200524,-0.0619375510900779,-0.0968581562645353,-0.0621790745101213,-0.0928793420014857
-0.0628389434038458,-0.0526702169478363,-0.087882139172646,-0.0620256579425759,-0.0818069983826084
-0.15444835047923,-0.194435178952815,-0.0804509678476504,0.143732146791986,-0.0755320463915367
-0.174463172811649,-0.063790828787564,-0.074680063136166,-0.123020247965889,-0.0711632993797684
-0.131935772333506,-0.0631075220558204,-0.0704759807272111,-0.0983056848634472,-0.0686818063457764
-0.109916872946692,0.111230615575334,0.079049790915377,-0.0861335790190639,-0.0667698127282443
-0.0932260748527742,-0.114616519710832,-0.123108554468147,-0.077383339542686,-0.0652477133504195
-0.0835687011247858,-0.0931345740230137,-0.0898491983865624,-0.0724612848304938,-0.0641287389862641
-0.0767337528617258,-0.0826261520189418,-0.0801499933332194,-0.0690562449791713,-0.614122146091997
-0.0728083267006064,-0.0751239382190321,-0.0730437762506397,-0.00722353889442063,-0.0636067273462195
-0.0697610357710565,-0.0709038844413131,-0.0694711451628561,-0.0842264976294357,-0.0630711883139681
-0.0673148280438129,-0.0620407650008892,-0.0670149572991937,-0.075219065527167,-0.0623017004026449
-0.0657083650502188,-0.0682185494168129,-0.0656282548318809,-0.0692466842818355,0.251406421736318
-0.0643100089364071,-0.0661486038601012,-0.0645669525404568,-0.0713424191979641,-0.151630140207134
-0.0634498267706772,-0.0647674863311055,-0.0566143035831657,-0.0659193814674104,-1.10732454919847
0.0719494514872307,-0.0638542859271048,-0.0654351832060473,-0.0644604666222047,-0.0489376497346695
-0.103243874672369,-0.0631454420679957,-0.0639883039667062,-0.0636565295137043,-0.17260020346067
-0.0777456343889938,-0.0627039735277949,-0.0632421560236132,-0.0630172137258455,-0.132016138890015
-0.0785626952552765,-0.0623288140610517,0.00291648668192312,-0.52734607387781,-0.111301650517463
-0.291069493675642,-0.0621319142645488,-0.0827011534181431,-0.0627533001921802,-0.0977267023664195
-0.071948763827748,-0.061947003903437,-0.0739419015529087,-0.0624377222696778,-0.0878739534182687
0.0717399092614103,-0.0619256792522474,-0.069764150108138,-0.0606552504291301,-0.0800118584555532
-0.10899703670645,0.150757545848038,-0.0668663984401314,-0.0625654095324386,-0.0749332920774479
-0.0902784141938178,-0.124982376544597,-0.487201533064031,-0.062256505385504,-0.0705484786653387
-0.0808057538511312,-0.0995335759934528,-0.0653542273060231,-0.0620690858289066,-0.0676211445671445
-0.0741026868686687,-0.0869758464810507,-0.0644032655519262,-0.0619956721453975,-0.0650871222078767
-0.4296453342606,-0.0779300664477323,-0.0636825835499588,-0.0619557227755769,-0.0636476366426249
-0.658170620056423,-0.072839560322157,-0.384365152850992,-0.344603272962241,-0.0624009657474147
-0.0720710067051258,-0.069315216374267,-0.0630670763942609,-0.0532492045964621,-0.0621326943401985
-0.876567761864798,-0.0673187348817562,-0.0626249147020903,-0.0646725864099706,-0.0620027049394213
-0.0723986943385802,-0.463387308259459,-0.062359409748445,-0.0634702391368961,-0.0618754037180875
-0.0693000925762247,0.154636311503649,-0.0621125234338307,-0.39374715541971,-0.0618754037180875
-0.0665812133015545,-0.129534544701777,-0.0619927191230165,-0.0627776549094457,-0.0618754037180875
0.104336757600388,-0.102572072150793,-0.0618755842820043,-0.0624833249733768,-0.867427265128177
-0.114171460770877,0.17266685194922,-0.0618754037180875,-0.0622825183427804,-0.0618754037180875
-0.092710614874226,-0.152547208102088,-0.0618754037180875,-0.0621703269826497,-0.0618754037180875
-0.081865272439002,-0.111198500308715,-0.0618754037180875,-0.0620845704955455,-0.0618754037180875
-0.0746096916658837,-0.102754002341209,-0.577055676307918,-0.0451292484497917,-0.0606697495674019
-0.0705475998422661,-0.088934462533179,-0.0618754037180874,-0.0673344521942869,-0.0622600290519466
-0.0677486410840506,-0.0807043391978362,-0.0618754037180875,-0.702075615528832,-0.0620936966552597
-0.0661667128426409,-0.0747455567227363,-0.0618754037180875,-0.0656963650979513,-0.0619299618950206
-0.0649545608907252,-1.59945606914515,-0.0470321676846677,-0.0642667338254493,-0.0619913907749751
-0.0639937279184897,-0.0925730976407219,-0.0665887125134327,-0.337252636048289,-0.0619506221692561
-0.0633654237005261,-0.227192808159874,0.104121630292753,-0.225290710604863,-0.0619255660997202
-0.0628223497309105,-0.0786952231683715,-0.114227723907227,-0.168334169034179,-0.0619108565280683
-0.0624870297317007,-0.0724423787742774,-0.0929393175328917,-0.137303933074082,-0.0619004886596438
-0.0621748464441112,-0.0680969805091503,-0.103944331660583,-0.112285206190971,-0.0618925575400252
-0.239415600281222,0.0344344359154775,-0.075337147139187,-0.45653701074013,-0.0618875193654457
0.079127064518664,-0.086811379162089,-0.071074325790722,-0.0979143764264175,0.0942679502749481
-0.104753865908199,-0.0199921763176249,0.228243506696023,-0.0887604892292833,-0.109117763097827
-0.0870468828622148,-0.0981909195308767,-0.150965457625293,-0.0814427998633564,-0.0897063644298165
-0.0784785489729924,-0.0838483963160852,-0.482014259440962,0.106314781255714,-0.0802734472245578
0.172778610191855,-0.0765173330854288,0.0357279962996021,-0.124831574478515,-0.0735796875404681
-0.139826580076612,0.0565172000302139,-0.139887318846758,-0.10003777207602,-0.0698391736591663
-0.10962914762684,-0.107045656666516,-1.05243425845274,-0.0873266804017552,-0.0672656219869533
-0.094337116071875,-0.0892111093619356,-0.153343106169182,-0.077656007086717,-0.0658120930441748
-0.0830577787621068,-0.0802255552829605,-0.127808232377973,-0.0648236637772193,-0.0646992479036008
-0.0764339142921534,-0.0738108156972794,-0.110039957968394,-0.0706989838839245,-0.816442831638259
-0.0854668958989439,-0.0699851620849065,0.0680484966327675,-0.0679510628263408,-0.0647769960664285
-0.0691689072760834,-0.0673764871293196,-0.0415357102332874,-0.0661457350531418,-0.0637215723764396
-0.0670700281863777,-0.0657483256402047,-0.132854955621224,-0.0647615529298291,-0.0630687148832111
-0.0653596408698546,-0.0761340578146874,-0.0264298197588148,-0.0638901590582726,-0.0624598838383477
-0.414031620485551,-0.0636440584972651,-0.116087009609183,-0.959835399177297,0.164566231927483
-0.192787817123847,-0.063086811993315,-0.0960960628419779,-0.0639771230350503,-0.12881046188212
-0.144758211060258,-0.0626028340509383,-0.0843138028382272,-0.0630080882914965,-0.101944749172569
-0.119040756484493,-0.281916407356943,-0.485899846352381,-0.0624984952982158,-0.0886390229638232
-0.0993241193609851,0.108142443063928,-0.0700549795642434,-0.0620321638927128,0.0892442236823227
-0.0876183779869819,-0.117325663930403,-0.0746525420565616,-0.061974920268006,-0.123377463016496
-0.0795636693442086,-0.0948971553010406,-0.0706882038965383,-0.0619396359700748,-0.0994347309959155
-0.0749331731911723,-0.0837665607769381,-0.0629466756036572,-0.489235591056375,-0.0875165042825046
-0.071315954602488,-0.0758958811346194,-0.067437346758176,0.0417423756113629,-0.0787751399545764
-0.0684051747212627,-0.0797339862231871,-0.065322063375934,-0.120263862528477,-0.0734747191774634
-0.0664857491405789,-0.0684357415406718,-0.0639500398042068,-0.11343526400752,-1.53091823520242
0.15129341727387,-0.0666669924374878,-0.0630405033687478,-0.0860604066940295,-0.0864362454645803
-0.127541308918237,-0.065307126394379,-0.0868748745519628,-0.0776939227896352,-0.0794247167377289
-0.208292753108045,-0.0642399927446507,-0.0622587391183394,-0.0726687761520646,-0.695045954687516
-0.176878305381505,-0.063530051159405,-0.0620655606374376,-0.0693900913278061,-0.0764272406338047
-0.162465532509043,-0.0629280136596109,-0.0620060995250592,0.0986953038032803,-0.0701605799013842
-0.120266839930416,-0.0625468373567273,-0.329065262773479,-0.1153821854668,-0.0672592535346392
0.121043044469903,-0.0622042838226245,-0.0624214494864719,-0.0939996478456997,-0.0645206542453632
-0.147972141653823,-0.0620316081852777,-0.0619194890656169,-0.083274105382603,0.0183465152390768
-0.607815998684755,-0.0618754037180875,-0.06189835750386,-0.0860118041244616,-0.0515092598545052
-0.131632801097016,-0.467700810852024,-0.0618866366137697,-0.0712016751747473,-0.0874146285173012
-0.109551294680801,-0.0618754037180875,-0.0618809604631311,-0.0679816520071865,-0.0778098059506706
-0.00867964992012035,-0.0601458828306577,-0.0618754037180875,-0.0663122049588557,-0.0721210906525318
-0.110359217897907,-0.0624270535493194,0.0679013442976721,-0.0649670766515739,-0.0686336313378194
-0.0930689806098951,0.245763319146068,-0.101493063007991,0.0587316688682001,-0.0664489278716097
-0.0831581899209487,-0.150421281818221,-0.0736496587625806,-0.100806542894137,-0.0651123087375727
-0.075378865177702,-0.11584572949314,-0.0806621410683039,0.0784562538413762,-0.0642109122667374
-0.0710627972759769,-0.0983562592544723,-0.0736097021087888,0.0782646421990816,-0.0635071872347105
-0.0676177174031207,0.214368534494776,-0.0698004341232112,-0.164941122282048,-0.063012352926822
-0.0658704925479905,-0.473096887961756,-0.0671758981946045,-0.128997543805848,0.0389913718221343
-0.0643800831967782,-0.148351971611051,-0.0656998715567573,-0.107370186463408,-0.0936489461847512
-0.243181253439638,-0.123125321178263,-0.0645933852796023,-0.0925797149433245,-0.0741525741369147
-0.0526048910629413,-0.979533656434802,-0.0637608871694251,-0.0832102573731723,-0.075882042503129
-0.0657582535276206,-0.132839819595489,-0.0632050734695161,-0.0768981725923244,-0.0705849814526178
-0.0641192497355394,-0.159166978545516,-0.0627309724377064,-0.0728405747481098,-0.0677342628770541
-0.0632669360332292,-0.101631997198312,-0.0624360290260817,-0.130372125861362,-0.0687758833096557
-0.062723443217991,0.0510509735290254,-0.062164374070961,-0.0675605525242614,-0.0647214524613902
-0.0623840030559154,-0.122589211136508,-0.0620279295531957,-0.0656595981639331,-0.0639014702969854
-0.0622175010949414,-0.10007618613008,-0.0618954105960362,-0.0642673086824158,-0.0634918618794197
-0.0621241650086017,-0.0865210049536301,-0.0809207250603845,-0.0632266061145444,-0.0628626968392866
0.192595955244711,-0.0777775420727741,-0.0453506609154064,-1.27449908913433,-0.0625083276703587
-0.136429803090665,0.0356973077697185,-0.335298910947617,-0.0626564607251105,-0.0622884409905289
-0.106800464103969,-0.100810371027472,-0.0657839061601031,-0.0618754037180875,-0.0620854036364961
-0.0920053519126137,-0.0358319604902532,-0.0644082753730304,0.0480691178292593,-0.0619844443554777
0.0929323364498689,-0.0920646175224885,-0.0634660115755713,-0.0956685780862602,-0.0618861782078467
-0.125957463350597,-0.190314009659584,-0.0629485182129352,-0.0859980830064656,-0.0618807336947695
-0.228005254397424,-0.0846211218884211,-0.0625975499226455,-0.0748638207573402,-0.608918761849251
-0.0926773011237977,-0.170753813483943,-0.958562780560793,-0.0701019831968479,-0.0618754037180876
-0.0823045244578956,-0.069023528630088,-0.0627961806603022,-0.0674565416945537,-0.0618754037180876
-0.0759432234106588,-0.0667359817371792,-0.0625077042555007,-0.586285179950239,-0.0618754037180876
-0.399220999386833,-0.0652516081724369,-0.244259326634964,-0.0665075575346322,-0.0618754037180876
-0.0714084340592472,-0.26511566290484,-0.211464814896005,-0.0652001031461275,0.0787852551938955
-0.0685896401255459,-0.0637247076525154,-0.157924839614279,0.0522902993757291,0.154889099175581
-0.0662205316382072,-0.0631243037922601,-0.129167055935279,-0.0990736398594504,-0.158481301065148
-0.064788478919691,-0.0625835666022903,-0.106457727204615,-0.109362237393034,-0.122902772341776
-0.0635028653832437,-0.0622893797094229,-0.0930219195748735,-0.0766161729798976,-0.103083003050797
-0.0629271593827978,-0.0620084380945208,-0.478094894311064,-0.0711355549874673,-0.0890499364902697
-0.0623904960560974,-0.0619412198201353,-0.433558581620528,-0.0681055718798378,-0.0806004724676874
-0.062130308155266,-0.0618754037180875,-0.0864813311059765,-0.0659786219691832,-0.0591190453933569
-0.0618754037180875,-0.061784464651975,-0.384818841074511,-0.0648688435466777,-0.0763314524898686
-0.328197813519018,-0.0619044259258067,-0.129463658686507,-0.0640209008438564,-0.218992595758302
-0.127154075979264,-0.0618918705934489,-0.0378932274926353,-0.063350247389792,-0.207088922987217
-0.100900227736046,-0.0604058721401656,-0.109034539948557,-0.0629122335727928,-0.155706690052951
-0.0879183086480186,-0.083513462731603,-0.090253238530477,-0.0625340914960342,-0.127537038845564
-0.0709480871881652,-0.354230538124592,-0.113126045259026,-0.062300744752794,-1.05889100868218
-0.0756284651593248,-0.0621163831203958,-0.0732498455046638,-0.0620836152780506,-0.141798018068496
-0.0709700826160021,-0.062026867280483,0.0637061624694863,-0.061978418019022,-0.0239821265861528
-0.0684247219179523,-0.0492361106319072,-0.128150370716487,-0.159538121067976,-0.130880033963223
-0.0665030774011928,-0.0659923668532175,-0.0902067352088711,-0.219363326416289,-0.109493217811577
-0.0650560597493939,-0.0642296916996692,-0.0808510606294912,-0.0618754037180875,-0.0951122018614155
0.218807714578383,0.142606323968278,-0.0740409955332005,-0.0618754037180875,-0.0849161690534032
-0.384774013421707,-0.123961872172284,-0.0701529843116469,-0.0618754037180875,-0.0770501646767945
-0.126527450689613,-0.0989874472425305,-0.0673405480595447,-0.0618754037180875,-0.0719175664526076
-0.48487156020172,0.160212429997013,-0.0657626858575174,-0.0618754037180875,-0.0676653975983332
-0.103810232342801,-0.147544238355792,-0.0644961842149554,-0.0618754037180875,0.0680050598826999
-0.0909106094658316,-0.115469451428315,-0.0636539108233276,-0.289927088432924,0.0583595220729781
-0.0219226310964722,-0.0983500593670294,-0.0630827414288135,-0.0618754037180875,-0.132855143056789
-0.5263318966345,-0.0861093991794441,-0.0626425807826382,-0.0618754037180875,-0.106327712131756
-0.0948972519162977,-0.078740177517087,-0.0623708381703819,-0.0600648751955656,-0.19454395543038
-0.113419677527495,-0.0734240420381177,-0.0621180021645131,0.231818191782562,-0.13486543572724
-0.0719025029390818,-0.0702844615246908,-0.0619954329141972,-0.147001350692884,-0.0773488679078926
-0.0740710878989718,-0.0677864827477558,-0.0618754661298958,-0.0992372766900683,-0.0726314527783719
-0.206188103823274,-0.0677958235160134,-0.0618754037180875,-0.101042284485834,-0.0697218269390911
0.0695692647897261,-0.0645626692944023,-0.682217747603107,-0.0869416275196717,-0.0674440347380834
-0.106822844466794,-0.570154174448027,-0.0618754037180875,-0.246526482110616,-0.065744569303844
-0.08806916305707,-0.0634689675836385,-0.141125268779123,-0.0819494412474981,-0.0645114971635824
-0.0792518114901266,-0.0626561592380122,-0.0618754037180875,-0.541714017654992,-0.0635612688321473
-0.0729502152514921,-0.0622618539982692,-0.0618754037180875,-1.35177649518209,-0.0628797919873622
-0.0693959826867606,-1.30848225634528,-0.0618754037180875,-0.100098249002654,-0.0623687021397349
-0.0668925739158716,0.167658564226458,-0.0618754037180875,-0.0893843336148085,0.0396567554951886
0.0737983327636598,-0.129572166340528,-0.0618754037180875,-0.0800800016624343,0.0410252322291372
-0.105229816212887,-0.102426030166142,-0.0618754037180875,-0.0742247496707776,-0.167389571201273
0.01407586512734,-0.0889715328198177,-0.0618754037180875,-0.0688250288977559,-0.125440733400949
-0.113864873794306,0.100834221053371,-0.0618754037180875,-0.0658516466758816,-0.104592666755788
-0.0813206540530745,-0.126359160274877,0.00484175270521726,-0.0631582443563189,-0.0905534995593956
-0.0869779637672317,-0.101547384809748,0.0436473773343862,-0.062661749312138,-0.0816523055726756
-0.0779512741085737,-0.352553492669928,-0.111478933955785,-0.0623175707929451,-0.0759102589821158
-0.0729997409886296,-0.0852217365889225,-0.0920480239933415,-0.0620918546192972,-0.0721196440473298
-0.0694287860727948,-0.0779801476975639,-0.0801225102001184,-0.0619824951571755,0.154346525595976
-0.0672493691251325,-0.0729602369532328,-0.0752319176184864,-0.0618754037180875,-0.132240299174047
-0.504415817943976,-0.0697692011568649,-0.183691706499851,-0.0618754037180875,-0.104580233845777
-0.0658765729502832,-0.338914065056816,-0.0688590209144554,-0.0618754037180875,-0.0904432115784126
-0.0570995893509567,-0.0666328446058438,-0.0669396954036992,-0.0618754037180875,-0.0800976000439717
-0.065924332577789,-0.222278664341089,-0.0654691137717276,-0.496916580306803,-0.0741276511797876
-0.568200606323714,-0.0640103022433414,-0.064361634246164,-0.0618754037180876,-0.0699816189307941
-0.0640604048440892,-0.0632558050795469,-0.0635843886223665,-0.0618754037180875,-0.0676809162257227
-0.0631773216975149,-0.0625520982915721,-0.0629695077309521,-0.0618754037180875,-0.0660464851575111
-0.0625519256413554,-0.0622105447172158,0.188602384154474,-0.049870761473794,-0.0647475735656044
-0.0623204221665433,-0.0618760582221221,-0.135671390079571,-0.0656910380427012,-0.06389697443529
-0.0621786003792118,-0.0606102430718931,0.0357160656582877,-0.0640467938773362,0.138363777477266
-0.0620922134401251,-0.0622792649525577,-1.05073984565648,0.174674583893924,-0.122611558992739
-0.0620241992890801,-0.0621045275495234,-0.24217450486477,-0.132596408213636,0.0816027584568528
0.0870988398595687,-0.0620234358764091,-0.19381538718447,-0.469428020326931,-0.464480992201731
-0.107143577953442,-0.0619681855259806,-0.157335572403416,-0.10318483454759,-0.157521217625888
-0.0885058085263386,-0.0619379211379666,-0.131799953491295,-0.0887159124621947,-0.129509738022616
-0.0794560407192839,-0.0619174389041625,-0.112844132091845,-0.0803909217890876,-0.107416062635784
-0.0730500743867444,-0.0619059623206742,-0.0990450144482161,-0.0745237295508273,-0.0943364014488179
-0.0694687664667357,-0.0618972504404571,-0.0892927085277805,-0.0711665704553187,-0.0846441819470488
0.201610935982564,-0.0618903945643348,-0.0809048092317859,-0.0570247498616212,-0.102888444241742
-0.0834463701167376,-0.0620807116803659,-0.337700766161197,-0.0701147589763229,-0.074197494027335
-0.429735649369438,-0.0618820862343589,-0.0770456292718153,-0.0671887893020716,-0.848997104184594
-0.121522893567476,-0.0618797165714485,-0.0668783590182487,-0.0652824330284024,-0.0746252307634697
-0.101649899539084,-0.0650555957446606,-0.10978385606129,-0.0640456808016344,-0.0696701203144926
-0.0890069775264284,-0.0618764510927738,-0.0899769972012563,-0.0630973658951617,-0.0667430628007792
-0.0926276843484249,-0.0618754037180876,0.0952094343461016,-0.0625832024192092,-0.0639515353244609
-0.0758768356971638,-0.0618754037180875,0.0419999062740576,-0.0621581741806274,-0.062904021969631
-0.0718962667182298,-0.0618754037180875,-0.400366301899699,-0.0620776035416776,-0.136106816745619
-0.0687490647128137,-0.0822311912186935,-0.132551451195954,-0.0620141708696781,-0.010743997138958
-0.0666881108504809,-0.0618754037180876,-0.11019064772578,-0.0619728474814599,-0.0779116597298337
-0.0650281105414194,-0.0618754037180875,-0.0946020690130991,-0.0619372612464713,-0.071089654971833
-0.961729233984883,-0.521715751214258,-0.0845609438926429,-0.0619153279844518,-0.0678728729451503
-0.0645601909013903,-0.0618754037180875,-0.0779304728928172,-0.0618949417059105,0.168757539000623
-0.0632223895685896,-0.0618754037180875,-0.0734774142331842,-0.0618850689276586,-0.133056725459437
-0.0620383258195268,-1.55614726388973,-0.0700515100156646,-0.0618754037180875,-0.104872661754248
-0.0619368227235147,-0.0618754037180874,-0.0674324848336629,-0.0618754037180875,-0.183750034667925
-0.0619124412272784,-0.0618754037180876,-0.0655877911619996,-0.0618754037180875,-0.226717394738316
-0.222865576369212,-0.0618754037180875,-0.0641527488091548,-0.0618754037180875,-0.078138928835169
-0.0618908616145966,-0.0534826924700315,-0.0632130468576875,-0.0618754037180875,-0.0729827489118913
-0.0618844491171834,-0.0645462835466975,-0.0625328993552055,-0.0663538757141428,-0.0699796162127924
-0.0618789415850382,-0.0633939744927644,-0.0620971960217369,-1.94906283325313,-0.0676862713699048
-0.0717005798381083,-0.0628575631637856,-0.0618754037180875,-0.0618754037180875,-0.0658395069419013
-0.0618772604784642,-0.0624914076896639,-0.0618754037180875,-0.390123102541344,0.0729894645809995
-0.0618766777737446,-0.0622906559190506,-0.0618754037180875,-0.0618754037180874,-0.105349681721855
-0.305802821039707,-0.0621546915321273,-0.0618754037180875,-0.0618754037180874,0.0477336830917175
-0.0618761283962436,-0.0620784810666661,-0.0618754037180875,-0.587608370818271,-0.118341033334795
-0.0618758714184527,-0.062020607702187,-0.0618754037180875,-0.0618754037180875,-0.096268445184281
-0.0618756325928141,-0.0619750505653577,-0.0618754037180875,-0.0618754037180875,-0.0848531547999802
-0.0618755169380513,-0.0619453744596426,-0.0618754037180875,-0.0618754037180875,-0.0768578335038662
0.159183247049036,-0.0619198203106318,-0.0618754037180875,-0.0618754037180875,-0.0723423422862496
-0.127264331044998,-0.851788562072369,0.0645825434572624,-0.0618754037180875,-0.277312530544367
-0.396043284524673,0.13370974202739,-0.10052405039471,-0.0618754037180875,-0.266600273791496
-0.0405122559631414,-0.120263738637822,-0.0204929739236367,-0.0618754037180875,-0.0674619555917154
-0.462489286856781,-0.096577434626893,-0.0960946088650044,0.18694643559337,-0.0656359904997434
-0.0996679012107888,-2.58191262056605,-0.0826922760167025,-0.0270750911670609,0.0821049269882263
-0.137379292242253,-0.257486254334261,-0.159577282487885,0.0784236054503163,0.119560268576142
-0.0808758539499487,-0.219193784758328,0.0626471121063832,-0.166342726133768,-0.0500141429011972
-0.0753800842278723,-0.19205942380478,-0.163410556766462,-0.122920140603987,-0.146049818007013
0.0377625395891864,-0.161525982713198,-0.125327542102588,-0.110134009265786,-0.0599764738627047
-0.101554599859724,-0.139739648121648,-0.100649574005362,-0.0941421537972069,-0.342401517091699
-0.0857243179755054,-0.119041965344468,-0.0926808423640311,0.0638669699600264,-0.0948070651707796
-0.0776557039041566,-0.0645138307580109,-0.0828911924382566,-0.121326230884245,-0.0959421117532894
-0.0717507419282423,-0.101307080539135,-0.0762280421550203,-0.0994308823681236,-0.0853804779090097
-0.0879169483570286,-0.0871449727201176,-0.0705162719493496,-0.0875596994856585,-0.0786007265467781
-0.066078249023594,-0.0756665814287037,-0.0696894808784552,-0.0787133361791738,0.169721870071944
-0.0648585058857198,-0.0694209108523789,-0.0670550401687212,-0.0734001014028435,-0.14013604640948
-0.0639756187571294,-0.063964686795272,-0.0654881509941307,-0.0694523930261366,-0.109932476139896
-0.0632606355393432,-0.0632825712275777,-0.0641440109970491,-0.0671168617887805,-0.0941721634057512
-0.0628491611987068,-0.062899588999167,-0.56807047830478,-0.102242450070083,-0.0825883308149747
-0.0624939903253539,-0.0626082307641673,-0.0480681897806311,-0.0478056729689201,0.181787936701486
-0.062274836639655,-0.144075276987238,-0.573695997909665,-0.0684637047194478,-0.380611098051142
-0.062070929049514,-0.0622589261785339,-0.477898398956334,-1.89311153886689,-0.000830653761827409
-0.061972140490772,-0.062118921616559,-0.0664439912017032,-0.0774646329951417,-0.710367315752878
-0.356709038542851,-0.062032599244103,-0.0581708243663572,-0.0712674765370397,-0.154380232254275
-0.0618754037180875,-0.061952338194133,-0.0658811301206789,-0.0679306565007899,-0.128251205019898
-0.0618754037180875,-0.0619134639184782,-0.0643556067324483,0.027934837232905,-0.107416713350413
-0.0600115147842831,-0.0618754037180875,-0.0635796771439844,-0.0931029480611261,-0.0949348356158603
-0.0456632289548274,-0.0618754037180875,-0.0630247294544516,-0.0803955076740969,-0.0850771653998288
-0.0675422047290295,-0.0618754037180875,-0.0626548280854253,-0.0740943689891062,-0.0783084139771636
-1.18899005892486,-0.0164083254886415,-0.0624132744001077,-0.243627022551656,-0.0732834140566886
-0.767814084402345,-0.0761628162046794,-0.0787571950859796,-0.0681546676455686,-0.0694561448416633
-0.0701612357656594,-0.0700734353072492,-0.0621242131808499,-0.0661018933192035,-0.0670051662994689
-0.0674962022491096,-0.0672069367732234,-0.228906095306817,-0.0648587230350716,0.120625411351729
-0.0656936004737221,-0.0652311823909279,-0.0620196453475966,-0.0639680045708425,-0.118870644103078
-0.0646568001634814,-0.0641427557806432,-0.0619402003636427,-0.0632433997404372,-0.0953200834225735
-0.0800772263349771,-0.0634027314595178,-0.336308738513575,-0.062837031064115,-0.0840171997275638
-0.063265937988119,-0.0629871612560726,-0.468935336637345,-0.0624862785072053,-0.0758553924072649
0.0928415819738948,-0.0626709504187973,-0.061900657320906,-0.0622698544710189,-0.0714059645247183
0.00922516645885065,-0.0624216505268924,-0.0618836515340126,-0.0620684895250537,-0.107897046145897
-0.124139299960066,-0.0622591170915245,-0.0618813995134997,-0.0619709333541874,-0.0667882925996138
-0.101092040116095,-0.0621190428749471,0.154376921107061,-0.0618754037180875,-0.0654024509983071
-0.08767612497217,-0.0620326775344365,-0.125952932408208,0.150899829889005,-0.0643027752070903
-0.0788736500502124,-0.061952376515397,-0.100144898967221,-0.124994970412027,-0.298189788556269
-0.0734822474975495,0.207616768657297,-0.0873979064067534,-0.0995429158410317,-0.0632482172668359
-0.070399821660821,-0.140272402289927,-0.078208712051579,-0.0869836684697997,-0.0627624056565639
-0.0678103969025693,-0.109250708524893,-0.0730323406302801,-0.0766175606316286,-0.0623097553785982
-0.0660607346731388,-0.0937158894777595,-0.0694471895791971,-0.0732564516647704,-0.062090338934428
-0.0647877188870761,-0.0823590346562522,-0.0674157860350416,-0.069555756583901,-0.0618754037180875
-0.0638352981116159,-0.15076984409453,-0.0658550885435156,-0.0674760625377814,-0.0618754037180875
-0.0631304773542675,-0.0721744514627797,-0.0646153360502147,-0.0658845836624738,0.0612593908114096
-0.0626006990236494,0.21478588658501,-0.0638036818530471,-0.0646344727399883,-0.0995514841255497
-0.0622319549833266,-0.148562139955569,-0.0631013136476473,-0.0638151740529406,-0.0839004809030299
-0.0619861373992183,-0.115178351683009,-0.0626673925169523,-0.0631128138937761,-0.197199771059758
-0.0618754037180875,-0.0980690398138652,0.0761209260275081,-0.062568969909244,-0.0722504218199696
-0.0618754037180875,-0.0852634294896134,-0.104169901241158,-0.0623071009940349,-0.216718961475766
0.0167240991205128,-0.0779035678805825,0.0484025621520527,-0.0620948959925604,-0.0674061734237021
0.151891878958852,-0.0726132739238087,-0.117837076526232,0.109315086361804,-0.0659152870866529
-0.143839866381359,-0.0696386497670231,-0.0959933403336529,-0.11341137833175,-0.0647735276898877
-0.112544108143822,-0.0672854012553053,-0.0848250066526918,-0.092342106486017,-0.0638688801144722
-0.521677934001764,-0.0656045872212414,-0.0768402537675133,-0.0666398300568646,-0.0632774570892942
-0.220228952280184,-0.0645021016080099,-0.329430887543465,-0.0794961239346331,-0.0627663805578635
-0.168929246478927,-2.17382932775816,-0.0712414805558132,-0.0733900886101323,-0.0624508531073819
-0.427332814588873,-0.0974801891734302,-0.0651675142028468,-0.0696165788065939,-0.0621571273307419
-0.134122924918138,-0.0819203335597539,-0.118942338378291,-0.143376919328568,-0.062014796342067
-0.114533294196229,-0.0743345874639097,-0.0963012802321903,-0.307625784528703,-0.183177297975533
-0.0991935753758902,0.0381566504839252,-0.0849011702930423,-0.665182781674125,-0.324026842614432
-0.0894573022740415,-0.0986843121630902,-1.61749561491601,-0.128950594145679,-0.218054697457856
-0.0813848349911491,-0.0838135081930606,-0.108864046664201,-0.129897138329891,-0.0618754037180875
-0.716932464423587,-0.076535706442404,-0.0934967332749415,-0.0937550829441976,-0.155343659194842
-0.0318347911969705,-0.0713566966668021,-0.00303240384991422,-0.0835726280669224,0.239474389836365
-0.0861320324763758,-0.0598843430549307,-0.128501781804829,-0.915415444370026,-0.160197922322874
-0.0757529265086928,-0.125917968962058,-0.102934377457146,-0.0877584280598559,-0.115255664416205
-0.0700873649812903,0.062514579654915,-0.0907524836502833,-0.0799512564857822,-0.0979361320635373
-0.0667016946369567,-0.105840330658597,-0.0997479339940637,-0.0747232929443508,-0.0851556957446897
-0.0642425261795918,0.0441790265310326,-0.0746834230876814,-0.0700533438388242,-0.437963019137145
-0.0634700717878781,-0.118003093379589,-0.0699231877122253,-0.0671890981513543,-0.0775384678949863
-0.0630362465509326,-0.0960919091923535,-0.0673560300757063,-0.0644860479408404,-0.0648626122689424
-0.0627061096563699,-0.0849721706969292,-0.0651878952584202,-0.0631693634364263,-0.0728830560308718
-0.0624458088577081,-0.0769042624352054,-0.0641558661093899,-0.0618754037180875,-0.0691702538581061
-0.0622760954545502,-0.0723375465810687,-0.180368971242678,-0.209211052000078,-0.774169267099531
-0.0621298268338025,-0.0690504836932555,-0.0630226215561582,-0.0618754037180875,-0.0684181167639306
-0.0620396402470466,-0.067020958755417,0.123569521025374,-0.0618754037180875,-0.61230768875514
-0.0619557846162023,-0.0655431281780744,-0.117937810695026,-0.0618754037180875,0.134840585139031
-0.0619151689979359,-0.0643352993068716,0.0354803992091253,-0.0618754037180875,-0.123536591336404
-0.0618754037180874,-0.0635589671604811,-0.127600932367116,-0.0618754037180875,-0.0979959579519791
-0.0618754037180875,-0.0628727443099154,-0.102438660460521,-0.221386371394497,-0.0859409235123701
0.0933401959618283,-0.0624828812512652,0.00453735224836219,-0.0618754037180876,-0.0772837089612044
-0.206064500376852,-0.0621182039507253,-0.107797346619492,-0.0618754037180875,0.0656818365946904
-0.0944346230032499,-0.0619955889267572,-0.0910875166979316,-0.0618754037180875,-0.110371616882789
-0.0834852303922881,-0.126705445144616,-0.081727608756041,-0.0618754037180875,-0.0915179541314312
-0.0756600803056183,-0.0618754643157856,-0.0752532411467225,-0.0618754037180875,-0.0818309345317325
-0.0712712630077608,-0.0618754037180874,-0.0712171395618805,-0.0618754037180875,-0.0747831736798454
-0.0682426185138218,-0.0618754037180876,-0.0684140620518813,-0.0618754037180875,-0.66641930261049
-0.0665296340445635,0.129177121853348,-0.0663852833275962,-0.0618754037180875,-0.072673068091446
-0.0652160118831304,-0.11897864639511,-0.0648486666382893,-0.0617774973070963,-0.064009920510432
-0.0641741024993871,-0.095785826745071,-0.0638224165418265,-0.0619066494035634,-0.0689348970090202
-0.0634925470342836,-0.0844076824457898,-0.0630110730690826,-0.0618931322006985,-0.0664104493466561
-0.246364709002777,-0.0762594577236038,-0.062558368773777,-0.0618868557305372,-0.0647906199816383
-0.246668908773734,-0.0716847787032137,-0.0622280098343896,-0.0537127205909259,-0.0637248873906585
-0.0623449034292583,-0.0685251573728903,-0.0620487141329652,0.220591890477993,-0.0630827300069955
-0.0621077377520235,-0.0667373529145889,-0.437829208020175,-0.145555916583263,-0.0625183669272078
-0.0618754037180875,-0.0653657274990767,-0.0618769626188521,-0.47336507055206,-0.0622376831672521
-0.0618754037180875,-0.0642774269320848,-0.061876498266885,-0.11142649912474,0.174918624155844
-0.0618754037180875,-0.631886170954704,-0.0618760984854989,-0.0942665236226554,-0.131621655182996
-0.0618754037180875,-0.0637724735213067,-0.0618758521143327,-0.0843054659792471,-0.103732013760206
-0.0618754037180875,-0.0631016673604084,-0.0618756231461107,-0.0801965266404826,-0.0898746994654026
-0.0618754037180875,-0.0624760386089242,-0.0618755122649465,-0.0732431131688763,-0.0798310649722741
-0.0618754037180875,-0.0621726597222155,-0.0618754037180875,-0.0700761976663309,-0.074154216637516
-0.0618754037180875,-0.0618754037180876,-0.0618754037180875,-0.067543864767001,-0.0702149334163675
-0.0618754037180875,-0.0618754037180874,-0.0618754037180875,-0.0658680308605422,-0.580055957179156
-0.0618754037180875,-1.6919630826331,-0.0618754037180875,-0.064418686114292,-0.0692053892289615
-0.0618754037180875,-0.0618754037180875,-0.0618754037180875,-0.0635140014909537,-0.0602954512417182
-0.0618754037180875,-0.0618754037180875,-0.0618754037180875,-0.062678354628851,-0.0675426378594892
-0.0618754037180875,-0.0618754037180875,-0.405751989224549,-0.0466335391452724,-0.0653457848298984
-0.0518592914164153,-0.0618754037180875,-0.0618754037180875,-0.0669145665449361,-0.0641222526515222
-0.195439030229304,-0.0618754037180875,-0.622632714592939,-0.0647458347920777,0.0813570786881611
-0.726607596573557,-0.0618754037180875,-0.0618754037180874,-0.20143610090943,-0.106368581470581
-0.0644687032978394,-0.0603827176466152,0.0122695817110038,-0.173157521647015,-0.087873812508739
0.273587734587129,-0.0623515508569948,-0.084946835526831,-0.131166546560164,-0.0790529145534794
-1.31382065394074,-0.0621456589656339,-0.0752062120498076,-0.163844039540643,-0.0649718253300362
-0.264056226646531,-0.062050015943419,-0.0705819837339397,-0.094670501951781,-0.07176360293137
-0.218437982545903,-0.199174189050136,-0.0673706451070232,0.0785057033397069,-0.068315548048392
-0.174353966722101,-0.0619599935179091,-1.02371518712316,-0.125007671021555,-0.0664613893782502
-0.145505817085837,-0.0619322808830821,-0.0684280713772064,-1.29731467874573,-0.0650819676724824
-0.122347893831795,-0.0619167526240726,-0.0666659650769597,-0.172578018248838,-0.0640699546144003
-0.108168768442133,-0.269801545556177,-0.0653142679096602,-0.138741024545451,-0.0634050779897493
-0.0962943663417747,-0.0619003756925062,-0.0641330207587568,-0.117446733347421,-0.0628687518243487
-0.0861207381283661,-0.0618929376046838,-0.0635749729389864,-0.100093182709983,0.234949139465611
-0.07921682466437,-0.0618865335432031,-0.0629533610637076,-0.0894499689579083,-0.147846660074723
-0.219853497783338,-0.0618825868624803,-0.41387425965719,-0.0804081497606096,-1.09811881960501
-0.0702570104522993,-0.0797942460057313,-0.0623623737069918,-0.0742473807076009,-0.158987115335208
-0.0660027842653849,-0.0725399454244958,-0.0640170912533702,-0.0695096001467922,-0.127923614062296
-0.0639234549797269,-0.394919765292091,-0.061880572603711,-0.0668122591305681,-0.108956002912183
-0.0618754037180874,-0.0618754037180875,0.108950224602938,-0.0651206406997775,-0.0948165260705734
-0.0618754037180874,-0.61376260808381,-0.113294701164723,0.0143356180249195,-0.0865076262168675
-0.0501943282604863,-0.0618754037180876,-0.0922701086288879,-0.0869178498039983,-0.0798643285250185
-0.065500152760663,-0.0622241717587024,-0.0820119978254857,-0.0759953838283073,-0.115571590410872
-0.0640164309008122,-0.0618754037180876,-0.0747047235226917,-0.0710866471651168,-0.0711457655731138
-0.0632586310622866,-0.0618754037180875,-0.0706129968204793,-0.0676569244734306,-0.0664389021271804
-0.062743548025996,-0.0618754037180875,-0.0677931637156043,-0.0657896876635896,-0.0661529586345962
0.0841948466970445,-0.0618754037180875,-0.0661993524398404,-0.0586195585303706,-0.0640095623341404
-0.106741220932246,0.167642081564183,-0.555020465482724,-0.0656694828908643,-0.0629704853916198
0.148848687409624,-0.00653419660536996,-0.0653620490055322,-0.0643180695901054,-0.33518835924455
-0.0203008591001103,-0.136688560943227,-0.851097034945288,-0.0635117996510152,-0.0912041262537622
-0.148206880849733,-0.11006920010351,-0.0653084920568621,-0.0513372607448824,-0.0789162602999776
-0.11871844181865,-0.0937779389395126,-0.064097359230994,-0.0662834901127152,-0.0730446327551144
-0.79186185843208,-0.0831981756886842,-1.42218771035284,-0.0644484473817887,-0.0689433065359664
-0.114455717623689,-0.0764860753255891,-0.0639763031843466,-0.0564135000555973,-0.429899795371644
-0.0991654089351052,-0.0722503549952222,-0.0618754037180874,-0.0651548553794371,-0.0665300931858404
-0.0888046266236747,-0.0694160362926449,-0.0618754037180876,-0.0638066252675248,-0.06527063117316
0.0465562484992045,-0.0671820749932179,-0.0618754037180874,-0.0631440027627519,-0.0643086833079725
-0.113740651730684,-0.0655786277953251,-0.0618754037180876,-0.0627104983962038,-0.0635465893730022
-0.09414983489339,0.126871913199742,-0.0644310252747685,-0.062449159501746,-0.0630494844167704
-0.0832932335618532,-1.83675846394314,-0.0618754037180874,-0.0622604462779249,-0.0626198907829707
-0.0755450510988781,-0.272957877633093,-0.0618754037180874,-0.0623015935624297,-0.0717276519024304
-0.0706250446311589,-0.225032819046671,-0.0618754037180874,0.211077740270195,-0.0621129791089354
-0.0674321616785933,-0.17890320004305,-0.0618754037180874,-0.000518498328778235,0.201777437923598
-0.0654710301353137,-0.148511930548231,-0.0618754037180874,-0.148172375510723,-0.0326408776402044
-0.0642599659944453,-0.108999557722174,-0.0618754037180874,-0.128613633341219,-0.0107858883288599
-0.0635149149675313,-0.114551390975433,-0.0618754037180874,-0.690178318072579,-0.145639321954081
-0.0630281582552793,-0.100506590168131,-0.0618754037180874,-0.108234161713851,-0.115980138010457
-0.0626078067509303,-0.0891457480410747,-0.0618754037180874,-0.0943267198403409,-0.0987107311308245
-0.0623483743368355,-0.0813203209007019,0.128620827154526,-0.0852801114192093,-0.566640103992257
-0.0621069389713846,-0.00714558465036945,-0.118823331908668,-0.0790789804862424,-0.0903868216360042
-0.0619899595961046,-0.0907376312548296,-0.0956893206173055,-0.0740804490113739,-0.0823210341501735
-0.0618754037180875,-0.0781443510653457,-0.0843417291844546,-0.0704438967289661,-0.0766275493739506
-0.0618754037180875,-0.0720008142856567,-0.0762165732909512,0.0539601014968669,-0.072385383570021
0.00533456432744342,-0.0671468415624906,-0.0716551784453543,-0.102489562801945,-0.068994253904002
-0.0828386495720289,-0.0654483788114938,-0.0685049261559509,-0.0856607049223237,-0.066650942715896
-0.0739678078052981,0.0250120430949995,-0.0667224758035273,-0.0772387690465768,-0.0647021888305869
-0.0697650426065079,-0.0911542182748399,-0.0653550028815876,-0.0712702301653206,-0.0634784299086296
-0.0668516982058375,-0.079109582425844,-0.0642700245968412,-0.068075723002772,-0.0730284515575176
-0.0652422438673782,-0.0732103410738485,-0.0635601663684101,0.209964884944301,-0.0620913149439032
-0.0641454560525835,-0.0690965461665987,-0.0629462843394049,-0.170035200225083,-0.0618763306733575
-0.105296916210147,-0.06674814696827,-0.0625671488327793,-0.113707727694089,-0.061876001966271
-0.0631096470197386,-0.0651552063144365,-0.0622140917427208,-0.0968190024258037,0.000734435461017627
-0.0627231868295792,-0.0642108847807312,-0.0620429886154421,-0.545422829521722,0.0432544323073101
-0.0624710854667403,-0.0714974999832886,-0.944754772531848,-0.165423869112978,-0.174098064475658
-1.53756250448413,-0.0629774234187979,-0.0618754037180875,-0.128787820364678,-0.136128686882426
-0.0629436824228006,-0.0626498885725565,-0.0618754037180875,-0.109069264270029,-0.126262400567579
-0.0623985945778368,-0.0623673207437202,-0.0618754037180875,-0.0938742937222658,-0.0964317414728884
-0.0621343174491006,-0.0621930106131907,-0.0618754037180875,-0.62139446759952,-0.085825039076345
-0.0618754037180875,0.068737166601202,-0.0618754037180875,-0.0883703101879901,-0.0789662134917433
-0.0618754037180875,-0.101852285506634,-0.0618754037180875,-0.147766927033109,-0.0743782440607102
-0.0618754037180875,-0.0852479745263171,-0.0618754037180875,-0.0760873101816848,-0.0707260621922483
-0.0618754037180875,0.0856046724911893,-0.0618754037180875,0.0742566333881198,-0.0680647985290503
-0.0618754037180875,-0.113446441042008,-0.0608189991815728,-0.11136279225516,-0.0660336565318986
-0.0618754037180875,-0.0990801044710553,-0.0605996818947666,-0.0907999285704251,-1.20874120100807
-0.0618754037180875,-0.0866623705591937,-0.0627988816337747,-0.0810704699210466,-0.0666753722565164
-0.0618754037180875,0.174960998646322,-0.062425739338093,-0.0738253731158205,-0.0594657760385695
-0.0618754037180875,-0.145303378496476,-0.0622269397180538,-0.0698346813464265,0.110677188130674
-0.0618754037180875,-0.00334094623582606,-0.0621020787674911,0.0872170515176743,-0.115169627018042
-0.0618754037180875,-0.128490690809886,-0.0620280289333665,-0.111861756718447,-0.0934881734213302
-0.0618754037180875,-0.104150351172145,-0.775075312860172,-0.0918937625367595,0.0693790763581443
-0.0618754037180875,-0.0908196303782217,-0.37582785641647,-0.162563119548579,-0.120004057780772
-0.077969212960014,-0.0811486295725372,-0.296700917349226,-0.0758237576852081,-0.0977559172015634
0.236705790962753,-0.0754674352698172,-0.249393752844551,0.12590835015685,-0.0859924451176846
-0.14788116014684,-0.0713078226947685,-0.200292332328014,-0.126260137452934,-0.0778832431462666
-0.114177105872127,-0.0684583936293361,-0.167256019419674,-0.101143986646273,-0.0754036127704485
-0.0971749441644087,-0.0665007062650627,-0.0262536622095866,-0.0882424938427379,-0.0694766180867552
-0.304703758331525,-0.0648468207907061,-0.152432594875241,-0.0850252611118615,-0.0673813130005431
0.227101896896078,-0.495209239057468,-0.1261266520674,-0.073657325516079,-0.0534980470894651
-0.62630478594905,-0.452694504530058,-0.107519036154416,-0.069821764674117,-0.198874704618868
-0.647886123702641,-0.0633842879473943,-0.0940222574265892,-0.0676169146349357,-0.0663183011616081
-0.183025232424764,-0.0623579288516046,-0.08322489146525,-0.0783720448352771,-0.0524531699810606
-0.147202388547974,-0.0621141857656194,-0.0760865439587356,-0.0646024462207176,-0.0674245441061527
-0.12417273184425,-0.0618754037180875,-0.0700172353403386,-0.0636929763813341,-0.0650962461345958
-0.105658291712776,-0.0618754037180875,-0.0666814251636324,-0.0707893826497525,-0.0639318741245513
-0.0943880150864855,0.136510136419128,-0.0635565296435201,-0.0626277941796532,-0.0631148676677318
-0.0847549181120716,-0.12102016987557,-0.0630574598100053,-0.06224401571966,-0.0627253005075603
-0.562424679889111,-0.0970566094360387,0.139423006604882,-0.0620578984415728,-0.0624505800647949
-0.0786346194978927,-0.0852771486757174,-0.122457005226607,-0.0618756937887391,0.132325131472902
-0.0726609428873999,-1.13203749246806,-0.0979194774048954,-0.0618755456675858,-0.120221969838679
-0.0649548362090421,-0.0914604807949741,-0.0858354942297996,-0.0618754739377937,-0.0965873055852561
-0.066577987764843,-0.0822703832003445,-0.0771201501612187,0.147303761622895,-0.0849564905316386
-0.0643018486134624,0.0638670124784796,-0.0722793111447497,-0.297639388627445,-0.0766143632348047
-0.062339187567903,-0.11481102444351,0.0945821819296369,-0.420094269048635,-0.40360875722355
-0.0621661632344274,0.00838262213908223,-0.115817827429459,-0.147594846078268,-0.266812060973458
-0.0620713531996397,-0.0440440948508976,0.124232961096591,-0.12053714109491,-0.386382000869776
-0.0620071700652025,-0.118878593245934,-0.145308367802464,-0.101890656580767,-0.0702230065748616
-0.0619712022104451,-0.0985493749006584,-0.113843359864121,-0.0897385185703808,-0.0676438594220947
-0.0619438950747934,-0.0859273077119096,-0.0972416186969612,-0.0818367558439194,-0.0658514932440622
-0.0619224031608191,-0.0779791306216351,-0.691463015779617,-0.0765132220203888,-0.0647537022261619
-0.0619084046468324,-0.135058173179594,-0.091609779684563,-0.0722536186086925,-0.0635693730882611
-0.0618963516811731,-0.0699279021957145,-0.0825837828568868,-0.0691436019609264,-0.0627080963557917
-0.0500058210414233,-0.0676885982983887,-0.0767560208677097,-0.0667596239347575,0.149587918148569
-0.065659126263839,-0.0658861508162176,-0.0726028571782796,-0.228288104415799,-0.12475208005227
-0.453826995609323,-0.0646251364441646,-0.0691666713349486,-0.0639848186781962,-0.0993909610737328
-0.0639300257623152,-0.0636268239859117,-0.0669305046912161,-0.0629139954199132,-0.0868793996014842
-0.0631651749402021,-0.155569680373146,-0.059345045587725,-0.0621732139407334,-0.0778701884346407
0.0958085518104993,-0.0624784212615985,-0.064402961082362,-0.0618754037180875,-0.0727981332858152
-0.110324255518904,-0.0621718064037879,-0.0640525550804821,-0.0618754037180875,-0.0692868786191252
-0.090531220930573,-0.0619679324868033,-0.0631345107260928,-0.654954183847965,-0.0672977989212914
-0.0808597064493399,-0.0618754037180875,-0.0624213632221496,-0.0618754037180875,-0.0657699088701983
-0.072750182747154,-0.0618754037180875,0.160021043044542,-0.0618754037180875,-0.0645564375322402
-0.0705017495704896,0.212584534337099,-0.127799907035123,-0.0621682995446435,-0.639092093553191
-0.0676704117662923,-0.141569630003536,-0.101338938571516,-0.563093704942268,-0.851210235892949
-0.0660836188516468,-0.110086258546033,-0.0882322262210055,-0.0618754037180875,-0.0649082232082056
-0.0648686676139587,-0.0943005284215934,0.107661658258427,-0.0618754037180875,-0.0633629080621838
-0.0639278767888929,0.12686116625832,-0.127806270791022,-0.0604861097741654,-0.0626120624534157
-0.0633072399987345,-0.13646119586571,-0.102421415747652,-0.0623185857348562,-0.0618754037180875
-0.062789179530458,-0.108170051966596,-0.0895582661516542,-0.0621269418682778,-0.0618754037180875
-0.0624677004890849,-0.227437452346654,-0.0800964248319,-0.0620379203015068,-0.0545796476203898
-0.0621696541218366,-0.0859839310281873,-0.0743881783612582,-0.0619772650990995,-0.0641980585706876
-0.0620240882856393,-0.0785220769119399,-0.0704544771689279,-0.06194403957745,-0.0631956247867797
-0.0618820476736338,-0.297859573252593,-0.0679818022689061,-0.249146669772276,-0.0627291378706179
-0.0618796916844665,-0.0822505682680301,-0.0693382090205749,-0.0619158612718536,-0.0624108042237597
-0.0618775020913139,-0.0691752134869824,0.220996893574937,0.0909344543158246,-0.0622362962540933
-0.0618764417447687,-0.0666315818766379,-0.146903145163235,-0.108205706350248,0.206473846832538
-0.0618754037180876,-0.643216854928122,-0.113546139674974,-0.0891515896484052,-0.145898129721135
0.178869544341277,-0.0651184055013891,-0.0967297419052923,-0.0798984514317554,-0.384999285172246
-0.132603109652814,-0.507469171872328,-0.0842664863084321,-0.313841087624132,-0.097371714764437
-0.104347065442059,-0.0634785414264685,-0.07719247221027,-0.071802857929141,-0.0842445436359146
-0.0903014476575749,-0.062669396390031,-1.18604084533212,-0.0686052616175478,-0.465539386937868
-0.0801106598317207,-0.0618754037180875,-0.0851249976278843,-0.0667950207806289,-0.0839835973070075
-0.0743517812218875,-0.0618754037180875,0.120179560653436,-0.06540730172738,-0.0779563605248645
-0.723849450496993,-0.0618754037180875,-0.131452690459983,-0.491704660942996,-0.073377173208486
-0.0738423179593193,-0.0618754037180875,-0.105066492939048,-0.0644988083420082,-0.0698188607976717
-0.0705191175183416,-0.0618754037180875,-0.0907134275233287,-0.000107445908106799,-0.0674830468465716
-0.0678499821611407,-0.0618754037180875,-0.185786362606258,-0.0829177486803084,-0.0655081704935248
-0.0660917532429736,-0.0618754037180875,-0.0757760889121169,-0.0738189259759557,-0.0642542367962096
-2.03889808005211,-0.0618754037180875,-0.0709655364670688,-0.0695889360147436,0.087119267892765
-0.0789197886223888,-0.0618754037180875,-0.0678622823100888,-0.066579300879039,-0.118630052774119
-0.0706755771575659,-0.0618754037180875,0.0417016395797554,-0.065057218453702,-0.0938672448798771
-0.0666468496044019,-0.0618754037180875,-0.0977923020298811,0.211552667048641,-0.116047717132027
-0.0629181059508026,-0.0618754037180875,-0.0832180781145634,-0.143146369149473,-0.0767612139138554
-0.0625785471306611,-0.0618754037180875,-0.0758896740177809,-0.111303439740289,-0.0720135081657127
-0.0623484335653857,-0.0618754037180875,-0.070785356729652,-0.0951938210558461,-0.068734936717821
-0.0622194134409087,-0.613286303523802,-0.0677744004204007,0.0538961470545538,-0.0668854703004913
-0.0621214066354299,-0.0618754037180875,-0.0657908873277031,-0.117066461194,-0.0654691767563224
-0.0620442386083629,-0.0618754037180875,-0.262967653302375,-0.0960543619403462,-0.0643509942592598
-0.061921769905432,0.145983274153413,-0.0642444730343109,0.212781922458407,-0.940261714341318
-0.0619737041452951,-0.123641546434956,-0.0635031525035394,-0.160305563984334,-0.0645420882340885
-0.0742904353047376,-0.0986945212052237,-0.0630193141660972,0.0625686969859353,-0.063602827080347
-0.0619080219503495,-0.0787459298452368,-0.0626013306176919,-0.656318372201456,-0.0627264878497102
-0.0618926685460593,-0.259890891217881,-0.0623441896859956,-0.836492062081703,-0.0622997545596981
-0.0618790142606438,-0.0763444992982777,-0.10604539222635,-0.208931051811297,-0.0618818328607905
-0.061877831239135,-0.236778575664741,-0.110162537597665,-0.169358231765084,-0.0618785841071523
-0.0618771684090728,-0.236377782752007,-0.45929349415669,-0.143703274901594,-0.0618754037180875
-0.0618766652863178,-0.0689367770967635,-0.089155524475711,-0.0609995129035355,-0.0618754037180875
-0.0618762693695493,-0.0667404704363387,-0.0793589284847612,-0.123353762933463,-0.0618754037180875
-0.06187601151637,-0.0653166955013624,-0.0738298317347034,-0.104468472857372,-0.0621460202139811
-0.0618757895193167,-0.0640922630543303,-0.0699939488628468,-0.00950925347914368,-0.0618754037180876
-0.0603832112212114,0.209861581743159,-0.0678188321155264,-0.105408006947024,0.147195374528681
-0.0623515946017064,0.0383254934369147,-0.0661460807409364,-0.088138722361189,-0.123975660052862
-0.100269890422163,-0.15843058503386,-0.0648164019157057,-0.078899320942798,-1.02712496565761
-0.0620567723441744,-0.124575457249316,-0.0639455406502236,-0.0715852225346441,-0.125506509507584
-0.0619890828371398,-0.103970033051393,-0.063191653726195,-0.0682133851224467,-0.103920219032959
-0.0619520033196556,-0.0901241557080664,-0.0627258192240229,-0.0655684120336327,0.0999720566572197
0.228139150387159,-0.0813422649353443,-0.0679798772542564,-0.0645483328934395,-0.136695322896431
-0.51443201788822,-0.0756900277722712,-0.0632530661413286,-0.0637445683647478,-0.100055460895827
-0.136295297000817,-0.0719564187098341,-0.0618754037180875,0.115293131949328,-0.0980805320356053
-0.113071249353183,-0.0690032148557191,-0.0618754037180875,-0.116184781074182,-0.0856620060197485
-0.0953508876769559,-0.0668501918201608,-0.0618754037180875,-0.0940905298174456,-0.0783757782257449
-0.0891044050261918,-0.0652215413696249,-0.35379735039503,-0.0832160427764536,-0.072876721205172
0.0411903596331943,-0.712611341501562,-0.0618754037180875,0.0706980492310381,-0.0696431377325573
-0.109183292139412,0.128386408728894,-0.0618754037180875,-0.11456648421242,-0.0669689896397473
-0.0913994769233216,-0.12043213236139,-0.0618754037180875,-0.0939166461216631,-0.0652027885737383
-0.0817484706967846,-0.0964089447244539,-0.419191669239117,-0.0836090203941227,-0.0638626382185902
-0.0749628987343555,-1.24564918872944,-0.0618754037180875,-0.0780059603503621,-0.0631485659073342
-0.070633687381133,0.00459332431487382,0.0117369403235038,-0.0716482483834998,-0.0627053091882025
-0.067738069696436,-0.127272728427218,-0.0847852777262332,-0.068564812992639,-0.0622950223833611
-0.0657630363643815,-0.104363454352661,-0.0751111619937894,-0.0666253895116047,-0.0769890110709745
-0.0644839162368181,-0.0921261584491586,0.217088955425852,-0.0652172690052972,-0.0618939432008203
-0.0633913072894074,-0.0827767356532502,-0.149450814885472,-0.0640508776743513,-0.0618845749722543
-0.0629411363758332,-0.0763580263790038,-0.115701041628144,-0.0633415966344709,-0.0601027217496523
-0.0625524691684887,-0.0719810040671608,-0.0983375174448286,-0.0627100812186094,-0.0624408119447369
0.186802118868681,-0.0687410533020138,-1.05787578417467,-0.274768727114758,-0.0621963449163384
-0.135029251049799,-0.0665505744534582,-0.105863703630162,-0.0622017521155626,-1.0622782209165
-0.105878014184466,-0.0646157119775668,-0.0810729749331108,-0.0620368814033451,-0.0622288307033012
-1.76533081875296,-0.0635557901240718,-0.088268211100669,0.0797601716112395,-0.062113598733555
-0.167039518880968,-0.0614779681335899,-0.0680508403911168,-0.104936995345457,-0.0947505720524352
-0.139528972128522,-0.0626696841113678,-0.078553433281922,-0.0871581191969475,-0.0966247874620592
-0.0620008234960973,-0.0622914715250553,-0.0729522077747814,-0.0785534751360757,-0.0619644689289219
-0.0723849995501807,0.0383091197535645,-0.0689838002694401,0.0510323509325454,-0.0619365222020943
-0.116715280428812,-0.0929169318012353,-0.607742517156194,-0.106268526165305,-0.0619183189284791
-0.0989390223867671,-0.0799338349344912,-0.0661371341546475,-0.0886825721133708,-0.061902645179544
-0.00368625467104575,-0.073717536403105,-0.0642987864816143,-0.0799593125932608,-0.0618929854808604
-0.103813710463206,-0.0693724181529064,-0.0626650196953873,-0.105612176708605,-0.0618840076720942
-0.0879465874377594,-0.0669595165152444,-0.0664547125646956,-0.0749690781965958,-0.061879659956746
-0.0783271138814276,-0.0653085021407716,-0.0622533425094129,-0.070323085488077,-0.060080667424796
-0.0949446783266478,-0.0643782009763835,-0.062134419874411,-0.0677231514494843,-0.995833443852062
-0.0680623554115189,-0.0636677721500505,0.119733395925826,-0.0657496368905122,-0.0627019507108832
-0.0660925893321707,-0.0631069041264573,-0.473075660934351,-0.0645422294137484,-0.0744297967426717
-0.0648865974119455,-0.0627402044104162,-0.108389958511295,-0.338307311676267,-0.0622144284186973
-0.0639730957588376,-0.062424475325807,-0.0931068189219279,-0.0633359896801979,-0.0621038894410755
-0.0632619959198694,-0.0622293581896932,-0.0819410048373983,-0.062852755240097,-0.0620290532611423
-0.0571259554586545,-0.0620486611471459,-0.0756254291661667,-0.0624247456569052,-0.0619871141287002
-0.0642092879297149,-0.0619611219493774,0.150863658362988,-0.237653895830225,-0.0619552724278319
-0.0632140417295204,0.10576392595349,-0.133404769926303,0.234044219361538,-0.0619302109381361
-0.0626919289907687,0.142053302609173,0.119884287580182,-0.147265018203656,0.222980090075947
0.0907365449437031,-0.461923529608958,-0.153700156102648,-0.50551734720233,-0.14431974737186
-0.108525815605333,-0.148145537509743,-0.0181403253556454,-0.150433461823849,-0.111865166233891
-0.0783682077684243,0.112109873311055,0.0731194127746041,-0.733312181910695,-0.0955458181114987
-0.0834233021129353,-0.177383960993517,-0.160193706168296,-0.1370951302905,0.0488727391030424
-0.0754167242150453,-0.129885731361884,-0.126348332643222,-0.114451702311826,-0.115834988129228
-0.0710470642783617,-0.10948765733727,-0.617847820636933,-0.100863562013906,-0.0953184773970734
-0.0680299847917361,-0.0947181651714437,-0.112508550391959,-0.0901302182628085,-0.0848750156929048
-0.0663240997064701,-0.0850830267706316,-0.0980163457893802,-0.0821162265377789,0.0639303653181948
-0.065041534312172,-0.0779685987024396,-0.0872657528219165,-0.145834622389995,-0.114321387342268
-0.0640657686715915,-0.0734347753755326,-0.0803967808617649,-0.0721704031315364,-0.0854920166149277
0.210594639895944,-0.0698521066751926,-0.0746405851780232,-0.0687854770247983,-0.0861466588305522
-0.14226524427728,-0.0671339902942142,-0.0705479300492531,-0.162836174899342,-0.0775448258430579
-0.100005136894271,-0.532834896852742,-0.0662346076144317,-0.063043623821765,-1.11659154098944
-0.0983867764552721,-0.673573259910154,-0.0656229243321734,-0.0628238640236625,-0.0819930684188322
0.185945301615341,-0.0647863985131012,0.0831543533765517,-0.0623721142652147,-0.0758269529274285
-0.153749818298452,-0.063303027067442,-0.107446963158932,-0.0620125098007036,-0.0717631338715503
-0.119414038484592,-0.0625823758440396,-0.0885548251476614,-0.061961336648505,-0.0684755744843692
-0.101512659537592,-0.0618754037180875,-0.0792743270447168,0.0793206295315803,-1.20431600765701
-0.401616701192206,-0.0618754037180875,-0.0729379307254373,-0.104861900767264,-0.070287419889637
-0.156731591137405,-0.0618754037180875,-0.0694003851063748,-0.0871182762571507,-0.0671456091946656
-0.131707620049652,-0.0618754037180875,0.167959574188363,-0.322263871367936,-0.100107106721137
-0.110781791242406,-0.0618754037180875,-0.134182198201558,-0.0753962135375025,-0.084089862313333
-0.0949914059931918,-0.0618754037180875,-0.105837560662869,-0.0697420450146717,-0.0756290284153191
0.0461334078734146,-0.0618754037180875,-0.07905967245631,-0.0685424689684788,-0.070571803920335
-0.326337437130307,-0.0618754037180875,-0.0847526519254011,-0.345392191832712,-0.0677260134053108
0.0862107872012923,-0.612251719843092,-0.0771085137827233,-0.0664115082104582,-0.0658283371388145
-0.143621020428014,-0.0618754037180876,-0.0721666360262722,0.10921693104876,-0.0647588301902741
-0.113074315918288,-0.0618754037180876,-0.0691521231516809,-0.116181288452126,-0.0630163972154771
-0.0968185909289203,-0.0618754037180875,-0.0670167376481329,-0.0941892003737864,-0.063590186004684
-0.0844992078026298,-0.205851816338015,-0.188704260501638,-0.0833217691204366,-0.0630412620193606
0.105943674989654,-0.0618754037180875,-0.0646371728740142,-0.0754458810922613,-0.0626180239569746
-0.126286275224663,-0.0098507261762165,-0.0636612383066675,-0.0710519938311579,-0.0623529450469424
-0.101669415368763,-0.078186829538432,-0.961866750695721,-0.0679590197373126,-0.0621217352109073
-0.0887023782672901,-0.0712498069627349,0.03161711644073,-0.0663198926364975,-0.0620054345660222
-0.079277110462255,-0.0679779239487577,-0.0919548008046307,-0.0650642468163357,-0.0705823591784863
-0.07381807329586,-0.0657188768242712,-0.0790486438771129,-0.064068207238356,-0.0652766105798757
-0.842915933356719,-0.0644733323538287,-0.073108575754594,-0.0634172988556753,-0.0638122544906244
-0.0741723313805049,0.185621543417102,-0.0689721703070641,-0.0628544332738016,-0.063129151672304
-0.0692449449991518,-0.135953715956496,-0.0858300364794127,-0.0625077689770466,-0.0626619833455831
0.0155024791834459,-0.106646718142967,-0.0651716462828927,-0.34407714501469,-0.0624055763517156
-0.0913364915524362,0.134714416418376,-0.084747364079891,-0.0540292765486301,-0.0622314293095993
-0.0792363389300691,0.0720717187064179,-0.0636325016242952,-0.0644372666985321,-0.0621339302682336
-0.112679132847304,-0.171332178842744,-0.0630828605041136,-0.0633318666003134,-0.0620597063670048
-0.104395381381668,-0.231657932362034,-0.0627240645763161,-0.410572825499319,-0.0620018863589483
-0.0668456721275939,0.00528236141034596,-0.0624144666176715,-0.062711956044587,-0.0619642202392685
-0.0649719174374042,-0.133454342582908,-0.0622234639154228,-0.0624394331196416,-0.0619317842553899
-0.126347149281962,-0.108776718674121,-0.0540520726187166,0.155679518829404,-0.0619117928449229
-0.0635951847158946,-0.094610225426255,-0.0645034818065782,-0.167269072996413,-0.0618932116456975
-0.0630573838511367,0.146437015963445,-0.0633219523644602,-0.102256136002201,-0.0618842130761131
-0.0627055340929636,-0.143384971906306,-0.0628109262130588,-0.0888617045546082,-0.0686792783457532
-0.0624027489919228,-0.112749128372895,0.106096480846114,-0.0791763378862419,-0.0618754037180875
-0.0622153192486015,-0.096608302692974,-0.292491222045218,-0.0740422857277448,-0.0618754037180875
-0.0620417970799646,-0.0844657706114275,-0.09818337287486,-0.0699057102547184,-0.0618754037180875
-0.0605819434699155,-0.0772149137745958,-0.086073976532795,-0.0677445527842028,0.151198762360034
-0.0623141366097487,-0.0721171446107302,-0.0773640437272225,-0.0660882326592591,-0.125077104754978
-0.000622474867513252,-0.0690169742732698,-0.063812877820289,-0.0647699233117541,-0.0995944619588644
-0.0850619215720381,-0.0667933979125665,-0.0717578983165737,-0.0639127440934333,0.21501437060613
-0.072992479803011,-0.0651725087884851,-0.279313417500421,-0.0631707659981068,-0.16169045260535
-0.0692198935629967,-0.288466374196258,-0.0677693354123487,-1.16966922526716,-0.124753706645804
-0.0665069826947934,-0.660692129989523,-0.10026066765499,-0.063115635475992,-0.623729601009157
-0.186507635487854,-0.0638965343646333,-0.145562923997918,-0.745231142822546,-0.110493452316281
-0.0642627572166989,-0.062865958276158,-0.269370181948952,-0.0618754037180876,-0.0963761978897543
-0.0730384941291567,-0.874098365903452,-0.586787079996691,-0.0618754037180874,-0.0858476612373067
-0.0631307377952651,-0.0618754037180876,-0.104519157779066,-0.0618754037180875,-0.533206061453312
-0.0627371758144611,-0.0618754037180875,-0.0914668576092105,-0.0618754037180875,-0.0817533097710726
-0.0624804897021346,-0.0618754037180875,-0.0819028897759433,-0.0618754037180875,-0.0756154346428904
-0.0622590009529825,-0.0618754037180875,0.147244867975494,-0.0618754037180875,-0.0711885871721737
-0.0621227357240112,0.070923591807048,-0.137173028661811,-0.0618754037180875,-1.11593106055688
-0.06199596786383,-0.102373509362892,-0.1083851207021,-0.0618754037180875,-0.0717104667849304
0.154125177065273,-0.085603982119959,-0.0934832563968376,-0.0618754037180875,-0.186251380408644
-0.375721992507297,-0.0774419123961784,0.108283341399517,-0.0618754037180875,-0.0645885577776239
-0.111231758680647,-0.0718188330843546,-0.130948313499658,-0.0618754037180875,-0.0618754037180875
-0.109554155809125,-0.0686287857979748,-0.105834022398212,-0.0652062854706981,-0.0618754037180875
-0.0835912028723348,-0.0664414300498736,-0.0907833257084792,0.20848142261636,-0.0618754037180875
-0.511644791186722,0.0759118653239092,-0.340254169619842,-0.140490241107382,-0.0618754037180875
-0.0775911174938789,-0.106952269699834,-0.0786147749903895,-0.109390894997188,-0.0618754037180875
-0.073457000509468,-0.0886487445668614,-0.0733984848366368,-0.0938139207695812,-0.0618754037180875
-0.070436312203933,-0.0784491716644885,-0.0700973054585158,-0.583146634052652,-0.0618754037180875
-0.46300712985168,-0.0735570531568575,0.181968105519594,-0.0852246629707051,-0.0618754037180875
-0.0853218334364263,-0.0697622704727374,-0.138169576284129,-0.0777913834032034,-0.239607969935062
-0.0658103894486459,-0.0671237453248522,-0.744553940288923,-0.0737070582753877,-0.0618754037180876
-0.0644232506516546,-0.0656413955127963,-0.121279860314215,-0.0704158607081726,-0.0618754037180875
-0.0631245920426427,-0.0644930219595807,-0.101032952246566,-0.0727897565160741,-0.0618754037180875
-0.324383013560106,-0.0636746184200566,-0.142055211636242,-0.0660603660357999,-0.0608263150252513
-0.0618754037180875,-0.063141616840445,-0.0812668099665118,-0.0645412133997528,-0.0622100996986065
-0.533683328336832,-0.062682329631241,-0.0758711957659717,-0.0635998032094562,-0.0620653519684438
-0.0618754037180875,-0.0623974040586439,-0.0720018962710355,-0.822188795752326,0.132603610511271
-0.0618754037180875,-0.0621340741526187,-0.0688840016378799,-0.0627714015289366,-0.121346291271624
-0.0618754037180875,-0.0620048320353961,0.139077309854176,0.0726330194345349,-0.0964965161755033
-0.0618754037180875,-0.0618796277443695,-0.125831626694311,0.111048153608377,-0.0848949701698165
-0.909723097909658,-0.0618774708012807,-0.100290017919976,-0.145948430020198,-0.0765797293216992
0.0566969527875574,-0.0997894022589708,-0.0872035988901164,-0.108360832995991,-0.0719068969378273
-0.0982124968840456,-0.0618754037180875,-0.0779584131307915,-0.0990698490436396,-0.0686772423207286
-0.083094899318027,-0.0618754037180875,-0.23388929748283,-0.0862267383114383,-0.0668489099346865
-0.0758256088990437,-0.0618754037180875,0.127412630235558,-0.0785798381413996,-0.0819224308809611
-0.0707181383671638,-0.0618754037180875,-0.126279244494956,-0.0734681242998775,-0.00490502180453241
-0.0678776719585532,-0.0618754037180875,-0.101183540412224,0.0548228862827663,-0.0821594524370517
-0.0659313209720929,-0.294186097539695,-0.0882805685403796,-0.105640927888957,-0.0736845330690317
-0.0676327564426282,-0.0618754037180875,-0.0790044517220516,-0.0882912293151591,0.173348485967007
-0.36166249190124,-0.0618754037180875,-0.0735036542419579,-0.0132881135256756,0.0762903750792752
0.102719315839909,-0.364335475425824,0.11140615801555,-0.125888892638892,-0.164472393466795
-0.113315034514377,-0.305822694287795,0.0449267044085713,-0.0818261172750301,-0.128470569882729
-0.0923680105984879,-0.134174458654241,-0.143822426187144,-0.0749878984574691,-0.106989700239485
-0.0820779575784848,0.0589854743114762,-0.114233862425889,-0.061966357688542,-0.0921608744564615
-0.0681983825336653,-0.413508826532334,-0.0969427291716336,-0.0704080827059283,-0.0828045554229354
-0.0725675611022001,-0.124489907940356,-0.0851311857057552,-0.0673946046861955,0.0767913845094099
-0.0688202645864799,-0.105181128118965,-0.0903043235209001,-1.42859001575122,0.120442693090517
-0.0668575933858507,-0.0907659996887689,-0.0730881050597933,-0.072031565847699,0.0140637922028327
-0.0653840653236132,-1.30861228285208,-0.0699727418048013,-0.0687577542771449,-0.00312120430884459
-0.062793316649784,-0.111909979415794,-0.067490344686628,-0.0662950862661864,-0.176354823724732
-0.0640340736179805,-0.0989818178489014,-0.417719209396312,-0.0646710166384812,-0.138473296108134
-0.0632362738743676,0.062579544685922,-0.0656384450747234,-0.063454288258347,-0.114780320830371
-0.0627660083796939,-0.124474070110436,-0.0642867229524361,-0.0627669250267482,0.0486131078367374
-0.0587768460817977,-0.101191145387243,-0.0632891823317345,-0.0624020829429302,-0.415722260791646
-0.0647858953061528,-0.0873436692787333,-0.0625704116799688,-0.0620588293721627,-0.120249120132049
-0.307441128398088,-0.0779790870567859,0.0783166915495008,-0.0619938026805894,-0.103032968799609
-0.0487816526359756,-0.0715331283489112,-0.10961343616164,-0.0619333487448367,-1.03116785617018
-0.0676974948306156,-0.0681345863146511,-0.0900098126222172,-0.06190406925458,-0.11049115602454
-0.065033450005157,-0.0658670372242266,-0.0804790816189102,-0.0549058904622923,-0.0970745471328032
-0.0639311771308492,-0.0647387954639235,-0.519864442779587,-0.0640944434953701,-0.0862056905629225
0.2205581157322,-0.063844931734973,-0.0744890901957243,-0.0631366263382391,-0.0779951199721075
0.0968312101106614,-0.0563349199084158,-0.0704464336000737,-0.06269094629878,-0.0716841547829155
-0.175104872933461,0.0740987448152626,-0.068319516005051,-0.0623868373275047,-0.0680467950245681
-0.136004659803209,0.110938865689126,-0.0663879310254849,0.0649513260628003,-0.0653733773062548
0.140918130241661,-0.14827519101667,-0.0649835876727469,-0.100944815783302,-0.0641440229160499
-0.164196745332676,0.0955339949585403,-0.0640635329299588,-0.0847752513373667,-0.0629966092243837
-0.128186599403169,-0.0397416607577336,-0.338061243593405,-0.0769625263110235,-0.0624360658440239
-0.108202145331325,-0.39113204369908,-0.0630589285087433,-0.0714546237492226,-0.0618893879030366
-0.0935029334160188,-0.139741031449399,-0.0624550862749125,-0.0683838858678553,0.100034930741515
-1.53524399309599,-0.00825305595949912,-0.0621622858557174,-0.0662731377684281,-0.110765771161364
-0.129223174074226,-0.130018325122863,-0.388506283519635,-0.0650815952302383,-0.0907154008896988
-0.112422150977523,-0.106867073480704,0.0604430349144226,-0.0641685725138262,-0.0809565548816639
-0.0982296528313307,-0.0934242800604448,-0.0993122164604523,-0.0634497770502984,-0.0740208768779638
-0.086374363125385,-0.0837272691145662,-0.0837564022872983,-0.524941543542606,-0.0701424981137462
-0.077915440556306,-0.528047155850427,-0.0762684516339256,-0.194333368695099,0.0851688764240415
-0.0711096058611258,-0.0780992249765707,-0.0710021660555954,-0.14575392858617,-0.11178231014632
-0.0671062499214992,-0.0728435725228492,0.0633874599077447,-0.119906818256632,-0.0863990633766151
-0.0644451851669168,-0.0739744562354881,-0.105805054733378,-0.0998887706154805,-0.0835477863541634
0.0402823186548954,-0.0661575569959598,-0.537418372189922,-0.0882505988600033,-0.0757377775227105
-0.09373791302164,0.0238127312559992,-0.0896830480496669,-0.0802760966592761,0.0974766664844156
-0.0804153191142734,-0.0904561857356602,-0.0801245854728705,-0.0752663336365705,-0.00484727627313845
-0.074036756774158,-0.0784033648465729,-0.0742771216679666,-0.0715586678042937,-0.128331817581869
0.101397681336745,-0.0725950927152857,-0.0702389089587218,-0.068574348850014,-0.103292709397537
-0.117962813785675,-0.0686093114104767,-0.067913577611283,-0.0666057418815112,-0.0908171810308012
-0.095658847730374,-0.0663288602061719,-0.0660605861348806,-0.0648899315627839,-0.0808985831983132
-0.0845882979190171,-0.0648808315904457,-0.0646931835010405,-0.0638259433633172,-0.0748333567600222
-0.0765917463883334,-0.0640658843437913,-0.0637420511057947,-0.0628316297882132,-0.162813842080733
-0.0719360394398143,-0.0634443107831003,-0.0630620718134567,-0.0623489991026434,0.158800278318922
-0.0687331291148374,-0.0629533667414281,-0.332189406553198,-0.275716995624738,-0.133310183237936
0.0337123547207361,-0.0626329663351783,0.128820770488085,-0.630536569536349,-0.105266211366578
-0.0961429081652872,-0.0623565658608016,-0.11922909348755,0.19333671974009,-0.0910099863903794
-0.217010870630964,-0.0621860639587676,-0.0958166168033148,0.0293286070785672,-0.0806013702219355
-0.0772629377783685,-0.0620274641193889,-0.0844287269369537,-0.157208858888326,0.167894458917429
0.091310287165954,-0.0619506336359014,-0.0762731423516442,-0.123719437178641,-0.14020190792504
-0.116904335273737,-0.0618754037180875,-0.358611046728291,-0.103393037232688,-0.110260030485851
-0.0950185458212238,-0.0618754037180875,-0.0707534058055701,-0.0896904625707103,-0.119617434658457
-0.0841371154626016,-0.0618754037180875,-0.0683791074814132,-0.561194255619871,0.0967102382824229
-0.0762247512486531,-0.0618754037180875,-0.0665509254360183,-0.0839183531624581,-0.129349692364426
-0.0716854983308929,-0.0618754037180875,-0.0650963006897911,-0.0780816474194976,-0.219993009687113
-0.0685665572979952,-0.0618754037180875,-0.0641430997624852,-0.496718630130325,-0.233798626727965
-0.168464374157154,-0.0618754037180875,-0.448625405726732,-0.0742285623099243,-0.0863475755976654
-0.0877675961773265,-0.543588818014957,-0.724062202163816,-0.0702509310419892,-0.0786909353681386
-0.077245401811324,-0.0618754037180875,-0.063175463364232,-0.0672677093537706,-0.0732945096172334
-0.072031464652742,-0.660566260378797,-0.0625191437113085,-0.13260234910875,-0.0699912800600199
-0.0752762676349398,-0.0618754037180876,-0.0618754037180875,-0.0635208405544104,-0.0675891326328484
-0.0661835425051401,-0.0618754037180875,-0.0618754037180875,0.124748840547364,-0.176323967082098
-0.0572236821133419,-0.0618754037180875,-0.0618754037180875,-0.117882753174059,-0.298483359134704
0.197702901498629,-0.0618754037180875,-0.0618754037180875,-0.0951054019386445,-0.309971837181847
-0.140945260263625,-0.0618754037180875,-0.0618754037180875,-0.0839429017006614,-0.397923004066753
-0.111297554937185,-0.0618754037180875,-0.0618754037180875,-0.0759573452699517,-0.0634316062522608
-0.0942494370498436,-0.0618754037180875,-0.0618754037180875,-0.0714762963405857,-0.0627042808693362
-0.0827396631748814,-0.212267048313775,-0.0602199614609501,-0.0683826850697195,0.159603207421407
-0.0761716963964218,-0.0618754037180875,-0.0624034386683939,-0.0666325964140903,-0.432693613416979
-0.0799211286306234,-0.0618754037180875,-0.0621751220392367,-0.0652902164327925,-0.115559180873998
-0.0690153855146745,-0.0618754037180875,0.220882388643392,-0.0642253106094632,-0.09815855231092
-0.0669660810702147,-0.0618754037180875,-0.755902556824699,-0.0635286443091502,-0.0853086616482409
-0.0771240094957513,-0.0618754037180875,-0.155584806309559,0.083312539890633,-0.0779808535824751
-0.0643720260983863,-0.0618754037180875,-0.127441430045746,-0.106879039840172,-0.07390329010443
-0.0634637890761941,0.159356295254078,-0.105280376198781,-0.1010377429786,-0.069935911185558
-0.0628979898657795,-0.127311594632668,-0.0922227448011964,-0.0794948099330399,-0.0676739735199173
-0.375792246252283,0.104690031278545,-0.0828102689558817,-0.0729781459005049,-0.0658721134382103
-0.207429453406317,-0.150943526751753,-0.0773729513181519,-0.069426091061657,-0.0646882025416678
-0.15449429238542,-0.244141712653516,-0.0731013936877647,-0.0669842785267514,-0.0636649464177398
-0.118509435333374,-0.400630997856857,-0.0696511839389237,-0.367659478285983,-0.063032059512076
-0.90655442263853,-0.0985884564562962,-0.0673689221360633,-0.0654958954662134,-0.050125677837303
-0.118334444978468,-0.579585621744752,0.0592675083027989,-0.0643672820409726,-0.0660676763645852
-0.101795848748199,-0.577693801522492,0.0155781027562601,0.0691799703665134,-0.064103710987302
-0.0896403723705983,-0.0980085067761811,-0.11946875566935,-0.103392541167899,-0.063317439521757
-0.0825543119608952,-0.0883762555963771,-0.0977113996040629,-0.0863022901852824,-0.17331019032624
-0.0769252151308736,-0.663371623453383,-0.0851262652525389,-0.0632980889621829,-0.0578235326772248
-0.0723347436931004,0.00298694782837339,-0.0771538763734986,-0.0765138710770563,-0.0663008388178314
0.144117871902299,0.0213443665592666,-0.413056000347168,-0.0712446365380491,-0.064592536615952
-0.129238485658562,-0.121646258138055,-0.0721471084157546,-0.0681531925274657,-0.0636378432534404
-0.102546523925935,-0.0973365596911198,-0.0693571229140493,-1.03659458272301,-0.0630259449332241
-0.088613694439266,-0.0847985854834532,-0.0671693713120152,-0.0779863451596151,-0.194299610678463
-0.0787355615527728,-0.0758315448341459,-0.0655583699410955,-0.0721079378501247,-0.0624872016943787
-0.0730087266242257,-0.0713832855112689,-0.693001907857258,0.175555458450316,-0.0673895281950484
-0.0693366271047076,-0.0190548578971739,-0.0648693369168031,-0.137657776437151,-0.0621710270460533
-0.173383599859115,-0.0820290935981309,-0.06363116022585,-0.107815170330523,-0.062075114564086
-0.0663061556622826,-0.517001119256134,-0.0627387547953079,-0.092585223272064,-0.240195898298117
0.169791092952682,-0.074607105484106,-0.0621634823321316,-0.0816165631562011,-0.0205396045545678
-0.132795240288834,-0.07013490780781,-0.0618754037180875,-0.0752203230729716,0.0804935911613188
-0.298752946305867,-0.0673893789945618,-0.0618754037180875,-0.0709303864693608,-0.15301730062593
-0.0967111291191603,-0.0654816318516001,-0.0618754037180875,-0.0684875537583123,-0.119294071577473
-0.0842056559510362,-0.0642781463570181,-0.0618754037180875,-0.066590043239172,-0.0865645298873502
-0.0771183372176632,-0.063434858192151,-0.0618754037180875,-0.0651181345072872,-0.023448056495129
-0.0597624405750091,-0.0628261881502507,-0.0618754037180875,-0.0641408929949518,-0.102215166000823
-0.0732215313345618,-0.0625435163629179,-0.0618754037180875,-0.0546044019780655,-0.392365447179848
-0.0694781369761832,-0.0622997211139454,-0.0618754037180875,-0.0655545403717183,0.0676138776183672
-0.213808758813868,-0.0621493495799626,-1.05264384815525,-0.0638978101447772,-0.110579889878284
-0.0659610460374007,-0.062009489684545,-0.0618754037180875,-0.549975109759355,0.0776719315273363
0.178497559225113,-0.061941740125445,-0.0618754037180875,-0.783996725065626,-0.128809795692652
0.0403341036721487,-0.0618754037180874,-0.0618754037180875,0.146377351110044,-0.568117780181772
-0.35681298040491,-0.0618754037180875,-0.0618754037180875,-0.124987893325495,-0.119324944795332
-0.134627786315764,-0.0618754037180875,0.159359348705691,0.0996915669738898,-0.100236035510296
-0.110986281049957,-0.0618754037180875,-0.127312428549677,-0.143205472969567,-0.0885775622165413
-0.0949971721070077,-0.0617887100146277,-0.100999963396506,-0.112549081993414,-0.758977019189255
0.0251252143391812,-0.0619030711047632,-0.0879870708098004,-0.0964581340073476,-0.0880684601754856
0.0168533154786106,-0.0618911018665064,-0.077224863798797,-0.0846427257286875,-0.0426783854314799
-0.129397961818097,-0.0618855441849668,-0.0737253315961768,-0.0778804740633983,-0.0862844064744322
-0.198004643480521,0.176957601108792,-0.0698755211658199,-0.0729840809884129,-0.0360929065394439
-0.093941396275063,-0.132093289863177,-0.0677109443342829,-0.0698675879289258,-0.084345841418037
-0.0832058109252694,-0.104023667769013,-0.0660536257331916,-0.0675797863563564,-0.0753562162028859
-0.0763574101054121,0.0499700798424347,-0.0647512217818753,-0.0657158777445705,-0.0700790482697014
-0.0717087759976349,-0.120872559126365,-0.0638974646695039,-0.0645157091743305,-0.0669360451303044
-0.0686836052247839,-0.0987875947542265,0.132723056243361,-0.463293203627955,-0.0649599631094205
-0.0772488718772252,-0.0867770357502372,-0.121054620554835,0.1635362976397,-0.0697756140846488
-0.652773549603194,-0.0786148780989007,-0.097023557571446,-0.129328450238452,-0.0633800467235618
-0.0655602969024466,-0.0735588703374447,-0.0851998640916572,0.114631960682866,-0.0629464604113937
-0.0642347534801949,-0.0698674367756471,-0.0766595333078682,-0.149078391201996,-0.0625940361196101
-0.063275055830402,-0.0676519962246881,-0.0719608262501526,-0.116411784378108,-0.0623684000057393
-0.0625631579276377,-0.0658581668672248,-0.0720156063332793,-0.0991971212777142,-0.54874499962696
-0.0621189967273408,-0.0645632545367312,-0.0668915884893169,-0.0864979931796471,-0.0621672994373084
0.132163117721062,-0.0635840885156601,-0.0654761215248681,-0.0792145322548943,-0.0619922079739551
0.0950604320190927,-0.0629025448202015,-0.925137236754341,-0.073840087619272,-0.0619331895910143
-0.155096312091317,-0.0624043934678842,-0.131390547241672,-0.070503257292097,-0.0617996756731835
-0.12140226399966,-0.0621343730532754,-0.103887706504615,-0.508754555994114,0.0364091881641147
-0.101888921833529,-0.0620035356871142,-0.0772473623900028,-0.0684524552284042,-0.0922260184524283
-0.0884404788149109,-0.622582205601949,-0.0835206866325743,-0.0664065475332528,-0.0795152750173829
0.0649251145945428,-0.0618754037180874,-0.0761082805759491,0.187366755102865,-0.0734375253810551
-0.117534279491305,-1.57283382297184,-0.0711702821436073,-0.136994169378712,-0.0691902890049822
-0.61154818591664,-0.0618754037180876,-0.0685306748299921,-0.106906298706955,-0.0668342116020885
-0.101896373297723,-0.0618754037180875,-0.0666201374904365,-0.0919909254136663,-0.0652234228509517
-0.0885132674790582,-0.0618754037180875,-0.065134995702052,-0.0810348015382142,-0.0643162812260807
-0.0802666630449807,-0.0618754037180875,0.0107349077116865,-0.0749944354063883,-0.0863040444172367
-0.0742521623177541,-0.0618754037180875,-0.530986567189648,0.0850348193376433,-0.0631046006137458
-0.0705112098170904,-0.0618754037180875,-0.965634690506638,-0.501733404376992,-0.0627393179419386
-0.0676369086209369,-0.0618754037180875,-0.0976958400465573,-0.109751617570027,-0.0624241665635523
-0.065516465624957,-0.0618754037180875,0.0194609447966978,-0.0943355123622041,-0.0768554802502767
-0.0641867673832029,-0.0618754037180875,-0.108130039303258,-0.141658847745976,-0.0748635985664061
-0.0633453225609136,-0.239827735058338,-0.0906092170900446,-0.077196434605914,-0.0603473671199153
-0.288359914135398,-0.408193276665748,-0.0816764574233399,-0.0722485499869421,-0.0623909254516627
-0.0624582477753905,-0.0618754037180875,-0.075105761691959,-0.0691325318793845,-0.0621680165322709
-0.0621638511490009,-0.0618754037180875,-0.0709547447820554,-0.106212344381012,-0.0620644646722021
-0.0618754037180875,-0.0618754037180875,-0.0681350916768575,-0.0652444502602269,-0.0619939050138146
-0.0619697816488328,-0.0618754037180875,-0.0662135159957944,-0.0642477053852722,-0.0619552529353265
-0.0618754037180875,-0.0618754037180875,-0.0648744853261399,-0.651418592647773,-0.0619290931594806
-0.0604313580451423,-0.23132750126063,-0.0637301633694647,-0.0636314176959867,-0.0619144350860172
-0.0623685077783848,-0.0618754037180876,-0.0618266243333666,0.15739546806094,-0.0619033079277616
0.153984816306233,-0.0618754037180875,-0.0628696732052579,-0.127375711260767,-0.0618945512060325
-0.379822945254332,-0.0618754037180875,-0.0624865783025713,-0.100824591721758,-0.322597262185744
-0.111588241255824,-0.0618754037180875,-0.0622099894530935,-0.0878661695691649,-0.495692777794217
0.0180725412858562,0.181541681895047,-0.0620602194419888,-0.078514808295604,-0.06188643421807
-0.116624210226298,-0.133321880763499,0.132569055392386,-0.0732445255254589,-0.061880801666674
-0.0965428121004673,0.136573755938102,-0.119977605524512,-0.0625782172440168,-0.0969304404154662
-0.0853064641538732,-0.156956356446528,-0.0964130907295346,-0.0697293661261587,-0.257919434735096
-0.0907004569474762,-0.121674743691799,-0.0848385406490973,-0.067194701249063,-0.0617449554799094
0.112442911474297,-0.102967134977176,-0.0765409279566749,-0.0908321124267423,-0.0619170342857478
-0.124284486635801,-0.089051522346512,-0.0718795089938365,-0.0644220879694861,-0.521949446615674
-0.1001483740156,-0.0810392072621117,-0.0686579051971899,-0.0635162212330174,-0.113221761745336
-0.0875687909810914,-0.075221981495334,-0.0668344679448555,-0.0629455576111596,-1.59598548942318
-0.347592118191162,-0.0715161389617724,-0.065434820907184,-0.0624573675362732,-0.354527085588354
-0.375584586860427,-0.0687871607971225,-0.064324735851054,-0.292556001148645,-0.0619202900070762
-0.0750946492998794,-0.0665385321423353,-0.0635980419776606,-0.0619847752332619,-0.0619080350865153
0.0975927086325316,0.214543144894315,-0.562481363073799,-0.38102505984185,-0.0618987323278169
-0.11730419638185,-0.144498321228177,-0.0630412947506998,-0.0619424797685888,0.108049233167859
0.146521994260808,-0.112210720315042,-0.0624464418739998,-0.0619186963240901,-0.113050503244273
-0.289240200340977,-0.0954309131170153,-0.0621580059565475,-0.0618965901444808,0.177346894367644
-0.336015728299053,-0.0834361987402558,-0.0657500664980262,-0.0618858844034722,-0.313569932520235
-0.0348080401396832,-0.0765228178719772,-0.0618754037180874,-0.0618754037180875,-0.155348282988807
-0.124479479920302,-0.82485233286198,0.170175572756976,-0.0618754037180875,-0.495069710549248
-0.103539494934422,-0.0774629057542128,-0.130254811260251,-0.0618754037180875,-0.125685005593419
-0.0903981354857037,-0.0731696519575191,-0.102857866313018,-0.0618754037180875,-0.100879327261311
-0.0818072458232274,-1.32502550220092,-0.0892701124141446,-0.0618754037180875,-0.0956272396323151
-0.0645969358055933,-0.081417712010362,-0.0794340345774838,-0.0528491406391611,-0.0861812565070619
-0.0750938932372901,-0.0744810366026404,-0.882721242060203,-0.0629329471177898,-0.0795406943227886
-0.0707673590014384,-0.0700961449288234,-0.0802781033845962,0.000574552972069021,-0.0740934824439975
-0.0676546272187306,-0.0659230815164502,-0.0754690824221729,-0.172112945456848,-0.0703863338491299
-0.0656064585696304,0.0333125003066663,-0.0717079717395956,-0.536154441761252,0.115221738717217
-0.0640197472977274,-0.0918813635026147,-0.0686785865085633,-0.133107159337386,0.12585503912751
-0.0631622117677536,-0.0793091447239485,-0.0666799150319221,-0.109299108243668,-0.162436909048506
-0.0625106255400659,-0.0733006160245238,-0.0649370958316408,0.135128207383677,-0.126010387289735
-0.0621430073196065,-0.0691026105607049,-0.0638563782628681,0.0563165834273545,-0.104904430472093
-0.291163480606627,0.0935603289591553,0.165657474501822,-0.171809688606475,-0.0903524107404029
-0.462736705928003,-0.113265455867029,-0.724833530181151,-0.135459824063833,-0.0815151044746711
-0.0619271845520883,-0.0927390119735219,-0.136361666438479,-0.112435691905379,-0.0761584941895246
-0.00353632415595372,-0.0824868315609617,-0.113118426371957,-0.0961571378438171,-1.40329233128849
-0.0802238431423865,-0.0751100226865512,0.0120957120809605,0.113555720669092,-0.0892697115604846
-0.0724371827662068,-0.0709243890585099,-0.13290396013528,0.0851752196675886,-0.0812534832949448
-0.435284101427186,-0.0679755801641518,-0.106965929844164,-0.26024053793898,-0.0752969915494767
-0.0681298125367136,0.0726160589318999,-0.0934219985917764,-0.226317608152257,-0.0705308661956027
0.138662484716312,-0.106956310402756,-0.0832169274236379,-0.175746014769966,-0.0671050525841628
-0.12526506345842,-0.088701100724146,-0.0766230671056968,-0.142936045061168,-0.0644512258201324
0.0597483453046342,-0.0796524708874628,-0.0720933024811783,-0.118205645293772,0.0814921303667631
-0.133078094826669,-0.0731903678960967,-0.486670188440733,-0.101942870710137,-0.105717986568102
-0.106160142114306,-0.0695471510884789,-0.0693566259524801,-0.522688199136951,-0.0876328760822744
-0.0920229908680757,-0.0669635998572559,-0.0602515187007677,-0.0938165596417573,-0.0788734170130585
-0.0817123849623823,0.069627390538969,-0.0668560810429029,-0.0846253808222818,-0.0726771104330279
-0.0758233709212725,-0.105351957213254,-0.276629046355545,-0.0776952235565751,-0.0692194992940072
-0.0715308465789902,-0.0876901918314936,-0.057887589524057,-0.0726131074561353,-0.0668436333597299
-0.0687727133128258,0.110542242383409,-0.0539390975364993,-0.0685316773852021,-0.110667506893729
-0.0667557611707019,-0.128091574431344,-0.0671443681743615,-0.0657122969275584,-0.0645969021651395
0.199599628493315,0.120828378977503,0.15449432657854,-0.0635538639817917,-0.0637471088192431
-0.129457995582088,-0.151145648914724,-0.128444784772794,-0.0624361338681805,-0.063191676189389
-0.112917496216842,-0.118149099122225,-0.101849399233473,-0.0618754037180875,0.036900918601363
-0.0959292048232281,-0.100499032800501,-0.087294493450594,-0.0618754037180875,-0.0931060549860705
-0.0836887279686332,-0.085961518100343,-0.0793602727451353,-0.0618754037180875,-0.0799984097551784
-0.0784553561166716,-0.0802918784369635,-0.073897359258929,-0.0618754037180875,-0.0737206789187447
-0.0719092220206348,-0.0745609142877738,0.125191807153194,-0.394822353583356,0.0606429750875869
-0.390920430915494,-0.0709822866701214,-0.126017424202379,-0.0618754037180875,-0.106131909090228
-0.0691570835387411,-0.0682907470428723,-0.100970425610474,-0.0618754037180875,-0.0883807886568171
-0.0669153705075785,-0.0661728384897312,-0.0881155507361006,0.118989391333831,-0.079639947343585
-0.239216250865126,-0.254498560421385,-0.0788793671602278,-0.11612439914182,-0.0733811524984192
-0.0645814407443936,-0.0937816907846486,-0.267595719060988,-0.0940161855277193,-0.0697241014840898
-0.0636238147973108,-0.141561065744254,-0.166766397635634,-0.0943408734455392,-0.0672224692968863
-0.0627501488831484,-0.182318171894616,-0.0836466626702811,-0.0756283374867388,-0.0657036345314826
-0.0623080096998245,-0.138088023208387,-0.120210856028179,-0.0712493750361491,-0.0660123768235752
-0.435371280167942,-0.103160571481813,-0.0994910971551005,-0.0682276688110432,-0.0636735030380482
-0.0618754037180876,-0.0998799988487588,-0.0879021806727181,-0.0665186460551686,-0.0631049227538263
-0.0618754037180875,-0.0881590910552865,-0.0793907530983438,-0.0652080936613832,-0.0626037465197211
-0.0618754037180875,-0.0800298588615562,-0.0744593133529665,-0.0641686385617373,-0.0623457507521901
0.210536209415079,-0.0750358286994398,-0.070600704928489,-0.0634886956183514,-0.0621056541872265
-0.141096324715042,-0.0713316795229109,0.183322967161614,-0.0629007956288961,-0.0619893238185954
-0.109879502822674,-0.0683453652981058,-0.138790825759812,-0.0624432754916353,-0.0618754037180875
-0.326947560445986,-1.01785342653856,-0.108578208178642,-0.0622298122278887,-0.0618754037180875
-0.0902351867022182,-0.0692479734826112,-0.0932760059378241,-0.0620529619602245,-0.280913105885838
-0.66800122945968,-0.0665300001898043,-0.0819076592810219,-0.0618864585106018,-0.0618754037180875
-0.0842496991143094,-0.0641375210082812,-0.0754887387704516,-0.0618823317354564,-0.653710445368
-0.095717034208109,-0.063036192695743,-0.0709040322824398,-0.0618800715582722,-0.27626678750637
-0.299586189854563,-0.0619949481033152,-0.0684713032262582,-0.061878542107993,-0.0657199854616456
-0.0725177552437926,-0.0619348688527482,-0.729643316158319,-0.0618776851779249,-0.0618754037180875
-0.0694159545082871,-0.0619056054027777,-0.0681863177429459,-0.0618770347223533,-0.0618754037180875
-0.0666914516734093,-0.0103834207207014,-0.0663303912511886,-0.0618765228661705,-0.0728116571866101
-0.0649959939516914,-0.078024757710102,-0.0647135469708817,-0.045977399537714,-0.0618754037180876
-0.0948538141898712,-0.0711556780915651,-0.0637113993901126,-0.0752133681419768,-0.0618754037180875
-0.0626576829965516,-0.0679162177787967,-0.0627750995850412,-0.0664584037743132,-0.0618754037180875
-0.0618754037180875,-0.0656798739598765,-0.0623207654644923,-0.449804705507093,-0.0618754037180875
-0.0618754037180875,-0.0644468657676113,-0.0618754037180875,-0.0636120177466262,-0.0618754037180875
-0.0618754037180875,-0.132732518527001,-0.0618754037180875,-0.0630470878500758,-0.450457353108604
-0.0618754037180875,0.165225017395414,-0.0618754037180875,-0.0626639468338577,-1.43840308822749
-0.0618754037180875,-0.130101827831427,-0.0618754037180875,-0.0624490259738871,-0.0618754037180875
0.187041206895453,-0.102862968065217,0.204591093383309,-0.262852426795204,-0.0618754037180875
-0.135041740292025,-0.089307638212969,-0.139463810928559,-0.318349337050773,-0.0618754037180875
-0.105754361707916,-0.203180463227097,-0.563836925810432,0.240149562131754,-0.0618754037180875
-0.0912784546914384,-0.0754871325427107,-0.111954553256193,-0.14897705772833,-0.0618754037180875
-0.0808704891517186,-0.0710948637704326,-0.0945880317404119,-0.114904918473867,-0.0618754037180875
-0.159358881094083,-0.0686077771606612,0.0960363229129045,-0.0959056684235598,-0.0618754037180875
-0.0714385759072012,-0.0666803546693238,-0.155308952917803,-0.350306449048489,-0.0618754037180875
-0.0688852141184888,-0.0636507805429298,-0.168844413724824,-0.253346226501819,-0.0618754037180875
-0.0669169649031112,-0.0646935216357744,-0.133815385655133,-0.942286515056835,-0.0618754037180875
-0.0653495356265189,-0.192011088134352,-0.111089168401795,-0.227315649201525,-0.0618754037180875
-0.339057046013641,-0.0631688906972664,-0.095308504323936,-0.188129052845121,0.175343709855957
-0.0639239422702179,-0.062537194258798,-0.0848423071347944,-0.15181952307652,0.0207050563731777
-0.375452002892806,-0.0622259918299047,-0.077981571785372,-0.128039618942959,-0.513896128955667
-0.0628102423116178,-0.0619337158928312,-0.0732033752926508,-0.108347365370237,-0.140869930391915
-0.0623416835595582,-0.0619177959086839,-0.0697147491873356,-0.0961751250463706,0.11464582932773
-0.0618930990054653,-0.0619057107261851,-0.0735331075417122,-0.0854700251397011,-0.160706392754488
-0.0618864933808089,-0.208365667069588,-0.0653745352335771,-0.0777571521989393,-0.126156957994221
-0.0618828755460026,-0.0618923089515598,-0.064118024859634,0.0422169307278894,-0.106949436323839
-0.0618804273614337,-0.0618861344932848,0.179921483499624,-0.102842278258335,-0.0927949264661151
-0.0618790556732409,-0.334817340378573,-0.14314760881216,-0.0447743160039881,-0.0835967786944384
-0.0618780144856917,-0.0618798564221166,-0.106212022355706,-0.090032602847029,0.0564447030886227
-1.01427981575034,-0.587409309986716,-0.303603764067805,-0.0788728053740679,-0.112323854517908
-0.137195490139303,-0.0618754037180876,0.0809277009976819,-0.0726268461071399,-0.0928720375674749
-0.0618776350090723,-0.0618754037180875,-0.126416228780265,-0.0689379686310908,-0.499019630079586
-0.0618768437737779,-0.0618754037180875,-0.103346388169102,-0.0668709871624075,-0.0818539776518559
-0.061876108426947,-0.0659691561143712,-0.0896643930042885,0.0896865995575947,-0.075002414867224
-0.0618757523242495,-0.0618754037180876,-0.0803157154354063,-0.111011333810287,-0.0705144673933972
-0.0618754037180875,-0.0618754037180875,-0.330442952413872,-0.0911860678351265,-1.41760965023451
-0.0603078242651326,-0.0618754037180875,-0.0731755718922711,-0.0812942409989898,-0.0779740094689717
-0.0623754281058425,0.18653744459806,-0.0698433194071051,-0.0742886522172892,-0.0256861544467719
-0.0621592167101994,-0.1346619150297,-0.0674531409210362,-0.592535033589433,-0.083506807774829
-0.0620587776641553,-0.301169248797753,-0.0577213074980638,-0.0713753911853794,-0.0748419309161541
-0.0619903399289418,-0.0976601821061514,-0.10836641453206,-0.0686624944710735,-0.0703389037974886
-0.06195285045847,-1.30653404676997,-0.166545917783136,-0.0667291823674832,-0.0668080124536487
-0.061927477664697,-0.116761619542742,-0.183979619793505,-0.0651783702989689,-0.0649513328062555
0.22814149526466,-0.10054733458986,-0.108631526949974,-0.0642010443021008,-0.0634628068845065
-0.145664422121024,-0.169442357967721,0.00965951147196183,-0.0633544192987925,-0.0630309507875709
-0.112738217420904,0.0658321023745206,-0.112703497660576,0.0788744682857639,0.0128017360374448
-0.0961625560197624,-0.122105279346139,-0.0940469871720093,-0.105381292979044,-0.0858977971373438
-0.0839780902346478,-0.0997800313611476,-0.0843456853365658,0.053113158536252,-0.0711427789869497
-1.30910848851093,-0.0870241393458006,-0.077120061583268,-0.119741445077102,-0.072463690007672
-0.0501994982960704,-0.0780965279487957,-0.523546854429934,-0.0971965193217803,-0.0684829664463241
-0.10283681980833,-0.0721055027136968,-0.0733578940916367,-0.0859662819505664,-0.0662984525928818
-0.0898742994900365,0.0903122444663964,-0.0697722233666192,-0.077392628779047,-0.0648206446095156
-0.0811818214403856,0.0370980072806508,-0.0672940706383819,-0.0727185047866679,0.090960026647157
-0.0752035855417738,-0.135479658312496,-0.0651464110102975,-0.0693792815686892,-0.110105280984981
-0.0705768361003718,-0.108526945532822,-0.0639312852014381,-0.0672646743840888,-0.0904809660329219
-0.067601098277344,-0.0929594674834405,-0.0628247423710434,-0.0657242113348504,-0.0808540726883413
-0.0650084763975624,-0.0824144067364665,-0.0624889918074822,-0.0644630418032435,-0.073965093752492
-0.0637836763310731,-0.0759214713210238,0.0514275097674128,-0.0636528366966459,-0.0700945752984824
-0.0625131578837317,-0.0716285828026085,-0.0968877454059152,-0.0629333737215909,-0.0673067849784035
-0.0607269583854301,-0.204886893114973,-0.082220732426552,-0.0625223064827274,-0.0659004970003899
0.219649153256517,-0.0659658434068166,0.159775831147286,0.0856336336279654,-0.0647109307577065
-0.144013827610689,-0.0662565859048014,-0.138227109271751,-0.122936021056087,-0.0638235970673919
-0.111673396687645,-0.0647917082195524,-0.108738712685705,-0.0981841142593349,-0.0632420765642108
-0.09539861283902,-0.0637446706902001,-0.0934963450100896,-0.0860501447184676,-0.0627441173082015
-0.0834523458389399,-0.0629797566401383,-0.082574780982909,-0.00767867981016996,-0.0624365781534928
-0.0766799988268481,-0.0624386649821029,-0.0761765322975025,-0.0936336097689493,-0.0483993270968455
-0.071956521079364,-1.1932207272512,-0.0716334085273706,-0.0814338675305014,-0.0663791127736088
-0.0692676956502106,-0.0619900580883654,-0.0673825710386853,0.155150950844713,-0.0643637087644412
-1.50126302676005,-0.0619573774543588,-0.439258567960839,-0.13741914973482,-0.0634860975692524
-0.077345569494291,-0.0619316555417399,-0.0673110316280875,-0.108309836900252,-0.0628861431193179
-0.0728784758133201,-0.061914901570286,-0.0655664189491417,-0.738406330530369,-0.0625569620162677
-0.0689231303328508,-0.0619004758592441,-0.064184677602593,-0.10119119299284,-0.0623338508093042
-0.0664469637029254,-0.0618915853628206,0.0668624013084611,0.0528464129348167,-0.0622087707911734
-0.0641202474948984,-0.0618833224907198,-0.298090493449525,-0.127079971756391,-0.0621137433235402
-0.0629850643176645,-0.0618793210064552,-0.348780215168827,-0.100504186423898,-0.0620389781241966
-0.0618754037180876,-0.0734619790745518,-0.0876362336800579,-0.856497018761266,-0.0619902698236555
-0.0618754037180876,-0.0618754037180875,-0.0775276603753784,-0.0997600616523627,-0.0619483220284237
-0.0618754037180876,-0.0618754037180875,-0.0725623539689953,0.0238444194009712,-0.0619224672948768
-0.0618754037180875,-0.0618754037180875,-0.0691242515648835,-0.112810714777898,-0.467331572280963
-0.0618754037180875,-0.0618754037180875,-0.0671765158686433,-0.0940608308571678,-0.513452575887528
-0.0628222844332207,0.175049644350385,0.0595109035499678,-0.0832156943860878,-0.0618754037180875
-0.0618754037180875,-0.131573164922858,-0.102552686416649,-0.0755976572115673,-0.0618754037180875
-0.0618754037180875,-0.103693211067146,-0.086041907131425,-0.0707201251215169,-0.936103604006355
-0.0618754037180875,-0.0898483048947744,-0.0777826032533378,-0.067808720688566,-0.0618754037180875
-0.0605211393291998,0.0942448415833355,-0.0719958877645423,-0.066018856788541,-0.0618754037180875
-0.0623074165285756,0.007156862051296,-0.0686176593373757,-0.200163893707251,0.234537338848241
-0.0621206003814174,-0.13634557667525,-0.470309768018423,-0.0626633618294003,-0.147289430933516
-0.0620338222957798,-0.111478130243071,-0.0665981008478203,-0.118586796886219,-0.113791762506609
-0.0619746962393247,-0.095225251917427,-0.0573899811220271,-0.0628888276470168,-1.14570248798336
-0.0619423084940043,-0.0842151834031474,-0.0667023327637175,-0.0625301345738431,-0.127764581141822
-0.0619203890202362,-0.0772718454847713,-0.392612686469179,-0.0622165087302691,-0.10885024441338
-0.0619081070697531,-0.00416532813613712,-0.0646036306986173,-0.0620609802834175,0.104823608020004
-0.061898783791057,-0.0905839478287615,-0.0636160302258035,-0.0619178906395306,-0.142692076922781
-0.0618914467439615,-0.0793806645205582,-0.0628774183178052,-0.0668426698937845,-0.114158203203159
-0.061886668124097,-0.0735162482561347,-0.0624683080261794,0.0147551843936363,-0.0978387657167737
-0.0618825538856077,-0.069266998008333,0.220189324889888,-0.144881000676184,-0.0859837428406517
0.0791610851762848,-0.0668101246273465,-0.143787109380799,-0.115457949148697,-0.0662403726394541
-0.10578433186446,-1.10842969184578,-0.111538150646074,-0.0975480724517994,-0.202704243236225
-0.0876730813576238,-0.0679414029957039,-0.0953249344352934,-0.0746960919658034,-0.0724461920269953
-0.0788998398380175,-0.0657592424065221,-0.0949171090499539,-0.0816406231913738,-0.0688966377288135
-0.0726941365814397,0.13174369434635,-0.65919698395539,-0.0188003958055348,-0.0659564228790688
-0.0692311810401141,-0.121852951547027,0.051668572466649,-0.0889830235981291,-0.0647218038950255
-0.0668515848480591,-0.097679889909175,-0.114406249332508,-0.0787646365641632,-0.0637122930238507
-1.38810966980878,-0.0857037087689432,-0.0948314242355825,-0.0732438084116078,-0.0631005661678141
-0.0716890148212115,-0.0770130828575691,-0.314276423073783,-0.0692619269879684,0.201661676402651
-0.0686653608463123,-0.311386933707368,-0.0804094690028499,-0.215727485773577,-0.34718949453725
-0.0666705206166191,-0.0705943918866382,-0.0743312888943411,-0.0655470496894566,0.0385272672282454
-0.0649310856640586,-0.0682617366806069,-0.0702371903520238,-0.253204414051131,-0.158874689135407
-0.0638524797702878,-0.0664660830930652,-0.0674208435989102,-0.0636464989491563,-0.115049811853755
-0.196729782292972,-0.0650376270917476,-0.065828637196797,-0.0629475789131455,-0.09846840854408
-0.0624237986466038,0.0670530581341807,-0.0640308595391037,-0.0626240332228137,-0.0862838855072613
0.212028779733221,-0.412821297019181,-0.063391589910092,-0.0623428441702376,0.187913473519843
-0.141423620953071,-0.596616181029836,0.192970504504509,-0.0621731193526266,-0.797555761392647
-0.109992124445823,-0.0983429150917817,-0.13715626009198,-0.0620145692327181,-0.169831301350818
-0.0942346207614742,-0.0852931154339475,-0.107208445984355,-0.0619442533938624,-0.139402533589169
-0.0827017298721857,-0.0776266517397086,-0.0922489175777869,-0.0618754037180874,-0.114144585191323
-0.0763927601581284,-0.0726068248666689,-0.0813048183591437,-0.0618754037180875,-0.0987178576054295
-0.0715950464696964,-0.0697495431297756,-0.262186561232074,-0.0618754037180875,-0.0868362231166591
-0.0597920442307913,-0.0675428259916104,-0.0727933760583374,-0.0529087439609917,-0.0806040622143869
-0.0740033545030257,-0.0657828849660398,-0.0698877258023221,0.0817022727230665,-0.0742328127857581
-1.93395272329214,-0.0702210638073035,-0.73210483216891,-0.40943979912285,-0.0703123693477521
-0.0852632748443577,-0.0636364570486658,-0.0696187735759316,-0.0987438045882499,0.0408535552650707
-0.0769507091661283,-0.0630136189379504,-0.0673482909834361,-0.0780926499986588,-0.0986154466821494
-0.0718585989860065,-0.062432875126419,0.0431917106624331,-0.0801600183263008,-0.0836076412498994
-0.0673725808695383,-0.0621512890830234,-0.0973527723763833,-0.213318257511029,-0.0758133723658262
-0.0650984974703411,-0.0618754037180875,-0.0824115604812495,-0.0713997284514196,-0.182250508459025
-0.0629783022754103,-0.0618754037180875,-0.0752080578381561,-0.0687354722020359,-0.0680499781176094
-0.0626328841488221,-0.0618754037180875,-0.0758397668693843,-0.867320831059255,-0.0660483574034383
-0.062407594751704,-0.0618754037180875,-0.0674128202701024,-0.0693934756407166,-0.0649199018679776
-0.0622133599265057,-0.0618754037180875,-0.0656157461205813,-0.0671890112660039,0.148841235041308
-0.0620935779582477,-0.0603047886655384,-0.0646032555833404,-0.0653085971225186,-0.126320283394963
-0.0619821871844195,-0.0623763958795186,-0.0638300990221763,-0.0640965853503197,-0.100556477371179
-0.0619282316699151,-0.0621597662326309,-0.490274467343188,-0.558877605800024,-0.0876705569009771
-0.0618754037180874,-0.0620591327982979,-0.0633232326202335,-0.0628297889428953,0.141095128426787
-0.0618754037180874,-0.0619905625552962,-0.0627955044509124,-0.0620028319412239,-0.136436749390606
-0.0618754037180874,-0.0619530004838373,-0.0624696774136382,-0.0619377681281648,-0.107818398076259
0.112856817726389,-0.0619275785458942,-0.0621663472541473,-0.0619062556354621,-0.093214054406478
0.00214716779730313,0.0852366712649638,-0.0620193592141503,-0.310248719789134,-0.0824781773482597
-0.126241941562282,-0.106553065514586,-0.0618754037180875,-0.0618754037180875,-0.0760459369864728
-0.101490267721076,-0.0880288116227783,-0.0618754037180875,-0.0618754037180875,-0.0715934139516319
-0.0891381386866916,-0.428973391271057,-0.452426841202365,-0.0618754037180875,-0.0688323828414454
-0.0799257594958706,-0.0775815108176613,-0.0618754037180874,-0.0618754037180875,-0.0667983006199323
-0.0742045048313645,0.212356235171747,-0.0618754037180876,-0.0618754037180875,-0.0651199374101929
0.164682022921775,-0.150249843015372,-0.0618754037180875,-0.0618754037180875,-0.0640835465664665
-0.141116397046639,-0.455373488693358,0.00425710236775176,-0.0618754037180875,-0.0631640080931227
-0.107770259422831,-0.550195276519877,-0.082510196509773,0.00796816373580963,-0.744225128829483
0.153395476164564,-0.121963776605532,-0.0737752385554166,-0.0859589462974464,-0.0626814638634241
-0.15091252429564,-0.100752889038833,-0.0696381607362954,-0.0744676576823654,0.107677338909046
-0.11800711026042,-0.0887376947714419,0.189410137127475,-0.0700945777151873,-0.113043662777605
-0.100102034396771,-0.0816508727743968,-0.144529624044899,-0.0670609459373823,-0.0921152719724769
-0.087295080238644,-0.0758668037541789,-0.112306328569498,-0.0653844325211372,-0.0819067130723589
-0.0794872624228594,-0.429323575422931,-0.0960226906087771,-0.0642416070941913,-0.301567273457291
-0.073884386993437,-0.0711324133493267,-0.0839099183950913,-0.0635990373787728,-0.0727920824294045
-0.070624203009539,-0.0677959442223641,-0.0620287491187391,-0.0821844848797524,-0.0692827034500097
-0.0680119635526583,-0.0657148462916036,-0.0769637147262219,-0.584028104036182,-0.0672947938091085
-0.0660546850414925,-0.0637596655170452,-0.83337617981767,-0.0733754074971739,-0.0657677736827996
-0.94275579227902,-0.0628088261714394,-0.0773446823743739,-0.0170784874631171,-0.0787262439178989
-0.0659730377073307,-0.0618754037180875,-0.0723003655970335,-0.183216037740032,-0.0637880780950222
-0.0642086096837847,-0.0618754037180875,-0.0691403082422286,-0.183980678471538,-0.0630913779714329
-0.0630191722572241,-0.0618754037180875,-0.0665037857171769,-0.123120772311945,-0.0626609672301266
-0.0624416881169408,-0.688259263490992,-0.0649671540591148,-0.357503404931456,-0.0622600534182342
-0.0618754037180875,-0.0618754037180875,-0.423549591526391,-0.102626930394525,-0.0620657372714413
-0.0618754037180875,0.115733706278176,-0.0632491432463819,-0.0909047513736339,-0.0618754037180875
-0.0618754037180875,-0.115207850838643,0.121207815427922,-0.0830875848035732,-0.0618754037180875
-0.0618754037180875,-0.0934496556760868,-0.117093090178241,-0.076360143072769,-0.225365799774905
-0.0618754037180875,-0.0828141238862225,-0.0946342173207037,-0.0716987549762524,-0.123533985641811
-0.0618754037180875,-0.0752245912308381,-0.0835968566137196,-0.0677651533304866,-0.335352897374091
-0.0618754037180875,-0.0709710778690021,-0.0757221745659891,-0.0653387702612555,-0.0929951399355099
-0.0618754037180875,-0.0680376370765406,-0.0712880509176724,-0.0633047966717571,-0.0818833675450844
-0.0618754037180875,-0.0663789980987922,-0.0682540851968142,0.126131577514539,-0.0755852618545987
-0.0618754037180875,-0.643882233594139,-0.0665380622173756,-0.118551049126842,-0.0711999103520163
-1.1750868941619,-0.0658458113008791,-0.0652220855380658,-0.095386935725983,-0.727879925918077
-0.0618754037180874,-0.0646725867227766,-1.17160302666296,-0.0841351456632829,-0.0713969266894837
-0.0618754037180874,-0.0636549886520153,-0.0667867881927268,-0.0760822778052587,-0.0684616336793904
-0.0618754037180874,-0.0630256139597273,-0.0650054754828402,-0.0700485185502662,-0.0665258365505339
-0.0618754037180874,-0.0624387550452061,-0.0639007354138104,-0.0689177336409734,-0.0648385343324191
-0.0618754037180874,-0.0621542002040301,-0.0628680203160448,-0.066948151243923,-0.0637924512665528
-0.0618754037180874,-0.0618754037180876,-0.0623667966374079,-0.065498533283366,-0.0613080427193172
-0.12784086917081,-0.0618754037180875,-0.0618754037180875,-0.0987799544405268,-0.0628206482971967
0.0725857949851609,-0.0618754037180875,-0.0618754037180875,-1.02607065277682,-0.0479400780359116
-0.102856941838014,-0.0618754037180875,-0.0618754037180875,-0.0648898303771732,-0.0665627095153071
-0.085896578201152,0.0810207917582096,-0.0618754037180875,-0.0638371034617501,-0.236287340270682
-0.077704548130894,-0.105301390775045,-0.0618754037180875,-0.131443670536957,-0.0639391628926438
-0.0719246627055116,-0.0873795574082279,-0.500226113091035,-0.0624121687598307,-0.0631749418192888
-0.068703574937362,-0.0787026722063277,-0.0618754037180875,-0.061912885834566,-0.0627550856367775
-0.0664926114873386,-0.0725671049653858,-0.0618754037180875,-0.0618991962869105,-0.0624691197587138
-0.0652453170526302,-0.0691440319420922,-0.0618754037180875,-0.061890759506342,-0.0534365100226269
0.12481786387775,-0.0667922682796462,-0.0618754037180875,-0.061882918338696,-0.0650033415133081
0.0213543915801552,0.218688063058874,-0.0618754037180875,-0.0618791210778821,-0.0636901171686402
-0.136206482568685,-0.0330799173839289,-0.0618754037180875,-0.0618754037180876,-0.496988855553742
0.0652107325067217,-0.146980657182331,-0.0618754037180875,0.154752782043256,-0.0630235329426737
-0.00758424822083849,-0.103073072445969,-0.0618754037180875,-0.126052239562549,-0.0626449710024321
-0.14906123569845,0.165180128972426,-0.0618754037180875,-0.100206966938909,-0.0623753085223243
-0.119337057002995,-0.154765997453815,-0.0603110072066353,0.0408788589797123,-0.962663856614732
-0.10100297055547,-0.127258738767021,-0.0623744133562263,-0.11602347554273,-0.0698233902536021
-0.0887058118307926,-0.107129188677614,0.202676726166239,-0.0956103672175566,-0.0664833806984417
-0.267255756208439,-0.0923140912472226,-0.139184260181991,-0.0845711340380046,-0.0648861445349477
-0.233881022677295,-0.455073599945829,-0.108560632046809,-0.0771006579956949,-0.0637691500528294
-0.0783306637732225,0.16282701340111,-0.0932365221808595,-0.072487423721589,0.00310851365226096
-0.0747864869761893,-0.147241529724715,-0.0820458327946924,0.0542792013972484,-0.0833460003880391
-0.0693289015494172,-0.115345482099277,-0.0757010558833132,-0.104439063622191,-0.0743815151027842
-0.0666422577856889,-0.0981120811247857,-0.0712810894417456,-0.0874431954565981,-0.070057872108483
-0.064764928657409,-1.17902591233785,-0.0687677943913627,-0.0788377629838847,-0.067061210745163
-0.186227129096326,-0.109852158200454,-0.0668317891446067,-0.0726726594123109,-0.0653923562171772
-0.163181378980441,0.0101961220786147,-0.214294048551029,-0.0691065031611472,-0.0642397447034079
0.0399514676080828,-0.116103236362216,-0.0646662052686029,-0.16979600998157,-0.0635877151560346
-0.911459100879791,-0.0968149681973248,-0.063650060944831,0.158703592316541,-0.0630835223726587
-0.184594993921102,-0.0849628612597911,-0.0630219883574934,0.0457275596190683,-0.914232576152765
-0.151742531537935,-0.077388309189603,-1.45043630281721,-0.151173770931334,-0.0631984584559363
-0.124685236179417,-0.0721760645000483,-0.0631527199873796,0.00301612103788786,0.122287503209165
-0.108211587416576,-0.068733636020709,-0.0619688500371506,-0.134727608359257,-0.117763437050958
-0.0952933568025198,-0.0661621942063307,0.190769459848725,-0.108662877703074,0.147014538113035
-0.0190041057550141,-0.0646200390641435,-0.136783095380654,0.123311395135319,0.0639970406911434
-0.031904262325243,-0.063251693956976,-0.252451122536175,-0.715407784116349,-0.173404766791884
-0.105557033918566,-0.0628428682868124,-0.0965482708481265,-0.157451753113582,-0.135599367070908
-0.0889938696178997,-0.0624899895433779,-0.0842356665699126,-0.292151469222957,-0.0996892561056126
-0.0797523569339405,0.094873592664518,-0.0772283297974882,-0.431967322864392,-0.099876900749038
-0.00354067118085437,-0.109571826811094,-0.0723320579924068,-0.116176078894162,-0.0880187183287959
-0.085840732397751,-0.0888539681601587,-0.0695459305982747,-0.0999153073999067,-0.0801822690445926
-0.0802731955433958,-0.0807369944657828,-0.0673949226442598,-0.0894286374098854,-0.0752208955640527
-0.0738660655604871,-0.0738579621981354,-0.0656803102130662,-0.0809207826584806,0.221749495712222
-0.0697048065899938,-0.0700246392476853,-0.064555191557093,-0.0743909761597919,0.0175889903920005
-0.0672006836869941,-0.221444774232727,-0.0635800017823361,-0.0699976025233673,-0.161808222586334
-0.0654767887430237,-0.0881439505394808,-1.31355135418792,-0.0669508265489399,0.017232557466166
-0.0644031261864246,-0.0778092032188099,-0.0637604755113726,-0.0649027526575808,-0.67307295976759
-0.063607591714403,-0.0724482538241259,-0.0628092279909724,-0.0633602188665387,-0.288320403940225
-0.0629973482019179,-0.0687430272781769,-0.0618754037180875,0.0983561982995587,-0.229247004579917
-0.0625966095278519,-0.0664634816552914,-0.0618754037180875,-0.110489124765295,-0.188470717643844
-0.0622985593612797,-0.064943470865688,-0.0618754037180875,0.106734255293536,-0.155336677221947
-0.0621480112147221,0.0965621416852651,-0.0618754037180875,-0.406262095134292,-0.13087909401327
-0.0620122724234799,-0.11161494854778,-0.0618754037180875,-0.00909104651808101,-0.112485031892953
-0.0619430347283719,-0.0912830644131392,-0.0618754037180875,-0.067778584442317,-0.0987586755941129
-0.0618791466802088,-0.0813860867429641,-0.0618754037180875,0.0150277976470518,-0.0885788530494034
-0.0618754037180875,0.116900787755311,-0.0618754037180875,-0.145603915922824,-0.0798944811261183
0.0868392460962272,-0.126407884705211,-0.0618754037180875,-0.118894116194951,-0.0735657677845466
-0.106979047367543,-0.0436146377249137,-0.0618754037180875,-0.099829554512547,-0.0687097924194042
-0.0884007225834545,-0.105502448338992,-0.0618754037180875,-0.0877142505616908,-0.0656470982245586
-0.0793914125445694,-0.0893765345946196,-0.0618754037180875,-0.0706567883836498,-0.0702570131000961
-0.0730110275935981,-0.0805657405627477,-0.0545256666137554,-0.0773580067510714,-0.0625713905406556
-0.179880662595209,-0.0743659718760375,-0.064117165547766,-0.0722303919810757,-0.126040489103987
-0.0674943736621145,-0.0706876643988329,0.0617727782905827,-0.0690628063501185,-0.0618823554980498
-0.066090632440756,-0.179051378106021,-0.0994788983524143,-0.0664157903512416,-0.0618802847839607
-0.0648947794883705,-0.0665959019969418,0.0374450392282916,-0.063621883134709,-0.0618785019956659
-0.0639517221465637,-0.0651622245909063,-0.113484232859063,-0.0639874567651321,-0.0618774033207703
-0.0633348856102828,-0.0639351384721681,-0.0932739888060798,-0.0631614427261593,-0.0618763822485171
-0.0628032234262931,-0.0632547725355873,-0.0829594495737093,-0.062542154983639,-0.0618015671906652
-0.0624748086295384,-0.0625198451700454,-0.0756189494093962,-0.0495867225369533,-0.0973143021816082
-0.256462869997404,-0.0623464628040296,-0.0714660033638936,0.130103605015277,-0.0560452919218409
-0.258318285147044,-0.366286406975452,-0.0685105638163409,0.0343865365715562,-0.0637457903416853
-0.0618772699237502,-0.234308067120127,-0.0666314624977747,-0.141752069800412,-0.0629387062689013
-0.147186737633926,-0.0618892606750625,-0.0652667682531556,-0.243845443124809,-0.0625630100236507
-0.446465472343623,0.097028066267367,-0.0641500956731481,-0.100715827406867,-0.0623067358080581
-0.120350895846923,-0.643060893822765,0.181575782967419,-0.0878072758752915,0.159188473991537
-0.101550941074632,0.0300957147206993,-0.137941339520646,-0.164632946586982,-0.148654067794294
-0.087566759181962,0.0653232279718759,-0.105758227438012,-0.073164902980638,-0.102010143120728
-0.0795648355394027,-0.169668625389312,-1.34071375401012,-0.0766490239216586,-0.0886933364343363
-0.0739471106379398,-0.079055089915747,-0.123957258046475,-0.0719319735196036,0.159484573664706
-0.089005195521724,-0.125856219242558,-0.109829717705084,-0.0687253183741425,-0.141930626936725
-0.0683816905457637,-0.681046239741947,-0.0963740304142031,-0.0664696703934435,-0.174344766012402
-0.0663644395447494,-0.115648652281282,-0.0875840353994144,-0.17206250121144,-0.0980657078216862
-0.0650393650280133,-0.0053328390628078,-0.0805954676561707,-0.0639179258322949,-0.085747731285965
-0.0638889400665558,-0.117111562399531,-0.0749129929580963,-0.0630229203643256,0.0891413150907533
-0.0631770760831135,-0.0978678483528558,0.165961677171229,-0.0624201881291315,-0.12239322217678
-0.758289630378846,-0.0867005014848475,-0.136632588219319,-0.0621040999301784,-0.0994124887283517
-0.0625082900627986,-0.199484423406083,-0.107337758768075,-0.0620269815553432,-0.0873354834252486
-0.77448787688236,-0.0740438723902479,-0.0918542513422257,0.0123689394311743,-0.0783347100268128
0.0996249457875426,-0.0694792226684464,-0.0809139962032162,-0.294121856836348,-0.0731402277059504
-0.110641245059836,-0.0667262520595021,-0.0743373402470749,-0.316110952601337,-0.0693016565316297
-0.0906394552940862,-0.0648657566319267,-0.071462611249775,-0.0756104228031943,-0.0671896123797919
-0.0809054897504695,-0.06352104248987,-0.0680768456056285,-0.282806855588187,-0.159147427687975
-0.0739886853089626,0.112169369223421,-0.0663295474357729,-0.0691799166588661,-0.064501487322151
-0.0701203620750409,-0.115074857866835,-1.06932639537903,-0.06681669155667,-0.221671853531121
-0.211601239241176,-0.0934125847858121,-0.0677741293232262,-0.635256275106523,-0.255958547074674
-0.243033698391523,-0.0827292748738442,-0.0656377638917073,-0.0664533385831392,-0.0628500259476138
-0.0659108596471509,-0.0751446456139475,-0.0643111311910927,-0.0650288142217709,-0.0623526928906675
-0.066635351814631,-0.0708525086993883,-0.063069520948592,-0.0640954576020539,-0.073134095653969
-0.0638347434690035,-0.274093143774641,-0.0624666382177056,-0.0632871482892464,-0.0618754037180876
-0.280132855010187,-0.0673396730505548,-0.0618754037180875,-0.0627875890028128,-0.0618754037180875
-0.0781079915181223,-0.0674483751644665,0.123154626872221,-0.0623220956701229,-0.0619620368950486
-0.0623726106299125,-0.0645818558238105,-0.117293882895916,-0.0620964474615516,-0.0618754037180876
-0.0621214538805704,-0.0637800651402741,-0.0947402793987393,-0.0618754037180875,-0.380075063837435
-0.0618754037180875,-0.0630862758296885,-0.0836937151741552,-0.0618754037180875,-0.326516964892898
-0.0618754037180875,-0.147300167853729,-0.0757954667352442,-0.0618754037180875,-0.0686183346230643
-0.0618754037180875,-0.0622922764821739,0.144606547654162,-0.0618754037180875,-0.390905265423252
-0.0484084313210146,-0.0620816869562456,-0.131393942256789,0.105412678288687,-0.867646844867267
-0.0661537016666509,-0.0618754037180875,-0.104501169633643,-0.112288054105602,-0.0667208377300668
-0.0643109703853649,-0.0618754037180875,-0.0907063082736233,-0.241973086495175,-0.0651533465521189
-0.0634518355212698,-0.0618754037180875,-0.0805638703722663,-0.0848261525416646,0.0487852179486486
-0.0628646098581349,-0.0618754037180875,0.142662727926838,-0.33617711051993,-0.0980214700373893
0.210745977894035,-0.304790251771949,-0.133703122734388,-0.0748559328998702,-0.0832045539047032
-0.141631395778042,-0.0618754037180876,-0.106220019625945,-0.217150272072104,-0.0759433456355715
-0.110187997477198,-0.0618754037180874,-0.0852553284415617,-0.170543039802252,-0.0716518400990322
0.0363094594525226,-0.0618754037180876,-0.0833444018637359,-0.16952755324198,-0.0679525387525067
-0.120869929685138,-0.492075472409506,0.0644079081293379,-0.1168073239079,-0.06597289335681
-0.727649094762614,-0.0618754037180875,-0.113516376822462,-0.0882233291603668,-0.0648117183263838
-0.109581901666419,-0.242238579918028,-0.0937015344519263,-0.0859917192289745,-0.0639557962214598
-0.094812015526103,-0.0618754037180875,-0.0209744205647411,0.0438820343188492,-0.0632682804678319
-0.0852396039575029,-0.0618754037180875,-0.0945901847192136,0.127115998915393,-0.0628545416268262
-0.0780262748231089,-0.0618754037180875,0.159549315781156,-0.159166577410901,-0.0624974110192587
-0.0735966831222429,-0.0618754037180875,-0.147089018435008,-0.123943240866097,0.119366495911643
-0.0705631968239539,-0.0618754037180875,-0.283817742580093,-0.0968271168198854,-0.116516442712551
-0.0673306989352857,-0.0618754037180875,0.136089988974632,-0.0919986776179082,-0.0942457685357838
-0.0652955203774933,-0.0618754037180875,-0.34743143319631,-0.0844959046495149,-0.0756429708330265
-0.0639142473515337,-0.0618754037180875,-0.13603403356953,-0.0761429605768253,-0.0779037506187512
-0.0628781994085318,-0.0461466856557029,-0.113483494788516,-0.0721755993385697,-0.0725553867058717
0.232688730665572,-0.0668683801697878,-0.0970264952610326,0.131653700580366,-0.0691815247897423
-0.147135409952717,-0.0650426571211703,-0.0865672167394161,-0.144437227727087,-0.0670552571745556
-0.113573807640513,-0.0637174240201154,-0.0788332045377861,-0.506731089772602,-0.0731694096908672
-0.0967497792941355,-0.063031515835215,-0.0741009970873674,-0.730556641434562,-0.0644330435583725
-0.0843675418086509,-0.0626550988344899,-0.0703617827375933,-0.110650926090631,0.149102765772723
-1.31307009411347,0.271075846241675,-0.0676213812817072,-0.0954905915201339,-0.125999538733485
-0.0985481744301215,-0.458175697000576,-0.0655736070683028,-0.0846525533819881,0.0990751713317197
-0.0894050399982179,-0.141579093274849,-0.86747125904522,-0.0782180815436471,-0.118614553999166
-0.082031343256253,-0.37773110390731,-0.0645695760744143,-0.137167020294085,-0.208629007705541
-0.0759446418517644,-0.337438752956425,-0.0632533574250358,-0.103981419435541,-0.161055623830902
-0.0718734369759459,-0.203218096666394,-0.0625593869634901,-0.0682460026042881,-0.131335150049423
-0.0682739311416593,-0.121510502659128,-0.0684817084716307,-0.0659403111568381,-0.644625815930381
-0.0660267946272535,-0.205207655098237,0.148944485447353,-0.0645076552292219,-0.120462985215564
0.125040385535934,-0.161229879449721,-0.124834455335527,-0.0631660561521025,-0.104349696781488
-0.119276640116143,-0.133662790893895,-0.0994425282103288,-0.0625144811220069,-0.0936175053040198
-0.0954518153650002,-0.3444174326867,-0.0869148019437875,0.154886931899855,0.0432034228297767
-0.0841794613212888,-0.107280458869896,-0.077893257044981,0.0149202206726232,-0.815516803608991
-0.0761110826008264,-0.0940759765620343,-0.414627518238822,-0.139462585305535,-0.129654278717969
-0.0715823744014239,-0.0837952299038298,-0.0723382816016251,-0.111642558916947,-0.107796437059787
-0.0684551702565073,-0.0769740234758723,-0.0695506323976539,0.13245300901787,-0.0907934636670801
-0.0653059022877466,-0.0708773489666014,-0.0673986766505814,-0.43706070480372,-0.0571059564630216
-0.418057151844838,-0.0680131542002318,-0.065682969721518,-0.135597045293561,-0.0805090114438489
-0.0656117707527913,-0.0654170976393884,-0.0645574572103001,-0.113528534990109,-0.0733811886142218
-0.0644870219926269,-0.0639718647774768,0.147965898111474,-0.0538272709306385,-0.0698842545308808
-0.0635348076197318,-0.06259704829926,-0.125607606043876,0.0436715832087695,-0.0672409491983992
-0.0629519625376162,-0.713898580874081,-0.0998505259961688,-0.12763526708668,-0.065609807571994
-0.0624206197572777,-0.0618754037180874,-0.0871203308463236,-0.104055246228227,-0.0642979752436382
-0.0621605597832848,-0.0618754037180875,-0.0778712219837073,0.109859874975287,-0.055068791659812
-0.00352732174098047,-0.0618754037180875,-0.0727988295535179,-0.137899187268561,-0.0654872880880579
-0.0801630245326088,-0.0618754037180875,-0.0692873237310655,-0.0997791133831319,-0.0639428298600538
-0.0724051074183723,-0.0618754037180875,-0.0672981958963814,0.0192439983038544,-0.0630654756399069
-0.0687363833146897,-0.0618754037180875,-0.0657702285736519,-0.118538351340593,-0.0615227159969688
-0.066199438839884,-0.0618754037180875,-0.0645567192818558,-0.0977574841259954,-0.0627269943750781
-0.0647981091900399,-0.0618754037180875,-0.185872464536167,-0.0860548853593268,-0.062319087648459
-0.0638446891003347,-0.0608618597844513,-0.063230892259634,-0.0780432899737823,-0.0622533991000345
-0.0633082369122344,-0.0621987635905341,-0.0627511991323629,-0.0730767219909304,-0.0621164258974296
-0.0629009869464091,-0.062058916815947,-0.0623042641295356,-0.00904875610666165,-0.113039974949345
-0.0625797373522859,-0.0619939632757815,-0.0620876207655198,-0.0859282558743995,-0.0619940585082965
-0.0623702324504733,-0.0619497112639595,-0.239389399019547,-0.0763312331626815,-0.0619545128666546
-0.081569293208165,-0.0619254721994425,-0.0618754037180875,-0.369894221416309,-0.0619285186969377
-0.0620822208080729,-0.0619090681915327,-0.0618754037180875,0.152650132137495,-0.0619059810087681
0.150067214992146,-0.061817056600177,-0.0618754037180875,-0.13224755923963,-0.0618938136492679
-0.124837078717664,-0.0619193300135868,-0.0601289607217631,-0.104446632193382,-0.160450055145856
-0.0994184314644894,-0.0619024056820144,-0.290730804465874,-0.0904904924678386,-0.0618805130252179
-0.627509213597047,-0.0618935205614935,-0.0622727017532657,-0.0803599479900023,-0.0618780126342029
-0.0895197450630786,-0.0618868255088873,-0.0621321252802378,-0.0744516176783219,0.0592305576814956
-0.0809414668050829,-0.0618829475356813,-0.0695953083603669,-0.0704490005912368,-0.0989571311208508
-0.550565581419096,-0.0618798438995127,-0.0619846617796204,-0.213433296002162,0.0357549994697031
-0.0773311156346138,-0.0618782390158007,-0.245737168201993,-0.0670102202252775,-0.0527733173889309
-0.0730728800646675,-0.0618768330443359,-0.061939588974574,-0.0718842435281362,-0.109075038031948
-0.0696319611246647,-0.0618763844803653,0.236039965824899,-0.0643061261493386,-0.0923715960368668
-0.0673576736181375,-0.061876092338985,-0.22236833002235,-0.18972153941037,-0.0818531064385114
-0.0653709428195085,-0.0618758408216691,-0.118234315497605,-0.44373440143194,-0.0755244600890867
-0.0641378949932017,-0.0618756858205006,-0.27034480293702,-0.0626618002057124,-0.0712840693407267
-0.0629844484961927,-0.0618755417682336,-0.181796373137331,0.184869815157839,-0.24786731380653
-0.0624244819850267,-0.0618754720088582,-0.140651746018778,-0.144788392264446,-0.0675923518796081
-0.0618754037180875,-0.0618754037180874,-0.817120242736493,-0.105907843282824,-0.0658091361547921
-0.0618754037180875,-0.0618754037180874,-0.139673207095771,-0.0913851493370187,-0.0728712504372952
-0.0618754037180875,-0.0618754037180875,-0.119089676644859,0.111645009873,-0.0636015331040626
-0.0618754037180875,0.0999229381173966,-0.102560708297792,-0.13069797827962,-0.0629471100536085
-1.42304694034003,-0.117817666180569,-0.0921567835155004,-0.464061542081673,0.0141848895670074
-0.0618754037180876,-0.0950650283389581,-0.0832432360730724,-0.103865918795315,-0.0859364480371697
-0.0618754037180875,-0.0839153402528514,-0.0765254494087752,-0.0899055596175622,-0.075709934273084
-0.0618754037180875,-0.0759394373096439,-0.0713372160394637,-0.0812946795582094,-0.0708736549035191
-0.0618754037180875,-0.0714639417212549,-0.0676190221301404,-0.0752818107186366,-0.342008925257294
-0.0618754037180875,-1.00577429816647,-0.0648931473183714,-0.0714395079233966,-0.0669385272803585
-0.0618754037180875,-0.0740513163740464,-0.0633554971579355,-0.0686267599849078,-0.467035159363007
-0.0618754037180875,-0.0706716681475212,0.101303872371388,0.0721041176477915,-1.32806920286247
-0.0618754037180875,-0.0679562130222235,-0.111429998801213,-0.106685163958433,0.0535764741173309
-0.0618754037180875,-0.931563420033269,-0.0909750081327882,0.0259741894578757,-0.106087590712043
-0.0618754037180875,0.210070265150663,-0.0812204456506097,-0.112979893564063,-0.0886918169151915
-0.0618754037180875,-1.19200367788479,-0.074190624184696,-0.092931705280476,-0.07953837336507
-0.0618754037180875,-0.223606618330872,-0.521011742904363,-0.0826673026950468,-0.0731589289855912
-0.74101462052663,-0.181261319673065,-0.0707979195089686,-0.0752892623784868,-0.0692095893609785
-0.0618754037180875,-0.142525043838037,0.0331437472066521,-0.0712635496294128,-0.0666755346789194
0.175483807684379,-0.120129404405309,-0.0975592053067949,-0.225702135013357,-0.637214422275411
-0.131690371459657,-0.10304100035278,-0.0832351412141953,-0.200670668340503,-0.0659138820310871
-0.103767563451594,-0.00280441107364292,-0.0760947701051665,-0.0663228876587719,-0.0646559524067934
0.0678091416426849,-0.11115416137213,-0.0709086941366721,-0.0507980255533535,-0.0638323341513935
-0.125642792410689,-0.0936025432677725,-0.0679680371630747,-0.337308980478093,-0.0631195586287309
-0.107534497315011,-0.0837973325191275,-0.0658254143939444,-0.0683578874015102,-0.126042386643294
-0.0889664447951405,-0.0759526253607732,-0.0646524576942071,-0.0649941172292094,-0.0622947331331091
-0.0786252664134868,-0.0712703522563958,-0.0637064268116126,-0.0636024046659336,-0.0620829029741854
-0.0749864607291527,-0.0673933119445992,-0.605891786891535,-0.103433992250203,-0.0618754037180875
-0.0707987028572094,-0.0653768921602786,-0.015417704607721,-0.219029393009827,-0.0618754037180875
0.0589130597585369,-0.0635792804965899,-0.0778755814426811,-0.0624231467871023,-0.0618754037180875
-0.104822634683162,0.0923374329271766,-0.0711424022055985,-0.0622671657322688,-0.0618754037180875
-0.0875341816266415,-0.109631767561908,-0.0678113639883246,-0.345020925127589,0.147885510912035
-0.278511572726673,-0.0900722206763277,-0.065573673271343,-0.0621260021175023,-0.130491854639758
-0.0749720229846107,-0.0805210468847254,-0.0642741693058509,-0.0776466665506862,-0.103007930832285
-0.0706019335017152,-0.0736961491770627,-0.0634914317610091,-0.277644132124405,0.071459503329167
-0.0676548262097017,-0.0698909136055246,-0.0630518173240773,-0.06193874096546,-0.128709786313262
-0.0660154070045662,-0.0672479734015319,-0.0627172634426502,-0.0619067369246552,-0.10215308613869
-0.0647193778179195,-0.0657991935042832,-0.0624534730564989,-0.0603177168356212,-0.0892746095826693
-0.0482932441571785,-0.0684690330462007,-0.0622814819639077,-0.0623722742605586,-0.0801030803663189
-0.0681678252607998,-0.0638186005776251,-0.0621332481858698,-0.0621574258957021,-0.0745842586038701
-0.0655548526581286,-0.0632420358786515,-0.0620418492845575,-0.187115958653137,-0.0705694406713
-0.0642579577607881,-0.0627438459197167,-0.0619568659008057,-0.0620048299376564,-0.0681718732287507
-0.0632944714645364,-0.062436288403035,-0.0619157039534248,-0.0619626152270907,-0.0646185224010149
-0.062783496333297,-0.0621499938875819,-0.0618754037180876,-0.0533426086034492,-0.0653410061830982
-0.0623950747903592,-0.062011266096818,-0.0618754037180876,-0.564286414069957,-0.0640682253526924
-2.28553420549149,-0.0621863538380283,0.216793222906016,-0.0578826227977004,-0.0632158018912029
-0.0643749026643843,-0.0618754037180875,-0.146028062510491,-0.0664702805251043,-0.0626071536174624
-0.0635941067756068,-0.0618754037180875,-0.110967108172104,-0.0646355048427363,-0.0622557459700849
-0.0630839202513114,-0.0618754037180875,-0.0949177637231362,-0.0636846176105115,-0.0620779260669526
-0.0214043706542061,-0.0618754037180875,-0.0830417528819808,-0.0630531360963296,-0.400401445931347
0.0908859378897431,-0.0618754037180875,-0.0765058629243578,-0.0626928143983927,-0.0619149173125655
0.0354792819657478,-0.0618754037180875,-0.0718299467411094,-0.0624443281736526,-0.216274666644379
-0.139362279067931,-0.0618754037180875,-0.0691728824033939,-0.0622765725741138,-0.502052095250159
-0.111096609977147,-0.0618754037180875,-0.0671239657864185,-0.0621587182321328,-0.158558465062549
-0.0947165177603125,-0.0618754037180875,-0.7719037256916,-0.0620642980210325,-0.129236024701252
0.04554275765777,-0.0618754037180875,-0.0670451600375712,-0.0620021750213896,-0.107300636072893
-0.115052456413698,-0.0618754037180875,-0.0651715648961958,-0.0619489783985291,-0.0931455922944947
-0.0951777969123827,-0.0618754037180875,-1.24665650975212,-0.0619177827923602,-0.0834601413451048
-0.0847413557175079,-0.0618754037180875,-0.0652942561020718,-0.556084731237715,-0.0778641462475835
-0.0770432620938604,0.0177937513586705,-0.0635728960470183,-0.0618856558130291,-0.0734644142377145
-0.0723070565281801,-0.0866188632174818,-0.0618795297218645,-0.0618754037180874,-0.0699058520625402
-0.0689537898951415,-0.0760669675322868,-0.0618780666089968,-0.0618754037180876,-0.06755258854322
-0.0668148552733864,-0.0712719593551205,-0.0618767068374996,-0.434460241191467,-0.0654958011343547
-0.0652125606452886,-0.644526776112975,-0.061876048346935,-0.163615770089634,-0.0642189509886157
-0.0625951216847364,-0.254183663835541,-0.0618754037180875,-0.124563568637548,-0.683894912545267
-0.0636345268176129,-0.191090318328638,-0.0618754037180875,-0.104563799087846,-0.107240432020147
-0.0628718751168642,-0.155784429816414,-0.0618754037180875,-0.0895875821155427,-0.0879151620684704
-0.0625191865314046,-0.12606096243611,-0.0618754037180875,-0.0809893609764452,-0.0790637720323607
-0.0622128763840925,-0.107619990825278,-0.0618754037180875,-0.0749350002073183,0.0335637384716545
-0.0620605968577313,-0.0939405201720987,0.202352875662743,-0.0714772955405031,-0.101507320928048
-0.0619214685665158,-0.085650368673864,-0.138871943278171,-0.0687966928646767,-0.0858242976615812
-0.061908891908006,-0.079129164624519,-0.612100434374974,-0.699570777829612,-0.078048309681369
-0.0618993448987599,0.0823449223056979,-0.114068966013148,-0.0693979948781274,-0.375072067030564
-0.0465704835095361,-0.116528790785576,-0.0964184707022751,-1.5924457093898,-0.0716686043238595
-0.0667511536735266,-0.69820603536066,-0.0855725667609877,0.0627037817949082,-0.0685856652949277
-0.0646531652355062,-0.207472649643334,-0.0781296297964106,-0.104192538173718,-0.0666255681622163
-0.0618554407018255,-0.156989477978602,-0.073859494863573,-0.0923432132767742,-0.0652101219911052
-0.0635820459291469,-0.128735412671157,-0.0114742869592083,-0.0380243157460426,-0.0640326221143624
-0.0629646450762919,-0.105885655536268,-0.417047619925171,-0.0864362095328871,-0.0633218506794567
-0.219436378692874,-0.0924923793329946,-0.0856848509166831,-0.0772925442378507,-0.0626870958646591
-0.161136773883882,-0.0843690754527096,0.0813085479556524,-0.0721739564116387,-0.0623996118064537
-0.123003804880779,-0.205134158348561,-0.118622057987681,-0.0688938808442014,-0.0621320312551185
-0.613056104048611,-0.0771021462616253,0.0968738379159029,-0.425327142383618,-0.062002376797916
-0.107236535722239,-0.0720077467444557,-0.13929308321021,-0.0666769933021053,-0.0618754037180875
-0.0936326904503866,-0.0688340641413643,-0.109736996828419,-0.0652924253733073,-0.0618754037180875
-0.0838039386745109,-0.0660578986975639,-0.0945999726413931,-0.0641754475066773,-0.0618754037180875
-0.0843131569595738,-0.0644693248505222,-0.0833991031392423,0.0555053287043345,-0.0618754037180875
-0.0736848465358096,-0.062998272400698,-0.0769552950355847,-0.0991483808224393,-0.0618754037180875
0.197764028176083,-0.0624815397166622,-0.184419333262662,-0.083664822477288,-0.0618754037180875
-0.567346235890734,-0.0619887836912493,-0.0702472492381256,-0.0760977873143697,-0.0618754037180875
-0.221473852084271,-0.349438974254026,-0.067801452857299,0.019032099534453,-0.0618754037180875
-0.172917532353407,-0.0619473367000171,-0.0658465334764092,-0.0954091108517852,-0.525117633824519
-0.138864302554926,-0.0619203248790892,-0.0645605530811646,-0.0819946023483357,0.211576543996798
-0.115048136974561,-0.0619040205100496,-0.0634858527488464,-0.0754100444186549,-0.141304764449237
-0.0985685536294245,0.0469397331005775,-0.0628694524735647,0.144424380825666,-0.576328317382656
-0.0884477056065309,-0.0953445463683238,-0.0622871849851668,-0.130814793598807,-0.113885399364791
-0.0814613505706038,-0.081371681141563,-0.0620792418646445,-0.103818120636037,-0.095904660559064
-0.0757986420212228,-0.0746742942884277,-0.06187556117225,-0.106058428657915,-0.0854737466989031
-0.19814678311995,-0.0699806805160196,-0.0618754816076558,-0.0276598503804066,-0.0780604867449299
0.0440634559374573,-0.0673736850818654,-0.0618754037180875,-0.0906848612005338,-0.0738077948330291
-0.101126403785508,-0.0655891895698485,-0.0618754037180875,-0.079911050471716,-0.0704939239519073
-0.0847566465414958,-0.0645838254610294,-0.0618754037180875,-0.0742540763632999,-0.0678324408974938
-0.0766114765358842,-0.0638161435894109,-0.0618754037180875,-0.0702182111969885,-0.0724035065505612
-0.0707568609201618,-0.0632092638611083,-0.0618754037180875,-0.152471959196804,-0.0645700502946577
0.0936974787223981,-0.0628130081167291,-0.0618754037180875,-0.084170702638967,-0.0636183651719379
-0.114099869524238,-0.0624710062014934,-1.66755608382717,0.0352540339030515,-0.0627294506477491
-0.0933422843620695,-0.0622599880864982,-0.0618754037180875,-0.109079939748695,-0.0622981541870161
-0.0829258397290292,-0.0620636584922373,-0.0618754037180875,-0.0897390395410229,-0.0618754037180875
-0.0754127862174658,-0.0619685428535555,-0.0618754037180875,-0.0802709810087816,-0.0618754037180875
-0.107488522909363,-0.0618754037180876,-0.0633929545764672,-0.0734465762402232,-0.0618754037180875
-0.256829152623936,-0.0618754037180875,0.117999139877325,-0.0697383920495728,-0.0618754037180875
-0.308833199249426,-0.0618754037180875,-0.115845848022482,-0.0671577378742108,-1.56347430083813
-0.0671850294824394,-0.0618754037180875,-0.0938439207479338,-0.0657085179464884,-0.0618754037180875
-0.0642070920675602,-0.0618754037180875,-0.083082622610485,-0.0645873465968391,-0.0618754037180875
0.0642133729625587,-0.0462340323584884,-0.0753987654485933,-0.0637405219403316,-0.0618754037180875
-0.179342703586106,-0.0668408004136523,-0.0710911106663679,-0.0631870366181775,-0.0545541819396144
-0.13477025890469,-0.0645836472510994,-0.0681195890540779,-0.062708858500175,-0.0642061455275713
0.0165287402070587,-0.0637447411414601,-0.0664392162159823,-0.0624136762230505,-0.0632002299055862
-0.127786647787327,-0.0630464084872385,-0.0651508589720493,-0.0621389192903919,0.207677549781525
-0.0939099387678358,-0.241778180681404,0.193086069764443,-0.0620057855019399,-0.134344888873079
-0.0930214003988624,0.123122619528425,-0.13833247003617,-0.0618754037180875,-0.111617356695942
-0.0826017631598478,0.0215927642885354,0.086751396941407,-0.0618754037180875,-0.0952031588146044
-0.0240446140374427,-0.134545194622489,-0.147052653760422,-1.87229882739495,-0.0833900844049278
-0.0880496041478901,-1.06805068628359,-0.115276103827171,-0.0618754037180875,0.0537383694140275
-0.0809160647032511,-0.143979802106254,-0.0984216042879789,-0.0605787329149349,-0.486823153739599
-0.0730752380123403,-0.118811818030388,-0.0859726915005068,-0.0622890521807785,-0.106406207725263
-0.0691621461574435,-0.102104318861526,-0.0789074481590592,-0.0621101739848324,-0.0924507462918635
-0.0667451834462248,0.0525709041495956,-0.0737642764214369,-0.0620270846261847,-0.0819837007423537
0.174154768153609,-0.0122072613033971,-0.0704194530245863,-0.061970472727451,-0.555901917272034
-0.080103801657581,-0.0768882539743693,-0.803833737506273,0.179403585961898,0.106099726644464
-0.120479880859054,-0.124695163168971,-0.0704532177858365,-0.132800434345792,-0.126260074615653
-0.100197613547185,-0.10304187952575,-0.067771817351311,-0.126241141567733,-0.101296226142052
-0.0868430011763987,-0.488340102202319,-0.0653531780722285,-0.0910312481595974,-0.0882386668797724
-0.105356956562442,-0.0898449190896832,-0.0639824620425041,-0.0805914129875186,-0.0786978558696081
-0.0736578063087092,-0.855649931170033,-0.0626767988347442,-0.300531355444355,-0.0732532734706419
-0.0703157164308957,-0.0899072426241567,-0.062272076093425,0.165880468304897,-0.0695508087026151
0.213864409840904,-0.0812373970296683,-0.0618754037180875,-0.142163067475192,-0.0672186366480767
-0.14780563521637,-0.0756336755846617,-0.205877040645267,-0.183626257098165,-0.0641943344636926
-0.113128176709331,-0.0646081796663045,-0.0803404693721775,-0.0980823732471458,-0.0646810185608595
-0.62040062916063,-0.072821654325633,-0.0618754037180875,0.0790580296310156,-0.0637898270313055
-0.101434615420573,-0.0668437808769622,-0.445553483269118,-0.125923878248582,-0.0630953348743791
-0.0891436676644015,-0.0789430344192953,-0.0618754037180876,-0.0444146290747251,-0.0626604590968893
0.0543155367469098,-0.063198359988408,-0.430653638159782,-0.105877214476107,-0.0622787674746246
-0.115125619731442,0.0729203855455105,-0.217008114850567,-0.0898550958219805,0.201969466320959
0.132468763942266,-0.103343727390544,-0.16237390436802,-0.0807486806536345,-0.0801441126555995
-0.148204824100082,-0.0862240522041906,-0.13230412497043,-0.0745387041296628,-0.124830443385141
-0.116024513563578,-0.0779342437258447,-0.104433982823192,-0.241456865692455,-0.103167826932261
-0.0987019783767363,-0.0720763680160552,-0.0959520594875814,0.138262844797668,-0.088877924664016
-0.454985614281401,-0.0688097707527761,-0.085306795704097,-0.127750750262415,-0.0801235929033835
-0.395222687805817,-0.0665627551997403,-0.0791932234490969,-0.101784249965659,-0.0743411050374171
-0.084337291117787,-0.0652938394691329,-0.0743945267144396,-0.232758850059434,0.159917531959402
0.0241780688864629,-0.0643212511970976,-0.0705529816851815,-0.0816154364897518,-0.135423614912528
-0.103910429251391,0.0628560766180238,-0.0680065748076713,-0.0752239472241654,-1.20162485269845
-0.0877188302637865,-0.0909686250560415,-0.0658012017514824,-0.0708692048198296,-0.15560223779419
-0.0737380521530869,-0.294965307275448,-0.0644252115099633,-0.616161796214035,-0.122182642518131
-0.074559708596545,-0.0831197543507611,-0.0631416263927543,0.0433061764871992,-0.10807574103552
-0.0701599619645847,-0.0753925393885991,0.149952874871827,-0.101553732430609,-0.0934351452076809
-0.0669740097386426,-0.0709595566458355,-0.124931748600914,-0.0857945469906056,-0.0848399922835465
0.149163921965809,0.0815921292205386,-0.0995049868613648,-0.260991312544302,-0.0779155589559059
-0.22291915435101,-0.111169406954795,-0.0869552657476805,-0.0739275719064766,-0.072893300432508
-0.105259582934663,-0.0915708436565384,-0.0779185675454635,0.0667186681850324,-0.0696786792506165
-0.0910947022020939,-0.0816662554597731,-0.0728291228043867,-0.108133589071205,-0.0668726259040875
-0.0806065025216052,-0.074634201322295,-0.0693080685251535,-0.0895756238196658,-0.0651206334197651
-0.074680689167058,-0.0705179488197885,-0.0673134714073901,-0.0804111413952386,-0.0634810515072902
-0.253713299026968,-0.0677015956684831,-0.065781251311207,-0.0738101887783099,-0.0626805653657461
-0.0694153720225478,-0.0659974720310455,0.207077014318404,-0.281533431092111,0.166282859562396
-0.067215837195566,0.112990725237271,-0.142388901600961,-0.198703844874966,-0.129216038298853
-0.0655514819684296,-0.116919034191236,-0.110725350485156,-0.149993848472882,-0.102199985458385
-0.0644620256990315,-0.0947335031750779,-0.0947476551578667,-0.123492586413991,-0.0775103616937406
-0.0652949098617734,-0.0836752841951306,-0.0829435809159691,-0.102718744355635,0.136187136658627
-0.0629381134546721,-0.0756963206530439,-0.30766045563781,-0.0903145908097324,-0.138468652684955
-0.062395865008851,-0.0713032177798148,-0.0740810050786769,-0.0813810276074656,-0.109350704682723
0.0858149858273693,-0.0682157682352417,-0.0708427268009898,-0.0761856217234971,0.126596742283379
-0.107603949191454,-0.0664164519766399,-0.0683357382860182,-0.0720305780938745,-0.0950494537622209
0.0744511962443778,-0.0977641848675227,-0.0663325611061646,-0.0688191682149864,-0.128683050786246
-0.249972039787013,-0.0641914283730483,-0.0650168109562536,-0.0666256796554356,-0.113469005811875
-0.125474854490944,0.17279477030548,-0.0638745497808397,-0.064902399503268,0.151313717028877
-0.197075235559858,-0.132349938023119,-0.0631677580054647,-0.0638338730367798,-0.150864391125151
-0.0958151638469132,0.114529984280496,-0.0625084415751699,-0.00647485287841651,-0.14943735139877
-0.0935306147700652,-0.150828335798656,-0.601641347485623,-0.0799770949786081,-0.197007514571872
-0.0783784456406322,-0.469550685369266,0.138257593604626,-0.0720313848412931,-0.145984337869073
-0.0738102785273163,-0.58293230036484,-0.473089463073221,-0.068490996577473,-0.121234302866144
-0.116034954532643,-0.120844182860154,-0.226235596910252,-0.0660437656449253,-0.101893966152787
-0.0679745244542198,-0.104686496194298,-0.0641050755352169,-0.0645938771412909,-0.305533140752273
-0.0661221279188408,-0.092339548573617,-0.168386828741936,-0.0650445794530115,-0.08640583802334
-0.0644890835775871,-0.0841879370803221,-0.13389345984632,-0.0632781701958409,0.101630232005453
-0.0635171407545686,-0.0780432806732456,-0.112810993321644,-0.0628781870736946,-0.127091890297986
-0.0626131612663062,-0.337728453851281,-0.0886478142802796,-0.060908896610236,-0.101789086730411
-0.327852623041961,-0.368252755550969,0.0891579742751211,-0.0628856968693442,-0.0887705875283494
-0.138295099309665,-0.265266027917686,-0.133673831303144,-0.365628598119495,-0.23264547198741
-0.0618952075206094,-0.0678366010462146,-0.107448252528597,-0.0624062533876638,-0.0752370229903324
-0.0618852004249662,-0.0642503922648632,-0.0929449511488907,-0.0621720699630951,-0.0645829312748906
-0.0618754037180875,-0.0683251931792232,-0.0820973332990689,-0.0620521025468765,-0.0696665539831785
-0.0618754037180875,-0.0618754037180875,-0.0754342843223667,-0.0619510648118698,-0.0606118168265274
-0.0618754037180875,-0.0156105081703798,-0.0706240869413044,-0.0619303047922671,-0.0672786973886255
-0.0618754037180875,-0.0764095542095706,-0.0677604723093366,-0.421942148319655,-0.0653634629825382
-0.592206689742724,-0.070216639885649,-0.0656885482199922,-0.0619138292706459,0.160948220032663
-0.0618754037180875,0.129186677556573,-0.0644569322718484,-0.0619023167516738,-0.130623462312419
-0.0655053790334736,-0.128980055935987,-0.0636045750918602,-0.0618923850293811,-0.10249993538842
-0.0618754037180875,-0.0514314004332112,-0.0629750851059094,-0.374798364433999,0.149240020162084
-0.0618754037180875,-0.100916137684507,-0.0625807168357221,-0.0619339239717632,-0.146514559525389
-0.0618754037180875,-0.0803204495956196,-0.0622208226425102,-0.199590904962595,-0.114857548881239
-0.268800047721309,-0.08034684987058,-0.656943831041374,-0.0618969342440152,-0.0980249109672106
-0.0618754037180875,-0.208455551031283,0.0414273197089338,-0.0618888969725608,-0.342470262585787
-0.619774901243355,-0.0717391200835252,-0.0936996838008161,-0.061884495020571,-0.159571487901467
0.195670550910797,-0.0687541032464492,-0.0803925082068986,-0.0618815162147343,-0.0783884996458604
-0.137099084688918,-0.0666856873237001,-0.0791167529775498,-0.0618798472231453,-0.0739153635725665
-0.107214250555735,-0.0652368776679875,-0.0695141145565888,-0.673277383556668,-0.0703288534205736
-0.0922944397508242,-0.064078194585827,-0.054881649766772,-0.0618794209721871,-0.0676400823279885
0.0944614161579826,-0.063324434402334,-0.0692974066351762,-0.06187822435295,-0.0656997354183116
-0.126549983827698,-0.0626824696040692,-0.0666758265521462,0.166664347821849,-0.443166427617908
-0.240495532166965,-0.0623404890897569,-0.0651659375067939,-0.12930364695541,-0.0638560465690335
-0.0939218164437189,-0.214233021231113,-0.056369360841787,0.0534415338620025,-0.0628568809945869
-0.0831089298177745,-0.0762718663593848,-0.0658193405662511,-0.13315206337105,-0.0623690740793108
-0.085002222314606,-0.0618897791445563,-0.0642445455175922,-0.106211569345392,0.171377630533976
-0.0720145991054699,-0.0618825150426869,-0.0634419535559308,-0.310107620128685,-0.131134323216896
-0.0690616091145809,-0.0618754037180875,-0.36449254763197,-0.0866930786204463,-0.103414136711422
-0.0669241788916109,-0.0618754037180875,-0.0627106413238756,-0.0794669621456891,-0.089654336446805
-0.525290344403092,-0.243182993259483,-0.0623628876752758,-0.0741833086647152,-0.0796844882062031
-0.0653485015149016,-0.0618754037180876,-0.062216984518604,-0.0707085311218663,-0.0740557959481363
-0.0638228341935123,-0.0618754037180875,-0.0621134052520411,-0.382010490309569,-0.0701489836665558
0.00186895998242499,0.20228694619134,-0.062027428501259,-0.067667994995969,-0.0679331461315752
0.16342739763826,-0.13885449430757,0.140131113558859,-0.0658383258009077,-0.0662286502275708
-0.144143656622502,-0.108339463036282,0.14337976387246,-0.0550817871856392,-0.0648734726892121
-0.11232631367484,-0.0930792315285642,-0.168819747915944,-0.0661593827983787,-0.0639858148840593
-0.0882537750982799,-0.0819388354586464,-0.615355484336727,-0.661098476291864,0.053156779455966
-0.086261295519343,0.00602845524293293,-0.138698759011809,-0.292509746210454,-0.13487047186789
-0.0783756282228048,-0.167310517469253,-0.11433722039777,-0.220862303265699,-0.105722731402209
-0.0731982383421686,-0.128666896611034,-0.0988166237393684,-0.179941807959717,-0.097313515380872
-0.0700751207731183,-0.108053982984116,-0.0881364787240686,-0.143734789242529,-0.223820522889428
-0.0677230830382773,-0.0924291004781443,-0.0813045286139126,0.0208974593152853,-0.0767374009387563
-0.065914330128643,-0.0830124379480136,-0.074385762719367,-0.142963343921895,-0.0719933617395247
-0.39774409500792,-0.0762347857443008,-0.0720754829115396,0.0308233052849955,-0.256888772086801
-0.0644037772242285,-0.0722955991859461,-0.0688313089619955,-0.142627355928051,-0.119509559480858
-1.37319685763147,-0.06912340577913,-0.0663396002422642,-0.114268477706702,-0.0666363857528543
-0.0648860166796076,-0.0667672530113062,-0.064567338286661,-0.0983794323528263,-0.0652578244040421
-0.0632830214850139,-0.554917956077246,-0.0632185528629592,-0.0858782567440394,-0.359778166830973
-0.120938229091333,-0.0652481579337254,-0.0624022398117758,-0.0784604852853728,-0.0637007531955052
-0.0619507454132849,-1.14012067501251,-0.0619109436917553,-0.428552300079123,-0.470609494184172
-0.0619124428188765,-0.0650168344465691,-0.0619008117926869,-0.0721469086586859,-0.0625412179358873
-0.0618754037180875,-0.0624676435662438,-0.379982562742202,-0.0681304980885871,-0.0618754037180875
-0.0618754037180875,-0.0621834157953847,-0.63721273977497,-0.0660885050281207,-0.0618754037180875
-0.0618754037180875,-0.0620502045369245,-0.0618943904962327,-0.0647727398426483,-0.0619832615898633
-0.0618754037180875,-0.0619883338543866,-0.302820840353871,-0.0643671052991354,-0.0618754037180874
-0.0618754037180875,-0.0619461826837098,-0.0618830341757498,-0.0629310551621352,-0.0617711041120987
-0.0618754037180875,-0.0619230944985277,-0.0618791783809031,-0.0622957523969625,-0.308281457700869
0.164775792114128,-0.0619074694364035,-0.0618754037180875,-0.062083407501033,-0.0618995662439258
-0.128788782292931,-0.0618987145488165,-0.0802852785523358,-0.0746194684720114,0.206170777575609
-0.10193105973314,0.172848913266659,-0.565584781657486,-0.0560913542475759,-0.139893159464019
-0.0886295690914283,-0.130992681490238,-0.0618754037180876,-0.0637177446995503,-0.109007674973125
0.0786669448975713,-0.103326540250329,-0.0618754037180875,-0.0629222147722584,-0.0935461489302652
-0.118828879221209,-0.0895943275697775,-0.0618754037180875,-0.0625521821247184,-0.0886854763107997
-0.0979481537702481,-0.079646705070466,-0.0618754037180875,-0.0622997692245835,0.135462240247133
-0.0864651769970137,-0.0740289975932578,-0.0618754037180875,0.117465082918279,-0.139052204440358
-0.0780943363499905,-0.132445989713916,-0.0618754037180875,-0.115945669363266,-0.106162042631377
-0.0729958820159821,-0.0683086715324888,-0.0618754037180875,-0.0939335957660258,-0.0920109463808079
-0.0695051752311216,0.132802347477583,-0.0618754037180875,-0.0831526838509425,-0.39947901188869
-0.0672741885216674,-0.431401230121165,-0.0618754037180875,-0.0754498329716925,-0.0176870105581064
-0.0656665859971286,-0.113163927720157,0.174508384683031,0.0694343697647999,-0.0312850375031895
-0.064326945783331,-0.198154046135149,-0.13142699467715,-0.110713884792913,-0.646342694946708
-0.0635177138987753,-0.0866087760295101,-0.103600504910597,-0.0913815540084445,-0.104785697809383
-0.0627957847473485,-0.0923265555285671,-0.0897840970441824,-0.0817044941695022,-0.0908346907672213
-0.0624697390882725,-0.0733438489579464,-0.0797710985945033,-0.0746910304542046,-0.0808383454596596
-0.0621674902956246,-0.0700475649412434,-0.0956638213125825,-0.0706622101612808,-0.0790898978230935
-0.0620199004132849,-0.0677588401002512,-0.113409553490255,-0.000299626978972715,-0.0707381573157475
-0.545442900214136,-0.0659325608098441,-0.103927170173462,-0.0869522332049244,-0.0678594224349596
-0.0618754037180875,-0.0647339140996118,-0.0901933269446354,-0.0768554384198454,-0.0659001127363694
-0.0618754037180875,-0.0636940968482786,0.157213716199955,-0.0717282155887024,-0.064336053555338
-0.0618754037180875,-0.0630509288732923,-0.163906455073809,0.208657306811887,-0.0635390244482978
-0.649026050979931,-0.0624511646745236,-0.112921071036989,-0.145626103241395,0.0608419622513713
0.124713397270573,0.064279063622353,-0.0967860655915858,-0.167175132511057,-0.093165155907649
-0.123338603591021,-0.100518630949675,-0.084687290957906,-0.182837364829465,-0.0864799425681289
-0.0952005390940582,-0.0844834261648102,-0.0928413854619049,-0.45664782056408,-0.0778200645444437
-0.0840078554510581,-0.0767557218742206,-0.0725963982118245,-0.137937185104518,-0.0719638036506512
-0.00822352782555269,-0.0713149270649062,-0.06959057491148,-0.114100375642733,-0.536260659580012
0.182254169558868,0.203003704807587,-0.067348379953867,0.101750464693072,-0.0692404216337185
-0.156859637623543,-0.144309351571504,-0.065515249322846,-0.145086999683865,-0.0672307721789134
-0.121800760989853,-0.112457500778647,-0.0555345026550465,-0.115836549527561,-0.065726480174713
-0.102732307653165,-0.0961594975125743,-0.0661524907963813,-0.0994728098630387,-0.064436218450733
-0.0887613335983009,-0.0840991195040073,-0.0644185716808893,-0.0866483407533944,-0.0637750424563657
-0.0787897580932822,-0.0771731754358283,-0.0633735712029591,-0.0789964737132593,-0.0630907684357681
-0.21634706966321,-0.434925284056544,-0.0627543099039622,-0.0730288452877008,-0.0626594935397714
-1.16954846194261,-0.109356513237551,-0.479464507340746,-0.0696153843560411,-0.0622710738815418
-0.0852228678109547,0.0599950372995402,-1.67504110138105,-0.0803619391602123,-0.0620722713808216
-0.0787866837678908,-0.125593046671929,-0.0788963765743286,-0.0650857087606233,-0.061888863232382
-0.136754636877074,-0.101322993456971,-0.0719103530079736,-0.557060126421893,-0.948352443516761
-0.0693845310075606,-1.1194216294259,0.0909196937301241,-0.141283394896677,0.15949458342209
-0.0666308752091739,-0.111186198721864,0.0259665171515008,-0.110138483183428,-0.117676184756883
-0.0588497616568672,-0.0925153059081144,-0.128635057948288,-0.0940930981571794,-0.0980143591808747
-0.0646833498373207,-0.0859946218438298,-0.107864074567657,-0.0825064064794764,-0.0914361859162482
-0.0629096129045682,-0.0793423059284865,-0.0923762048744744,-0.217570907074308,-0.0806936753827164
-0.0625434020831517,-0.0744054188359481,-0.0919846995280518,-0.072765501397637,-0.0747517601759361
-0.0622949239156294,-0.0703679235804774,0.00657764530000838,-0.248403408428231,-0.070591760958334
-0.0621539367024132,-0.0677509963352011,-0.0967060304086246,-0.0687561744771498,-0.0682048763600331
-0.0620607254915086,-0.0654426512991844,-0.0825950923757959,-0.0666243887847653,-0.0664151880508098
-0.0620061147393449,-0.0640998816669896,-0.0768001038497862,-0.0652232992074479,-0.0650184412761222
-0.061968858667014,-0.0628392437120396,-0.0716846839488814,-0.0640063928913011,-0.06408696171818
-0.061939534773168,-0.0623706047407316,-0.0685185194617794,-0.0632531295512702,-0.0632963256378008
-0.061920434363445,-0.0619195295451729,-0.0662633913613665,-0.0625503814801218,-0.0627969723244347
-0.0619039880521695,-0.0619041028902868,-0.0648671591853985,-0.062209469056183,-0.0623436539794552
-0.0618938521973251,-0.0629713272263338,-0.0638324859116218,-0.0618754830105918,-0.0621121885632082
-0.0618844318213188,-0.0618851525533489,-0.063074440087033,-0.0618754037180875,-0.0618954537635484
0.222516398987641,-0.0618802106472206,-0.0626244445438044,0.115034162589702,-0.0618809391834514
-0.144170043761034,0.0816801826811014,-0.0623498741832082,-0.115010633696236,-0.0618755494094652
-0.111766576317399,0.0281940062881806,-0.0621825076442222,-0.0933278631115455,-0.0620524211736723
0.0892238662715032,-0.125951335998266,0.135750746850406,-0.0827312178161641,-0.0618754037180875
-0.495448397770479,-0.102071762178599,-0.120917595621297,-0.0751708259191878,-0.0618754037180875
-0.129668823627503,-0.0884128268400784,-0.0969555939698963,-0.0709340324406829,-0.585601857824369
-0.108872023892305,-0.39572653248674,-0.0852076827871894,-0.0723559253161976,0.0141085886415019
-0.0939371082147688,-0.0783036963679629,-0.0767794795368729,-0.066379984725755,0.145911867990681
-0.547937581465066,-0.0734371486017616,-0.072043847776165,-0.0651081836801092,-0.14167281261787
-0.091565414992476,-0.0703062209461591,-0.0687706546134984,-0.0640997023550102,-0.111114633504341
-0.0802777012464828,-0.067845825258716,-0.066917921982564,-0.0634401070025377,-0.789301801680035
-0.0747416550726359,-0.066031348965852,0.0715989276249261,-0.225089763664495,-0.105382059317599
-0.0647334171072188,-0.064689295693927,-0.105886755735636,0.194315151068658,-0.0921870667376485
-0.0693804458858654,-0.0636771358549735,-0.0880491622713165,-0.137247907828023,-0.0831603000852605
0.106182162216805,-0.451441350346633,0.0589269650023923,-0.107286055417345,0.195192299014243
-0.11599479536027,-0.0626406362311314,-0.113881547015324,-0.0922381492498749,-0.362237171373301
-0.0938452063452472,-0.062130770994971,-0.458809955484156,-0.22097594370259,-0.429377430865839
-0.0829700330768074,-0.0618754037180875,-0.0925322891246888,-0.0772548849515842,-0.126302799344527
-0.0162208805668246,-0.0618754037180875,-0.0820980479540659,-0.0707476777356767,-0.104561281115977
-0.0889332558082082,-0.0618754037180875,-0.0759370407513777,-0.0700623252136428,-0.0913929957706315
0.0936308125676345,-0.0618754037180875,-0.0714910686719647,-0.0676930868971738,-0.0815543779196934
-0.123727834918998,-0.0618754037180875,-0.43572795021119,-0.0658751228834399,-0.0758925188672845
-0.0873333273195434,-0.0618754037180875,-0.0978539241080031,-0.141086689735831,0.167895594670154
-0.0910619547251331,-0.0618754037180875,0.154104304178998,-0.0638058172691361,-0.137815313318011
-0.0806476086766638,-0.0618754037180875,-0.130022230385823,-0.0631256114584964,-0.108463936160091
-0.0747029316185038,-0.0618754037180875,-0.990852275056282,-0.0625017534940701,-0.0931183874801254
-0.0705569450720796,-0.0618754037180875,-0.129389140264719,-0.521722230458798,-0.0820161376549824
-0.0679961792529354,-0.0618754037180875,0.0432760749636973,-0.0619086277315884,-0.623042828705326
-0.33081753177441,-0.266845085936931,-0.134931817596258,-0.731675691638509,0.0569087726405685
-0.0691773412754568,-0.0618754037180874,-0.108485742957096,-0.0619043355654491,-0.125780567864786
-0.0665301992010024,-0.0618754037180875,-0.0948011015966872,0.00582894875492421,-0.10159208202364
-0.06484106240049,-0.0618754037180875,-0.0843879643613085,-0.0831463037737082,-0.0887071825654425
-0.186433669095459,-0.0618754037180875,-0.0774684427834665,-0.0740657118596353,-0.0794016938596352
-1.00710422750696,-0.848156604289069,-0.0727208523997952,-0.629890416044397,-0.073781581933287
-0.0636759899652563,0.169402719912354,-0.0693450369263831,-0.0706729770667184,-0.069892078987493
-0.0627820400518407,-0.130045336887935,-0.123039350347109,-0.0678467902356249,-0.0612167747632922
-0.0625019456648395,-0.102725303180894,-0.0651655765461645,-0.0659103485929042,-0.067952825588558
-0.0622758531632017,0.182891000280853,-0.0639563127592975,-0.0027408295442252,-0.0653129099819945
-0.0708338709035791,-0.155346103638689,-0.0628413863379068,-0.0832933745563775,-0.0642328729093577
-0.0620553464473676,-0.413224067891703,-0.0624993351252806,-0.0729910083233003,-0.063369072957678
-0.0619916447652103,-0.103299869014906,-0.0621808737764703,-0.0706468822143169,0.187925002966884
-0.0619328296060083,-0.797647563318803,-0.103919484010217,-0.0673914256993214,-0.135743257862858
-0.061904174289132,-0.0391201943953813,-0.0618754037180875,0.196641503899606,0.00203440473931236
0.101970955868675,-0.124601553891386,-0.0618754037180875,-0.618122656104251,-0.122764241075481
-0.111310321808376,-0.10519631807689,-0.223958595693026,-0.140136981743994,-0.50168124872304
-0.0910499325390991,-0.0923939882228379,-0.248319374585317,-0.11585160039385,-0.124629296019111
-0.0877791482949015,-0.0915529280338133,-0.0676715665736889,-0.0973609027698386,-0.103107994191258
-0.0742504268112488,-0.0780588365789367,-0.0618754037180875,-0.0853316155770845,-0.0812803146955595
-0.0703003599234073,-0.0711044037606993,-0.0618754037180875,-0.0791580123596887,-0.0757749606701808
-0.0675799746926099,-0.0677644157292628,-0.0618754037180875,-0.0745188469854891,-0.0716443919397474
-0.066042866212351,0.116422340325767,-0.181289889457422,-0.0709134540448681,-0.068847435550663
-0.0648653782540259,-0.118208992837452,-0.0618754037180875,0.100580169474121,-0.0652220075861073
-0.0639322191991772,-0.0950437718395672,0.0800176812794744,-0.116510328754795,-0.0654126885006729
-0.063322082884628,-0.0838768911215707,-0.105553687208273,-0.0945238860683725,-0.0638840973998515
-0.0627947729247317,-0.0759165734280021,0.161445152346815,-0.0835466086517496,-0.0630646645201341
-0.0624692045786816,-0.0713752028962965,-0.148945990681893,-0.0754748988462466,-0.0623027863952065
0.240621149175621,-0.0682869954813191,-0.115763036879186,-0.0709972726708001,-0.0621038118708139
-0.149048892848469,-0.0665081138854419,-0.0985664361043672,-0.06778208934443,0.0892188787152597
-0.114765986664799,-0.0652005040552782,-0.0858829911939638,-0.0661903253621566,-0.107703481617235
-0.0976937015521398,-0.0641634014526435,0.170462665526389,-0.0649711096836597,-0.0888467730229646
-0.55763472226782,-0.0634850041228212,-0.14453330654585,-0.514604693957642,-0.0796934699698784
-0.0874768319311461,-0.483944276944497,-0.113549744893282,-0.0642256445801597,-0.0732069715271185
-0.0794633098762436,-0.832107243614471,-0.0972394217256035,-0.0633690651193824,-0.0695827964104284
-0.661436646245218,-0.0629399500882106,-0.196101501371064,-0.0628405838914413,-0.0670908173750518
-0.078811030831436,-0.0624024336785994,-0.135596946129529,-0.0623480656289923,-0.0570002080760082
-0.0738990736659028,-0.0618754037180875,-0.113805457409859,-0.0621093031336291,-0.0673525524641855
-0.0702389642226173,-0.0618754037180875,-0.0976459449376443,-0.0618754037180875,-0.182865498589939
-0.0672210210618664,-0.0618754037180875,-0.0854976231368559,-0.0618754037180875,-0.63482926554782
-0.0653408819601457,0.12671526189486,-0.0780461386479213,-0.0618754037180875,0.187668570313742
-0.0635760864549981,-0.118290836146744,-0.0728290772358427,-0.0618754037180875,-0.137373643991339
0.193004841494488,-0.0953586337378787,-0.0696097509348487,-0.0618754037180875,-0.107395712504452
0.0879324858800601,0.0722263636260838,-0.375206290703741,-0.0618754037180875,-0.0923912872270121
-0.173541288900797,-0.121886283341132,-0.0666367011059971,-1.47131025774199,-0.0814989338010774
-0.130289692876481,-0.099009196993063,-0.0650518559709691,0.102163064631794,-0.0752322060674324
-0.395156828898755,-0.0361538389710178,-0.550584208969366,-0.111364266779276,-0.614840013459247
-0.103389356874759,-0.0938174633543035,-0.0637259260020396,0.0502822412344304,-0.0733513687161327
-0.090825844018119,-0.0824012381671092,-0.0627953040769965,-0.122362367572814,-0.0701503810879804
-0.0824665395888151,-0.0757091048967405,-0.0623304860095678,0.0622894470666343,0.129882058894712
0.0586670232173008,-0.0713716356107876,-0.0618885033103328,-0.145572716056019,-0.124252532424679
-0.150479569393966,-0.0684302058850946,-0.0618754037180875,-0.106869118135197,-0.0993080382768938
-0.624159584055684,0.185483188745895,0.191564945597968,-0.0927701058602545,-0.086820817537601
-0.125232743123661,-0.0857424364654084,-0.136005522764139,-0.0824085574684794,-0.0776202994210312
-0.014383658364748,-0.122840918071379,-0.106514916647726,-0.0762514412075828,-0.493164455606506
-0.132850217165937,-0.101854840508646,-0.645561955802453,-0.0704896310433462,-0.0724713186841219
-0.106908238780365,-0.0879441112318152,-0.0955648687078599,-0.0694061470811205,-0.0696491987757567
-0.0929508575966233,-0.0794433090262831,-0.0852312988305646,-0.0671442755281469,-0.0674701187265134
0.0887354928737527,-0.0737744980766039,-0.0778908984611628,-0.0653194861014103,0.0788355554406578
-0.12615792428094,-0.0704119155390291,-0.317227412199676,-0.0641845030180589,-0.108240758740314
-0.136455857348596,-0.0680286213910758,-0.0727654432832683,-0.0631841331256282,-0.323326435567168
-0.0814334189909458,-0.0661327797133651,-0.0694170267453858,-0.0626839677814863,0.14634822358639
-0.0828285962270498,-0.0648586993474906,-0.0672047791943661,-0.0723076720278071,-0.14232898692258
-0.0756330380538581,-0.0638224314196305,-0.0652730298729682,-0.120860876221783,-0.11185345065668
-0.0710818046290576,-0.0631286007086876,-0.0582928533349203,-0.0968637697985735,-0.095667375933679
-0.0680532320806471,-0.0625396515689204,-0.0647905318281393,-0.0835962057034632,-0.0841852810578288
0.0333015495417678,-0.448961415611797,-0.0634549496969352,-0.0772186625855319,-0.0773732143266691
-0.0952893449643201,-0.0619497421673223,-0.0625529707351632,0.0626872968193356,-0.0807736429755451
-0.0816649793241714,-0.0618754037180874,-0.0623002639856206,-0.109430807286057,-0.0696945175026373
0.0300003418030271,-1.03999166636205,-0.0621617589030172,-0.204935893128558,-0.0673729837442179
-0.101765070898033,-0.0618754037180875,-0.062067977994563,-0.0838283935486497,-0.0656239039750862
-0.0859591743723413,-0.0604288296770919,-0.00115488249602874,-0.0791149611340534,-0.064377794101737
-0.0778282354760866,-0.118443513303496,-0.0809955480365415,-0.0716969244060118,-0.565719706693112
-0.0722414075819656,-0.0621524282518841,-0.0729000414525249,-0.0684632944991381,-0.0633621065656865
-0.0690151397883915,-0.248324751774089,-0.069065781318809,-1.00153505932525,-0.419080410814398
-0.283104883526987,-0.0620105611830064,-0.0664084368297524,-0.0700621368724121,-0.0623925407072098
0.0680245071603054,-0.0619664775596134,-0.0649403478090775,-0.067339205908838,-0.0505013309458883
-0.105566379640186,-0.0619366410068482,-0.0639378180304622,-0.0653810009601666,-0.0654942668013623
-0.0878533208221993,-0.0619199225408773,-0.0633751329543314,0.0583807888218567,0.119830248817013
-0.0790451396961092,-0.0603525552138103,-0.062945550217718,-0.104321710075617,-0.118110460948867
0.121526507495989,-0.0623931308541089,-0.0626103694364763,-0.0715480833736979,-0.0953184692565153
-0.126267314731393,-0.0621722095526484,-0.062391766452334,0.0685370196318368,-0.0841099069145788
-0.100965660510725,-0.6347199108399,-0.0622033042693476,-0.117510446110974,0.156990337239043
0.149930573007221,-0.0607695603044362,-0.0620870845805,-0.807119015913806,-0.140988628933119
-0.146377206512745,0.177615906492367,-0.214163796993277,0.0477136211387966,-0.109310171867892
-0.114855632105808,-0.132698067087559,-0.0619350843768922,-0.136582609881993,-0.094239824928399
-0.0965317805458195,-0.104435456361076,-0.454071121592643,-0.111113882832189,-0.0830987358057792
0.0945475180605892,-0.0903642063253978,-0.0618754037180875,-0.0956634119462069,-0.0764689826404912
-0.611287071536439,-0.0801586832641756,-0.0618754037180875,-0.0850392359646768,-0.0718721749831037
-0.132430715245747,-0.0742916632529938,-0.0618754037180875,-0.0780415050839236,-0.456912817696502
-0.111770748079751,0.105808851396962,-0.0618754037180875,-0.0729473393215854,-0.06938823381003
-0.0951557588536745,-0.120330344256573,-0.746028759251407,0.0286102748228194,-0.0668679229767502
-0.0849849189531675,-0.0960515333873824,-0.0618754037180876,-0.0971228205140259,-0.0652992038115261
-0.0776721622677437,-0.0861553179386717,0.23053895323852,-0.0828073235247357,-0.0639083371765725
-0.0730337837059489,-0.0775874426727356,-0.146254559764231,-0.0755652147556429,0.207018507367756
-0.06955600811535,-0.0725145095527942,-0.847010919059568,-0.07047557580009,-0.140982535828569
-0.066869949265847,-0.0690486222980358,-0.171522725333927,-0.067496833710581,-0.133047548119037
-0.0652349974584788,-0.0669133325396456,-0.101764214249495,-0.065561720591771,-0.0945915683028851
-0.0637702433389527,-0.0653963780265084,-0.100760629585674,-0.0644938594902278,-0.0829377156364468
-0.0630987995012701,-0.0641580800714635,-0.0885100217057578,-0.0636458185578872,-0.076320656766857
-0.0624746563961204,0.0567111633281101,-0.0815202377471575,-0.0630914647714385,-0.61810452097572
-0.0621708814441937,-0.170653929949849,0.163080330132861,-0.0627301183491537,-0.0743559671489861
-0.31048101222767,-0.12795151392451,-0.140455619247341,-0.0624183146159932,-0.0708941354918128
-0.40749745173843,-0.366038538842381,-0.110530067392674,-0.0622259495873168,-0.0680172769609211
0.0757390703431898,-0.101102823969451,-0.0945742546510663,-0.0620469922322798,-0.0663067541339218
-0.10377247028159,-0.0890268988171091,-0.0830224529867298,-0.253953495534469,-0.0646963999271849
-0.0864513218136566,-0.187895237875313,-0.0759158846037968,-0.0625362353769535,-0.063700290902999
-0.0780776302810789,-0.0756654753642085,-0.0712095848342241,-0.283504420300634,-0.0627711721243273
-0.0721646735797814,-0.0733756394147739,-0.0682549797727958,-0.0621778352432168,-0.0623200655378127
-0.0688680700595597,4.12937174460904e-07,-0.0577955072976971,-0.416348170767396,-0.484284076221957
-0.408211670451586,-0.0890387629062953,-0.0676457404645111,-0.0620574730485327,-0.0618788980041802
-0.0667363761190468,-0.00723977506174201,-0.0656865857110162,-0.0619978349280538,-0.0618779017683959
0.178015835380739,-0.809601867240856,-1.47147176665306,-0.0619644145394311,0.14396550213823
-0.135333919076041,-0.495941276491682,-0.0682463519737563,-0.0619390418430832,-0.123086214609158
-0.217294366865693,-0.144562471007336,-0.0655022309564781,-0.0619190726467889,-0.0983470238768119
-0.0952467534029254,-0.11774521641047,-0.0639972583387637,-0.06513168824282,-0.0861619536169836
-0.0833920488268633,0.021383062064056,-0.0627627586617553,-0.0618949300403001,-0.0774017802621703
0.147258094281186,-0.123918908221372,-0.0527269964595543,-0.0618880060150108,0.0854277294723083
-0.27374224533343,0.0354005196470656,-0.0654208036958634,-0.05308678536482,-0.355771858703828
-0.115083237830385,-0.129338886189645,-0.063950984828183,-0.0646768880075123,-0.104210887527841
-0.0983378660067963,0.0296177937033863,0.0365268905828517,-0.0634666717054672,-0.0906485360973177
-0.0933139282554923,-0.129499345178565,-0.0441904925153375,-0.0629046428686572,-0.610656721437694
-0.0785277546968478,-0.104450198095878,-0.0951295252304435,-0.580898390171463,-0.0839261833316819
-0.0731250449068325,-0.0536556115618825,-0.0826899032957549,-0.0626063177481649,-0.076830197293898
-0.0699886020831888,-0.0921461165372419,-0.102306261575316,-0.0623671272820802,-0.0726814762698111
0.129828580675629,-0.0815365765704183,-0.0710160928802287,-0.0674929997216407,-0.0692998053493813
-0.208776623808689,-0.07510217785269,0.154572332084696,-0.062132484426396,-0.0668461472281105
-0.102547476331526,-0.0707758549428861,-0.131444698047831,-0.7155894665366,-0.0653837813775725
-0.0890278366432124,-0.0680977463188889,-0.104202598624686,-0.0621135969343061,-0.0639262506027789
-0.190373354159431,-0.0659888333070538,-0.0890283060038369,-0.062026626726104,-0.0632012366375095
-0.0749869937420234,-0.0647161737608618,-0.0806820053941142,-0.0619730136895452,-0.0625248567194296
0.0753728792778911,-0.0666125229016539,-0.410269214634867,-0.0619231737721587,-0.0621968316820599
-0.111854633650308,-0.0629941184830367,-0.0740147036919162,-0.0618990354927534,-0.0618754037180876
-0.0922438936758097,-0.0624628720481225,-0.0706251421499223,-0.0618754037180875,-0.0618754037180875
-0.082165131604883,-0.0622128136156316,-0.0680635606628321,-0.0618754037180875,0.157005851130355
-0.0750269816471756,-0.0620119818516142,-0.0660383145238782,-0.0618754037180875,-0.126669124153272
-0.201607887311171,-0.061942246624304,-0.0647676608542205,-0.0618754037180875,-0.112927850291158
-0.068691395811627,-0.0619084712756831,-0.0637194425941785,-0.0618754037180875,-0.0880326996120538
0.0933904409901169,-0.0618754037180876,-0.0630687288617698,-0.397814757020522,-0.00560976864890575
-0.113170025190153,-0.0644154838007598,-0.0624648795163528,-0.0618754037180875,-0.168562020363788
-0.31864361259815,-0.0618754037180875,-0.0621694413062562,0.225249445436537,-0.129205712673895
0.159895165553183,-0.0618754037180875,0.192230337771316,-0.363051627767163,-0.108627065944551
-0.148106343842578,-0.0618754037180875,-0.136187536067893,-0.24043788786573,-0.2621013129142
-0.491273166189824,-0.0630935357242255,-0.106631017698851,-0.186749012406817,-0.0998157597200857
-0.115641840149741,-0.350528302359133,-0.0918872971404668,-0.674711952421191,-0.157663237633384
-0.0980225941335039,-0.0618754037180875,-0.0811533420840647,-0.172952614629276,-0.128184949623344
-0.0900601831780956,-0.0618754037180875,-0.0750768483881825,-0.141141234775815,-0.107329489568872
-0.591541771118813,-0.0618754037180875,-0.0708502683119778,0.00791439162290601,-0.0930356581536237
-0.0833237543498943,-0.0618754037180875,-0.0684506191987123,-0.142375473153979,-0.0834707225392912
-0.0771389781467582,-0.0619997815912227,-0.0510981359566995,-0.115418914799961,-0.0206351624976451
-0.0723688266201917,-0.35239172208631,-0.070019896000756,-0.100685669046828,-0.0897684709955501
-0.0250242426370463,-0.0618754037180875,-0.0669630951650126,-0.874978253875945,-0.0789783828154408
-0.0799114066310839,-0.0645718922248938,-0.0651500430317378,-0.100568053367057,-0.0732403655286883
-0.0723043891539851,-0.0618754037180876,-0.393530649489033,-0.0864919484087232,-0.0688695025020623
-0.0682789098120615,-0.0618754037180875,-0.232644537319529,-0.0769766405521567,-0.305263284628418
0.150612529156055,-0.0618754037180875,-0.173627328766764,-0.0700575377321561,-0.189308917950036
-0.12787372376713,-0.0618754037180875,-0.141115871709453,-0.0661426346424345,-0.00257667182332842
-0.101560829921911,-0.0618754037180875,-0.0283078898779613,-0.036256104712252,-0.154713295409595
0.080114079219241,-0.0618754037180875,-0.130365807109592,-0.0728023318950611,-0.12190920164106
-0.127874034475788,0.193041372499547,-0.106897088692924,-0.0682781416216541,-0.103689916579919
-0.10306016400908,-0.90392782230986,-0.0941699383268923,-0.0658441805518206,-0.0901024821896875
-0.0897162185499671,-0.161227642958965,-0.780763281142622,-0.0642928819609375,-0.0822138198204414
-0.0804573253831703,-0.136878470656331,-0.0934112559803608,0.0237255924474996,-0.0762387907255632
-0.074806605988523,-0.108525515324417,-0.0842258842665216,-0.0897455544539172,-0.072207216453064
-0.23058543990375,0.167718445649272,-0.0770780997325196,-0.0781862708947729,-0.0690749217918648
0.154023676459583,-0.157097139924103,0.0552368372826246,-0.0938740323033622,-0.0666256201692213
-0.132323514685938,-0.123432147486267,-0.10632393709902,-0.068832300491281,-0.0650695928078128
-0.104668157602155,-0.10825262647441,0.0304813991900258,-0.0665998432343096,-0.0636520730089208
0.0423901219645264,-0.0907558323345202,-0.113399220629879,-0.0650553497077906,-0.0628936643955088
-0.119119240730837,-0.261724194894621,-0.12660304324666,-0.0641808951432677,-0.0621650972037934
-0.0975705995361715,-0.078013329993705,-0.0744447013068461,-0.063504441348108,0.196203144973261
-0.0858194259112298,-0.299704374995214,-0.0788310689032888,-0.0629854173908506,-0.137278808827673
-0.325120146823359,-0.392513902242884,-0.0732984989311843,-0.0626385929762324,-0.356762259760394
-0.0760634773706035,-0.0732503392304074,-0.0696376451384226,-0.0623601418245132,-0.101186793162845
-0.0716012664229093,-0.0689480845867994,-0.0674281590192947,-0.0621883736852019,-0.0873232715777249
-0.068915909954818,-0.066377145616833,-0.0658088174218638,-0.0620285949361238,-0.0793937071472232
-0.0667351417819236,-0.267813300319552,-0.0645176576989922,-0.0619511931569182,-0.0738285955895946
-0.354448419606824,-0.0638082844638939,-0.0735604769885676,-0.0618754037180875,-0.356994525015792
-0.0578456544470357,-0.367084675149421,-0.0629994025978434,-0.115756572843692,0.131153517587743
-0.0657172053768858,-0.0624178102736412,-0.0625741826697574,-0.0618754037180875,-0.0369293399498645
-0.0639737129635325,-0.503038179585711,-0.174491609543705,-0.0618754037180875,-0.126890253853382
0.0585921908202063,-0.0621904702212421,-0.125255672168302,-0.0618754037180875,-0.103791447911032
-0.0997814317480167,-0.0620754442545973,0.0556843594000998,-0.0618754037180875,-0.0894561384197235
-0.0839776537780276,-0.219398525976117,0.0360904786564142,-0.0618754037180875,-0.0800580178429805
-0.0748986052804853,-0.0610782723472028,-0.12190066276872,-0.0618754037180875,-0.0741627949850783
-0.348794933234598,-0.0621899022263213,-0.0991775068227194,-0.0618754037180875,-0.0703483390867879
-0.0705413034619946,-0.0620331334044365,-0.40980525572008,-0.0618754037180875,-0.0680181976241583
-0.0677365978312194,0.0366566777442622,-0.0842315187070496,-0.0618754037180875,0.0793137244022459
0.199221838480627,-0.0923698241990428,-0.0772133755461797,-0.0618754037180875,-0.10876994917231
-0.141688651210518,-0.0796063230553222,-0.0749301362674586,-0.0466217677819238,-0.0897592571168933
-0.110474634941751,-0.0734993421091008,0.113849422961385,-0.0667183528994129,-0.0802997708224304
-0.282735983095063,-0.063787336059299,-0.121783088507346,-0.064633641160783,-0.0735110068417317
-0.0903493297377045,-0.0685797567863865,-0.0981658326628903,-0.0636611606916487,0.143889463551884
0.152958426831309,-0.0662246700694265,-0.0861526772753606,-0.0629961517796905,-0.12962089504486
-0.135562315329147,-0.0649679932027789,-0.0774247250475605,-0.0626312265267799,-0.295837639383446
-0.113742481505355,-0.0640346403874175,-0.0103193947203519,-0.0623838952985616,-0.0957110260196185
-0.0971563420214596,-0.0633544964058495,-0.0879072334251592,-0.0622452142217191,-0.0196690784124224
-0.085019177308133,-0.0616079949139806,-0.077863017283983,-0.0621398627432303,-0.0964063762308063
-0.319041213400765,0.173675202854655,0.0557895400109431,-0.0620569080915589,-0.433812460679127
-0.0756400904341891,-0.131992004251809,-0.107430594164471,-0.0620028626476695,-0.0832055661227043
-0.0717807137708879,-0.104032122736984,-0.0238546291453443,-0.788603503886954,-0.0634970564302623
-0.174655119180604,-0.0900584346121584,-0.455236543594631,-1.78968601669398,-0.0756183362495599
-0.172811563545956,-0.0799072610068407,-0.0955230295435277,-0.0812534702870591,-0.382733492523131
-0.131229782511912,-0.074209163578077,-0.0846198691754811,0.0021130868396661,-0.176612087463883
-0.109332304547878,-0.0572497566476439,-0.0768649198465102,-0.0920477235709004,0.146795763609726
-0.0928514548130712,-0.0720847709889184,-0.0723256918680913,-0.0798202385284509,0.0641279429032109
-0.0829794902966037,-0.0686159403162088,-0.0691369482667723,-0.0737630844171683,-0.154647772143886
-0.0761626471420117,-0.0664311544725839,-0.0670090073628126,-1.25478537470162,-0.121346192391686
-0.0720834532547068,-0.0649690116411385,-0.0654610787466144,-0.0793240366292651,-0.101823553291953
-0.0692291299821432,-0.0638821286364183,-0.091441880238974,-0.0926844731620029,-0.148806935179588
0.166523681544844,-0.0631896790718904,-0.0634607569322325,0.194485016257448,-0.0812747959754112
-0.164208252522624,-0.0626241559409771,-0.062781598805086,-0.144446235514465,-0.075376412748637
-0.106618788782869,-0.0623161961097813,-0.0624092182368668,-0.112530228817136,-0.0718258571138904
-0.0918785177871322,-0.0620329855950754,-1.02399496382753,-0.0961765955392991,-0.0689131724906712
-0.0809538365591483,-0.0619860109787308,-0.0621066949894451,-0.0839129650775542,-0.454429157586121
-0.281427650731746,-0.0618214054866647,-0.0618754037180875,-0.0769053028829297,-0.0667504382547053
-0.0724089000709682,-0.0619603589318729,-0.0618754037180875,-0.071839585185603,-0.239615303843544
-0.0696029848202079,-0.0619200730469785,-0.180892261238358,-0.276840859044902,-0.0640612682539483
-0.283445979446139,-0.0619009043595223,-0.110268194561845,-0.0535473915198294,-0.062951884729988
-0.0666747190874631,-1.10408651757692,-0.0904108013767392,-0.0707210089278011,-0.0622368940227214
-0.0652537097615381,-0.0618928003020332,-0.0807505881167512,-0.0523815102626209,-0.0500427435198084
-0.0640259739366393,-0.0618871003148847,-0.0738885515595879,-0.0702586022152521,-0.0656385940919374
-0.0632655525146348,-0.0618839066491542,-0.0700515143256037,-1.37181689158789,-0.0640169538133812
-0.0625580490282514,-0.061881482453552,-0.0674103569764193,-0.0733719916450421,-0.0632611955346779
-0.0622143422267355,-1.76465118050699,-0.0659183575792573,-0.0611212918612347,-0.0627447712100722
-0.390092559282376,-0.061891479500585,-0.241731921044953,-0.068508114603836,0.201953416921423
-0.0618783382075383,-0.0618856079836144,-0.0642570542535062,-0.0661512902478992,-0.139248154321966
-0.0618774172823199,-0.0618819895050272,0.0181375132640039,-0.064840091237563,-0.10864689897835
-0.335487493211255,0.152232616615394,-0.147525250053117,-0.0639098778166409,-0.0933116296746768
-0.0618765835344279,-0.125363284205464,0.0864743111210912,-0.0632428784237411,-0.0821033171507699
-0.0618761651605781,-0.0997733090350791,-0.165611786001678,-0.0628083443819828,-0.432685139218892
-0.0618757763390921,-0.183598960452863,-0.1196822512708,-0.0624649759374533,-0.0753765154164951
-0.0618755880466144,0.141573950678181,-0.101481455689497,-0.0622555315155109,-0.0717988035968826
-0.0618754037180875,-0.137740245602859,-0.0883220340945266,-0.0620661692927898,-0.0690179668156164
-0.0618754037180875,-0.108776318778791,-0.0805492060077492,-0.0619893785703498,0.176876529978061
-0.0618754037180875,-0.0940013627115506,-0.0749472137361657,-0.0619174991212091,-0.0817018265608237
-0.0618754037180875,-0.0275556216192842,-0.0712666000307742,-0.0619025726141958,-0.122324306549316
-0.0618754037180875,-0.0932763879269206,-0.0685960636157178,-0.0618886994043318,-0.10148450523217
-0.0704064257934151,-0.0817331458042815,-0.0663781818318689,-0.0618819809048278,-0.290052430248988
-0.0471650353208815,0.115555872247056,-0.0649542370948681,-0.0618754037180875,-0.200524512567683
-0.0665467334277922,-0.127026067743379,-0.0620460655417849,-0.0618754037180875,-0.0778722279421041
-0.0755474525483239,-0.101623103699413,-0.0634795350382331,0.189837702896531,-0.0734320381851968
-0.113261467170507,0.0289781940794438,-0.0089277648715531,-0.135544472448043,0.186547658628414
-0.0923613426938094,-0.113747492346363,-0.375068266162297,-0.106220449982497,-0.141778278149171
-0.0843380837419508,-0.0961020890365126,-0.11624790772612,-0.084116371658626,-0.11089117705341
-0.074833227583942,-0.0836205623646457,-0.0986423698921905,-0.0832509411636126,-0.094886766083825
-0.0707312983950356,-0.0764104005254583,-0.0841573939836142,-0.0762769017762888,-0.0831718870275319
-0.0678914140369309,-0.323162671400831,-0.0786629728099511,-0.0716387499841711,0.0203649688564755
-0.479395125798391,0.178590478684327,-0.0732746785958805,-0.0689409971868865,-0.157879363533679
-0.0666307229893945,-0.140134686516953,-0.07022031360429,-0.140086340360468,-0.122115302109319
-0.0651403876657803,-0.109800671804339,-0.132423405721686,-0.192350089117014,-0.10326939214799
-0.0781752184105823,-0.108579309043181,-0.155125147387463,-0.144883731581605,-0.0890400929327195
-0.0633398388112752,-0.0829865608237452,-0.119610248532028,-0.119390142901713,-0.489632905747683
-0.573367881189383,-0.0762287941455275,-0.100986352969212,-0.0997329895895377,-0.0811513074434436
-0.0813964912381245,-0.0714799304271094,-0.0872373475807594,-0.0879628812850841,-0.0759108597091101
-0.0622531516589613,-0.0687860861397457,-0.227598510142045,-0.0796788954483405,-0.0716454581345511
-0.0618754037180876,-0.0667861326665779,-0.0753160803472919,-0.0747621341045128,-0.205460849771187
-0.0618754037180875,-0.0687937772182705,-0.0714326347778506,-0.0711814160839328,-0.0668826822273469
-0.0618754037180875,-1.44392760313911,-0.509408764797797,-0.0683074102279563,-0.065066840664279
-0.0618754037180875,-0.0687801018596049,-0.069268720456755,-0.0664091042250491,-0.0639405466108205
-0.0618754037180875,-0.0657006795676822,-0.414225246406731,-0.064763879138217,-0.0827239235523103
-0.911058423917392,-0.0637526931443808,-0.0229170369053511,-0.311389931965696,-0.0623865192532503
-0.0618754037180875,-0.0628053673580583,-0.0785686625161758,-0.0630485868789219,-0.0618754037180875
-0.0618754037180875,0.0317211954762178,-0.071238509464654,-0.508510044189489,-0.0618754037180875
-0.0618754037180875,-0.249461736858932,-0.0677474990231552,-0.0618754037180875,-0.337751541500611
-0.0618754037180875,-0.0815859830877683,-0.0142134322932518,-0.0618754037180875,-0.458034545198194
0.228070873776786,-0.0748172933623983,-0.0799537629283546,-0.0618754037180875,-0.0618754037180875
-0.145614233974452,-0.0700722007627296,-0.0725042270922332,-0.0618754037180875,-0.0618754037180875
-0.112702886576612,-0.0618936027731479,-0.0689189564404744,-0.0618754037180875,-0.0618754037180875
-0.0961367819932234,-0.0673830006908919,-0.066408200214058,-0.0618754037180875,-0.0618754037180875
-1.43569731886695,-0.0656141322573376,-0.0649504501165909,-1.07408730885079,-0.0618754037180875
-0.121773050436277,-0.0644869701832619,-0.0639637364500739,-0.0618754037180876,-0.0620616741919748
-0.104263355114183,-0.0636323554255796,-0.00217563381631372,-0.0618754037180874,-0.0605199740613868
-0.0938577625307393,-0.0630991893311648,0.16786411766672,-0.0618754037180875,-0.0623077880795895
-0.0853830924237184,-0.00677361095251535,-0.144843585863423,-0.0618754037180875,-0.0621208113333748
0.0836281706823963,0.0754801888176273,-0.113036549658604,0.0606385869704207,-0.0620339586168015
-0.121231062099655,-0.118642867841436,-0.0962206549753534,-0.099369543848028,-0.0619747816927095
0.0173296488625891,-0.096313437242858,-0.275993121872657,-0.083790917803049,-0.0619423660785536
-0.120271758953593,-0.0845961198049372,-0.0804472833621923,-0.146460344883287,0.147954831824154
-0.0968321755398329,-0.0765682508365858,-0.0746707711920758,-0.0716847650273874,-0.124225493386321
-0.0851281325951717,-0.0718933726181643,-0.0712243049971,-0.148621179777584,-0.111047818411444
-0.0764166949968839,-0.0687637931470218,-0.0685769148493468,-0.0667574193124103,-0.0869582298752383
-0.0720915075985567,-0.0533202997390023,0.11851193486837,-0.0654394074185368,-0.0778182809187776
-0.0689779075719881,-0.0697279220888172,-0.120128225965437,-0.0525786983249127,-0.0728664994490893
-0.0669501365442571,-0.0667919911052441,0.0247408879900236,-0.0790110444033619,-0.0693299198841246
-0.06549321935995,-0.0651716771257848,-0.00357971568281967,-0.0652910220384729,-0.464912901899447
-0.06429192569507,0.0995494066851766,-0.130716808077068,-0.0640739996015837,-0.0677058659099023
-0.0635240357543844,-0.112418139329561,-0.406987093601313,-0.0632705279332549,-0.0658945888588531
-0.0628379152366558,-0.297277594361996,-0.101902145347146,-0.0627221129843837,-0.064706831859897
-0.0624537606999709,-0.0861857595854551,-0.42582593737076,-0.0624005695063512,0.00671112249938285
-0.0620889354399895,0.0548129257421481,-0.0887333843915154,-0.062167214513608,-0.0849159433042698
-0.0619810506309321,-0.111821675340238,-0.0808989702913831,-0.0620840696032167,-0.0751007793619309
-0.0618754037180875,-0.350786798645479,-0.0757502995498002,-0.0620186092257656,0.159593247325881
0.203687617443177,0.0350988182949836,-0.0715332265813511,-0.0619759645219965,-0.134145667405057
-0.13922501570928,-0.116175172974191,-0.0685250265415614,-0.0619392401137308,-0.442584232363667
-0.108577380857404,-0.0959059058731187,-0.0661467746705899,-0.0619166052578089,-0.209466201236254
-0.0932453620225619,-0.159713281511432,-0.0645220432643024,-0.0618955667923369,0.17033671338198
-0.0820484400600219,-0.0783729764278746,-0.0632426594255549,0.0149581592210669,-0.155953997058086
-0.075700311041194,-0.0732969570151354,-0.0625475275874922,-0.085764424254263,-0.12146066328151
-0.135304619831935,-0.418077910353825,-0.0620994807021694,-0.0756876021324226,-0.10189473201448
-0.0692247128148306,-0.0695413872753137,-0.0648252154434277,-0.0708999970862603,-0.0900335112686679
-0.499249515689352,-0.0669575077573368,-0.0618754037180874,-0.584310527662468,-0.0813169354757338
-0.246314717746784,-0.375247566413995,-0.583485867616977,-0.0735857023993872,-0.554886247642231
-0.113048560236094,-0.0648996244694528,-0.0618754037180875,-0.069271317775158,-0.0772045034280244
-0.168171395141509,-0.0637091280872575,-0.0618754037180875,-0.0879356574532326,-0.0726360404790965
-0.133251884222438,0.197743229634329,-0.0618754037180875,-0.0654878713783558,-0.0688958441462802
-0.112097419507485,-0.138308005485978,0.00055093561141681,0.190223570106078,-0.0666141617748352
-0.0964051547497492,-0.107958485705544,-0.068969205917994,-0.137737291301531,-1.15534893572088
-0.0868381660429629,-0.419856471508453,-0.0778008739537831,-0.107769809781165,-0.0670639916851064
-0.0799858863149362,-0.229260326335151,-0.0719575566892328,-1.91581244742908,-0.064444387266111
-0.07462126176833,-0.171475059906243,-0.73856329602132,-0.191101861362401,-0.0631579511899949
-0.0709516387671158,-0.051580866455705,-0.0703111993928393,-0.159178372721954,-0.061902534917946
-0.0677654589913303,-0.143604210548712,-0.0675830649765773,-0.132445024443882,-0.0618886809564849
-0.0657607590715519,-0.118060074123917,0.107600600220682,-0.116435784506378,-0.06188197177885
-0.0522427145486961,-0.101121303034286,-0.106384478963063,-0.102680835976118,-0.0618754037180875
-0.0666542229245057,-0.0899437225676509,-0.0977345188627833,0.0326866153501938,-0.0618754037180875
-0.0641492891702329,-0.0816895760680698,-0.0855686079950689,-0.118692308625017,-0.0618754037180875
-0.0633225542898801,-0.0664322437684275,-0.0770856616462661,-0.0969477301456639,-0.0563538823100025
-0.0627332313151315,0.0324121552582685,-0.0721670203712424,-0.0851952452970648,-0.063634281283342
0.189370121430747,-0.101751704190447,-0.0687735048739456,-0.0756094829650963,-0.0628747257379887
-0.135899607153029,-0.0855637246097873,-0.0668189167633658,0.0811393102548906,-0.0625214545128759
-0.106501525699602,-0.0771898933236746,0.161568655942851,-0.111807368022501,-0.0622804917278826
-0.0918156687784895,-0.0714896460436308,-0.143818411630219,-0.092012539647777,-0.0621484279117385
-0.0811172004089644,-0.186947982820785,-0.111827193486635,-0.0820476567792346,-0.062059010836534
-0.0750553579520062,-0.0664945646160725,-0.0955122354649782,-0.0748594875558845,0.174774610374946
0.0636455375397285,-0.0651090434121066,-0.010532494715102,-0.0707630616722646,-0.131615702057124
-0.809832212056997,-0.0642002445035465,-0.115238201657086,-0.0678549576801907,-0.103730197377677
-0.120298955688692,-0.0634725523066387,-0.0949669067724008,-0.0661885032077323,-0.0898772620741863
-0.101889045272678,0.159999222442983,-0.0845564611256929,-0.0648694872143466,-0.0798325680026033
-0.0882842012079656,-0.130118425575782,-0.0770002403183441,-0.0638931013261645,-0.074157841915297
0.0820995629418643,-0.102816215093742,0.209181002649091,-0.0632183250566943,-0.0702157665636239
-0.121676689635361,-0.0890884017397037,-0.149253500092878,-0.0627287620494518,-0.0679803660464679
-0.098844779418943,-0.0793695798297503,-0.177681464709791,-0.050145505891645,-0.0683825849532022
-0.0868549748922996,-0.0737677650689187,-0.10960083546066,-0.0660460846090734,-0.0649013317341693
-0.0778720296965998,-0.119118338906164,-0.192536952649818,-0.0642300056963388,-0.064005476137877
-0.229661004905816,-0.295574223897834,-0.142036530146842,-0.478566445398217,-0.0632298288065196
-0.0705210977301849,-0.0707250595070984,-0.123335383079454,-0.0632424740196528,0.13601423300963
-0.204923390054095,-0.0678618338819204,-0.103747309291755,-0.062797534359626,-0.12149815809815
-0.0666501047308436,-0.0659402392607371,-0.0914002673824265,-0.062495867815854,-0.480416483335172
-0.065032356721787,-0.0645163438667233,-0.0822444712586141,-0.0623266920873153,-0.103362254586091
-0.0638570577240086,-0.0636078129565967,-0.0766696575419576,-0.0621981517792326,0.107262995585174
-0.063135302595025,-0.0628683480320761,-0.0722633815181851,-0.0620969240994562,-0.136042164745119
-0.062689373570821,-0.0834011544047959,-0.39388348910164,-0.0620309686330234,-0.108405678243755
-0.0622739709646139,-0.0620963431494716,-0.0683518759566637,-0.104423667460247,-0.0938176342585784
-0.0620726260465444,-0.0620304678742848,-0.380846464396381,-0.0619419102891169,-0.0831233948265145
-0.0618754037180875,-0.0619738135741017,-0.541691671334686,0.180295412791736,-0.0765554641323365
-0.0540445721523191,-0.382000288884667,-0.0604826398078339,-0.133009148130394,-0.0720009648288602
-0.0643679491731882,0.154795679991725,-0.064329098084178,-0.104597104481585,-0.0690442220456169
-0.0632923813009716,-0.126093875172939,-0.0626069678703786,-0.0904748656549626,-0.0669127014078804
-0.0627917794750639,-0.100222432661662,-0.0623429757951117,-0.0802245472549427,-0.185808550033835
-0.0624501178199765,-0.00755875270060752,-0.062157732237047,-0.0607283315603796,-0.0643250435368291
-0.0535920734472063,0.0296747069470196,-0.0620656700151151,-0.0746795549530557,-0.0632327945655744
-0.0648935165307929,-0.186281303350841,-0.0619337070791191,-0.0705789805262321,-0.381252925359262
-0.495171851469302,-0.343266316442342,-0.0619906438106831,-0.0679696504833681,-0.152494102643534
-0.0636467924164471,-0.133154671309068,-0.0619545170437887,-0.0659809499945121,-0.117145983558992
-0.0629995067997321,-0.111511023022747,-0.0619291853408303,0.21614643106591,-0.0990541415578099
-0.0626375479125192,0.110033197790592,0.152623957203629,-0.144766896546009,-1.0449723117559
-0.0623843748974997,0.0424799375723527,-0.125499088602156,-0.380813563610771,-0.105562937375269
-0.0622403607229574,-0.165038547365299,-0.0998611404085014,-0.106428810447992,0.00311449084008585
-0.0621271039446129,-0.130311258611075,-0.0872008930220556,-0.0907913306969827,-0.121464743662102
-0.0620442902738472,-0.108568865315999,0.129075989622555,-0.0816662267938578,-0.095452968575694
-0.940795340697951,-0.0932708201821053,-0.0214079274523275,-0.11896523744593,-0.0848404032259323
-0.0620460024078181,-0.0832389508088067,-0.136614156825861,-0.0722602197424882,-0.0774038924270231
-0.226124114479784,-0.0765766241277113,-0.110832732270336,0.101882988843249,-0.0721587646154859
-0.0619389091820538,-0.0721950065947853,0.114864342360619,-0.117980492547741,0.0291450423102295
-0.0619068201460717,-0.372661818663071,-0.14313536291833,-0.0957947970720163,-0.096000742900619
-0.0618754037180875,-0.0681783440999969,-0.186819323859856,-1.37272316916626,-0.0820141476510244
-0.0618754037180875,-0.0661498832270561,-0.116579486802628,-0.115135327115172,-0.0746663963890836
-0.0620088884266492,-0.552097999523428,-0.0878013645042571,-0.0984108967156155,-0.0700678965439443
-0.0618754037180876,-0.0644915793991218,-0.079858143153868,-0.0867202966145238,-0.0673995690351201
-0.0618754037180874,-0.067185969446626,-0.0743350773383627,-0.0793183975946373,-0.0655919249726056
-0.0618754037180876,-0.176030237013837,-0.070569152844299,-0.074534468801932,-0.0645012313509607
0.242622591574931,-0.051874923598729,0.0522314470102667,-0.0706553208012179,-0.0637183865838559
-0.149372718476913,-0.0650561937499518,-0.224879430071588,-0.0680864166341189,-0.0630826478763659
-0.00302554393380838,-0.0636846161576713,-0.0973816114223709,-0.0658379644587642,0.180108641348016
-0.135145299882845,-0.0630458204646756,-0.0798209477451903,-0.24485443893254,-0.1336187574867
-0.108075538570843,-0.0626095939285892,-0.0732369794131413,-0.0633822983843165,-0.105029909984207
-0.0935351480457885,0.147145048678838,-0.0694181128578298,-0.0626216759718464,-0.0967911244927831
-0.0829629114682006,-0.236976698396637,-0.0668908847474721,-0.0618754037180876,-0.0804822974474615
-0.732415953375243,-0.105537565219099,-0.0653584426067472,0.0425367708874486,-0.0745567411333244
-0.0823495923531041,-0.0911451293349273,-0.0643728272194337,-0.0973633269338869,-0.0704928945654316
-0.076569259335989,-0.0806759280275089,-0.328299382215225,-0.156217108683612,-0.0681868367894755
-0.0724146012154445,-0.0747483142668403,-0.0634490299863267,-0.121349236223393,-0.0664119501246315
-0.0688890877769136,-0.0706211008710199,-0.0628754844022789,-0.101982026257243,-0.0650001952786574
0.136663341422359,-0.0682767496378682,-0.062521377312538,-0.0882970250929452,-0.436350681457963
-0.733099569007584,-0.0665553180462801,-0.207748857579402,-0.080070018704655,-0.0639058577124413
0.0592594304735795,-0.0578553599610728,-0.0620564132574389,-0.0745366277685474,-0.0631880309735699
-0.160103045822383,-0.0663694668388891,-0.0618754037180875,-0.071142369620691,-0.0625183816593664
-0.124756581148841,-0.375067156824846,-0.0618754037180875,-0.0684868270690116,-0.0621936254980298
-0.105221256972249,-0.0642666680892968,-0.0618754037180875,-0.0664628548310295,-0.0618754037180875
-0.846656107534684,-0.0632061719322421,-0.524925166561133,-0.0637619787721994,-0.0618754037180875
-0.11166541437572,-0.0628020775969137,-0.0618754037180875,-0.064296450426362,-0.0618754037180875
-0.0972171852007843,-0.0622034118725903,-0.0601869567556803,-0.0864881295601375,-0.0618754037180875
-0.0874559474812118,-0.060655296913614,-0.348197175957561,-0.0626465969118934,-0.0618754037180875
0.00331050618019062,-0.0828191201129238,-0.208553606717692,-0.0622206409043672,-0.0618754037180875
-0.0987989394851435,-0.0622643122053248,-0.170247075838882,-0.0619399438725255,-0.0618754037180875
-0.0853579749943544,-0.0621334088174217,-0.128600554767199,-0.0619187990148728,-0.552090475322493
0.000521013436532494,-0.0620378032222004,-0.106092204968582,-0.0603787338425018,-0.0618754037180875
-0.0947706457766594,0.219568681678812,-0.092808633264726,-0.0623854091376268,-0.108104682535272
-0.0811493458300895,-0.143481893654209,-0.0832305409785447,0.0054456724327948,-0.0618754037180875
-0.0745181290298236,-0.111326951742401,-0.0776898733350118,-0.0831425314860915,-0.678078885999343
-0.0698982064131362,-0.0951676095119415,-0.0733346248917141,-0.0741570158831921,-0.0618754037180875
-0.067401976612313,-0.0833202337313215,-0.0698157079821746,-0.069892779951605,-0.0618754037180875
-0.020591592142823,-0.0765882455592854,-0.0674864358177635,-0.0669355710566917,-0.0618754037180875
-0.0786425534591191,-0.0718901212307764,-0.0654536209502451,0.165744798629304,-0.0618754037180875
-0.0718386791057068,-0.0692184800028568,-0.064189665984084,-0.453654176710837,-0.0618754037180875
-0.111463928474996,-0.0671570929938999,-0.0663195546538272,0.107736914132873,-0.0618754037180875
-0.0662129704156718,-0.268053336733451,-0.0624374909425943,-0.163387389599535,-0.0618754037180875
-0.0647539014279539,-0.0648957047413229,-0.0618754037180875,-0.126685033661095,-0.0618754037180875
-0.063753094527212,-0.0639107897926211,-0.0618754037180875,-0.106793457705411,-0.0618754037180875
-0.0631740218830758,-0.453334465795391,-0.0618754037180875,-0.114063728728128,-0.0599914742326849
-0.113410881658932,-0.468655062558276,0.00811763903854151,-0.0836393494201581,-0.0624762722898808
-0.0624742331826273,-0.0625890463650314,-0.0837430349806739,0.0546632398427349,-1.16766259349053
-0.00620173634147661,-0.0618884693804183,-0.0744657327096854,-0.0985773540616404,-0.0625412386975896
0.13677916855347,-0.0618841883870323,-0.070093308117642,-0.0968891599928069,-0.0622929035665055
-0.13482584673128,-0.0618817897847326,-0.0670601395537858,-0.813701449776535,0.209866211174133
-0.106465681827663,-0.496242868865433,-0.291205693348158,-0.0933611591942558,-0.141084974116604
-0.0799874105060488,-0.866416962961069,-0.0648415153480596,-0.0828435953946733,-0.109800002416627
-0.0847037170231955,0.0975164152000294,-0.0640371554743823,-0.0759240135451104,-0.31012960966352
-0.0771427844320252,-0.110046079624307,-0.0634236958504115,0.171106647057086,-0.0876919020029024
-0.0723122830692324,0.0652607600712196,-0.369155405062338,-0.138506410629136,-0.079655277789688
-0.0693719356352537,-0.125772611082646,-0.299580344670036,-0.108521316819787,-0.0740076724365909
-0.0672051302519664,-0.101077852067134,-0.0626929314399785,-0.0934111981586912,-0.0622992234767503
-0.0655508860015221,-0.088356160057876,-0.0624033830815973,-0.710644578373294,-0.0709523083501894
-0.064443680943909,-0.0791908580238159,-0.747023437620163,-0.088056195363149,-0.358046475493005
-0.0635361616972112,-0.0739951268122809,-0.0679099033614421,0.0359878835336697,-0.0673685381282804
-0.0629282549340482,-0.070272686813965,-0.0651702180258484,-0.109079361743502,-0.0653669942772668
-0.0624228635964913,-0.0679104068972487,0.0895817811782634,-0.082385686275792,-0.0641594470494233
-0.0621383937721879,-0.0661876380364945,-0.109884769907761,-0.0842283890557968,-0.0630999533324626
-0.0619177888076254,0.0546878322148075,-0.0901318520043595,-0.076415226191402,-0.0625713293042251
-0.0618961460123429,-0.100307969249726,-0.0805841381478066,-0.0715836392025841,-0.0620759299323891
-0.0618856646929236,-0.0844066651015629,-0.0738390133995428,-0.0683351299035013,-0.0620130220988309
-0.683479513431698,-0.0960336143596161,-0.709610095814981,-0.0661512860700754,-0.0619720407079161
-0.0618754037180875,-0.071278065871767,-0.0723804937456054,-0.0647373573373183,-0.0619367490642867
-0.55687204232141,0.143366645990112,-0.0695719822530263,-0.0622667238128558,-2.57502088560733
-0.0618754037180875,0.102447003439246,-0.067391446293317,-0.0634828092595515,-0.0620651247872443
0.0996901289938479,-0.164062724680387,-0.0656706567919067,-0.0628772488324107,-0.0620095318883357
-0.11065982990841,-0.624034224507325,-0.0645239065254485,-0.0625288973978811,-0.0618303138371905
-0.0906508501074411,-0.136454555582667,-0.0635521625553319,-0.0622275648056759,-0.0618984398701142
-0.080913210722983,-0.113016575866072,-0.0629407403385943,-0.181918268830641,-0.0235845816198128
-0.0739936770796531,-0.0977786848205101,-0.0623971525445309,-0.38684221836307,-0.0739500327585006
-0.0701237945108167,-0.0874187598916819,-0.0621336035454776,-0.0619365468920736,-0.0687922663757982
-0.0674596277652363,-0.0805831053985586,-0.0618754037180876,-0.0619105624574578,-0.0663692112179683
-0.0659545212454733,-0.075196467157023,-0.0618754037180876,-0.0618995293128869,-0.0647021917292283
-0.689391415769989,-0.071074981183252,-0.0618754037180875,-0.0618923433133103,-0.0637845978016371
-0.0656378391595454,-0.0681629011805315,-0.0618754037180875,0.162742005509892,-0.0631611566724375
-0.711817018410829,-0.0882007413161012,-0.0618754037180875,-0.128243970609946,0.126583851600943
-0.0650984910509724,-0.0643290787342391,-0.0618754037180875,-0.101586719878149,-0.119101813473734
-0.0639610816499936,-0.063081967822965,-0.0454342725549487,-0.0883913727403382,-0.0959343868945221
-0.0628976420434416,0.119441396974613,-0.0670932633464902,-0.0788574564296509,-0.0845331140905115
-0.0919866264346144,-0.116372398142588,-0.0648480425224903,-0.0750392492076035,-0.0763434241883741
-0.0618754037180875,-0.0941696212846016,0.123888183659094,-0.00714169191405673,0.148693103440024
-0.0618754037180875,-0.0833045624316529,-0.123018986455881,-0.0869721399290829,-0.127296810076709
-0.0618754037180875,-0.0786968246053101,-1.57200263123496,-0.0772305712094745,-0.106993492194325
-0.229586293936314,-0.0712199600896416,-0.165588827664075,-0.0720846269027928,-0.0922787423826431
-0.0633774090974082,-0.0682075789767074,-0.133080577297019,-0.0685389793026937,-0.0816237155068067
-0.0618980591460735,-0.0665038805323977,-0.112960455137129,-0.0663128935391211,0.0351226141236339
-0.248469576046202,-0.0651974534897433,-0.09777063166678,-0.0666797415065532,-0.104332939827211
-0.0618864565810716,-1.29394844769998,-0.088776959062267,-0.0638428602702943,-0.0880921704927595
-0.0618828507513938,-0.0673867080171872,0.117481909466976,-0.151750263978547,-0.072410316866862
-0.0618804106908081,-0.065389539101363,-0.133066326824692,-0.0627179629431558,-0.0754772385731126
-0.0618790435544185,-0.0186186972797101,-0.106264077984963,-0.0624674123497175,-0.0708759385074057
-0.0618780058219688,-0.0772633508194817,-0.09151253393962,0.23238864955476,-0.0678668013317482
0.0665355437437739,-0.0706333102908568,-0.0809689008115784,-0.147027787198342,-0.0660618780018633
-0.135833456612808,-0.0672232094029805,-0.0742596519529879,-0.469686573686625,-0.0646731205438632
0.0416084270647792,-0.0652414694404203,-0.0699615454611258,-0.112055067656702,0.205390456156082
-0.133668078580612,-0.0641497259152287,-0.0671287268237113,-0.554351121669999,-0.141118916459166
-0.10671367025498,0.153452535152412,-0.0656479599249849,-0.0980245485793347,-0.0964515480427756
-0.0924576822969931,-0.127728034236136,0.188003462408844,-0.0869359801797912,-0.0841150718391999
-0.082106847458696,-0.101022228778643,-0.137276370088375,-0.0804956780992036,-0.0891926917308344
-0.0762003323073722,-0.0765524847891689,-0.107435586904192,-0.075402706662684,-0.0221484364208239
-0.0718931318989217,-0.0821789647517992,-0.673007096780547,-0.0712644399093109,-0.0962887789363533
-0.0690350763259931,-0.0753763217437467,-0.0970901202838964,-0.472456857310104,-0.0836456799554635
-0.217378508989797,-0.0709930425086338,-0.0861352237817232,-0.121882875068512,-0.0767183258481464
-1.30080908488899,-0.0683797816318692,-0.0783850226373727,-0.0662287462773466,-0.0716665772456322
-0.0711811412335338,-0.0664988526366339,-0.0740466822060434,-0.0640126890385897,-1.78813793847521
-0.0672910946872457,0.206061260450411,-0.0706673378173244,-0.0629343689988591,-0.0873636047099094
-0.203298487654296,-0.142521373831187,-0.0679526660385227,-0.0618754037180875,-0.0800021312199796
-0.0631952419374116,-0.238994961715005,-0.0661644358816073,-0.0618754037180875,-0.00710786510937742
-0.0625289469745101,-0.0994360844986009,-0.0646075925933881,-0.718130456241373,-0.0898421891824984
-0.0618754037180875,-0.253106424999525,-0.0636429116941216,-0.0618754037180875,0.0140666551862596
-0.0618754037180875,-0.081460012327893,-0.0627419138834527,-0.0618754037180875,-0.100172772625684
-0.0618754037180875,-0.0622175542760175,-0.062304582276984,-0.0618754037180875,-0.196691936009455
-0.0618754037180875,-0.075589471274309,0.145396768942255,-0.00613613289526415,-0.0786513534953604
-0.0618754037180875,-0.0711737709849235,-0.169223896878484,-0.079329277148627,-0.0725949721435699
-0.0618754037180875,-0.0682012019689294,-0.100345704057541,-0.320211285655525,-0.069021571840598
-0.0618754037180875,-0.0662241900973713,-0.0875361670809423,-0.070265688081697,-0.0667868906736565
-0.0618754037180875,-0.0646835902970107,-0.270903708429041,-0.088748047559504,-0.0654074117915753
-0.0618754037180875,-0.0637096704932607,-0.194454204157018,-0.0655366105174851,-0.0643965400884327
-0.0618754037180875,-0.215865706283057,0.00521499875917453,-0.0643445385378051,-0.063576318170163
0.221398994778601,-0.0625370102042784,-0.0896915574271594,-0.0636741767709943,-0.0525125483537656
-0.143877396473922,-0.0620591676064622,-0.147222814142624,0.0460395054707124,-0.0659281878918741
0.145498353809001,-0.0620044496088685,-0.120257654126424,-0.0962693902955553,-0.064217960667943
-0.164797239118627,-0.0619573244669162,-0.101926490119205,-0.0820417432443174,-0.0632924330965921
-0.127139316587607,-0.432930256732527,-0.0900276866888765,-0.0780845412391321,-0.0627403539984337
-0.106965393090539,-0.91061584699792,-0.0817069744731254,-0.0702949446263795,-0.0624404307141983
-0.960527339937947,-0.0619187496992753,-0.0756476603234014,-0.0546483976883119,-0.0622267157517748
-0.113177806980369,-0.0618754037180876,-0.071658145332517,-0.0697458966201907,-0.0621776079224734
-0.0986515964529447,-0.0618754037180875,-0.0682744941456827,0.199244060551986,-0.0620580817819756
-0.0889626475273362,-0.0618754037180875,-0.0662191088229203,-0.142257244115251,-0.0963626598224947
-0.081585302353176,0.177641689099249,-0.0644689459636692,-0.110809702202954,-0.061966514845598
-0.0752999445703093,-0.132272361178695,-0.0634194493922402,-0.0948987492504192,-0.0619332409750539
-0.0711780632829041,-0.104136971687127,-0.0625061559201621,-0.075477218576629,0.15121361225012
-0.0674397387302362,-0.0901557910184086,-0.0621859078032523,0.131982705536259,-0.125107164507152
-0.0652867460337128,0.0953877273676683,-0.0619511405511888,-0.13417410271616,-0.0996121415795094
-0.0632332241986093,-0.125554637141626,-0.0618754037180875,-0.48597073654647,-0.0732231298934843
-0.00885742739716913,-0.101097584639332,-0.0618754037180875,-0.106800115168011,-0.272924277257669
0.133616336759337,-0.0886957963459954,-0.0618754037180875,-0.0915507597827197,-0.0781720426363887
-0.133194339237324,-0.0795746153126092,-0.105415099559209,-0.0825136837836574,0.115677590949155
-0.105408870739292,-0.696920945699901,-0.0618754037180874,-0.0758731196120003,-0.125193558285123
-0.0909265053914301,0.0656865082287381,-0.0618754037180874,-0.0719821591372285,-0.100681703419585
-0.0806958264387402,0.0371431340861893,-0.877773036227486,-0.221593602236258,-0.379726222179611
-0.0747549503869054,-0.137820715521824,-0.0618754037180874,-0.067303455452127,-0.0937309569760038
0.0480627288707994,-0.110161131940997,0.174561692951874,-0.0654053071192209,-0.0775970821124399
-0.104465859078529,-0.0941450002718018,-0.131441393441649,-0.064123277008946,0.1124116139893
-0.0803879980757077,-0.0829372990451081,-0.103609636115024,-0.0633214638146984,-0.123875973379089
-0.0811648735790722,-0.0762592297085385,-0.0897904208263822,-0.0625839361550918,-0.2785122435004
-0.0743130690490233,-0.0717180584350723,-0.0797752474302182,-0.062220414798113,-0.0921176995684411
-0.0702214453404724,-0.0689146777775902,-0.0741188122514647,-0.0618754037180876,-0.0815783729120149
-0.0674213254221656,-0.0666593902734071,-0.31830847300337,-0.0618754037180876,-0.0883196340614047
-0.0656912338874776,-0.0651996833561019,-0.0164336547582341,-0.0618754037180875,-0.0710334109093902
-0.0644817580983404,-0.125770610973686,-0.0888852542110882,-0.0618754037180875,-0.068315697021595
-0.0635483260231427,0.0641403350270204,-0.0784412361594009,-1.6950949137128,-0.0663820023953546
-0.138775609036888,-0.101673349422842,-0.0729001098640452,-0.0618754037180876,0.235868518598043
-0.194265749131766,-0.0851156493067733,0.180612552182715,-0.0618754037180875,-0.150040029724339
-0.601244198153344,-0.0770536411671533,-0.138929038665244,-0.0618754037180875,-0.778197516963326
-0.15116093356579,-0.0714130619356258,-0.108672910299977,-0.0618754037180875,-0.133682434052434
-0.125970680835983,-0.458478802283679,0.167249471445781,0.123766148521543,-0.164307654229136
-0.107162051793008,0.181519278696331,-0.22443638255672,-0.117465286556256,-0.158464221536602
-0.0885848799882677,-0.139017272830243,-0.0755055308031051,0.0970879609061296,-0.0874722220974757
0.0549519921101408,-0.131306338080687,-0.200265122502865,-0.138332518667688,-0.493119198357579
-0.121338432510423,-0.0944328040443315,-0.158515171791127,-0.109203584905638,-0.0828325396721959
-0.0992458905626547,-0.0829990124152862,-0.130149224606588,-0.0940468015158329,-0.0765139301637417
-0.087413120692612,-0.0763021974416095,-0.109689935319584,-0.0829887193328956,-0.0722830872117307
-0.0783102687932073,0.192585019959412,-0.0961473727787559,-0.0766831620690974,-0.068538345138299
-0.0729569424063512,-0.144698075801851,-0.0865747230463604,-0.0721480605828961,-0.0661992923501783
-0.0687922476893582,-0.91131937674005,-0.0796534024748583,-0.0692773179203132,0.0265953370573276
-0.0665455188273362,-0.140334437992393,-0.0742342847167263,-0.0671721397202834,-0.0908944151169373
-0.0646379798918995,-0.114925028614074,-0.0702200152741147,0.0711680568700514,-0.160366719227553
-0.0637733111768025,-0.0990652711868336,-0.0672020620711057,-0.105715812368951,-0.0734506388668642
-0.0632056543731862,-0.0875858760865387,-0.0636127428914899,-0.0876981392801174,0.0214001341511053
-0.0612501679230935,-0.0804478609684065,-0.0640885050549932,-0.0788712057002275,-0.133014065019671
-0.0628850814489567,-0.126154517673977,-0.0628257548871732,-0.0724835324413412,-0.105140435760914
-0.0624065082468651,-0.0711420271579175,-0.328119374365857,-0.158988565963566,0.0382687362984968
-0.0621764002531079,-0.0684335427005675,-0.0620161429019826,-0.0670386133954455,-0.118748937065066
-0.0619831677676854,-0.0660608800491449,-0.0619702391607216,-0.0656456055980964,-0.0975941845755006
-0.0619480172505098,-0.0645861974178959,-0.0619391704765302,-0.0645794368728606,-0.0860134277080391
-0.0619242276958227,-0.0632050009309627,-0.439595001473532,-0.0637350696612164,-0.0780870227108891
-0.061910897822383,-0.0625340184636297,-0.0956127362640133,-0.0631831962594836,-0.0731659759975566
-0.0619007789989681,0.175329780963544,-0.33915536101723,-0.0625944546638401,-0.0695280618433253
-0.439580924972109,-0.131649132761688,-0.233772287445712,-0.0624477873674414,0.0517552348550071
-0.0618932399704338,0.104926337832992,-0.0733430736499823,-0.222152557473117,-0.104441114917942
-0.712069303529728,-0.148003399957414,-0.0706417482213254,0.107597912873119,-0.0883395105138357
-0.0618894032123316,-0.115785116319439,-0.0677771752857902,-0.112964224682694,-0.0792863270424653
-0.0618822546058412,-0.0987763477596437,0.130120155000669,-0.0920673200360657,0.157731640801927
-0.0618787927384237,-0.0862431053977438,-0.123112450357655,-0.0818743025657901,-0.136108188536913
-0.0618754037180876,-0.0189280418843221,0.0780620821975721,-0.0937133995361316,0.052019997493403
-0.0618754037180875,-0.092154984267713,-0.136702412753091,-0.0707200703659939,-0.137424150838088
-0.0618754037180875,-0.0811828187755084,-0.108337631186742,-0.683759567531545,-0.102606076489699
-0.0618754037180875,-0.0750981578703089,-0.0934700485579533,-0.0699950806414643,-0.0963324503048274
-0.0618754037180875,-0.356711593511987,-0.0825660731931284,-0.0677206290545554,-0.0845987438822798
-0.0618754037180875,-0.0697443624546535,0.0709607242551283,-0.0659060282453551,-0.0778275641756904
-0.0618754037180875,-0.0668984309663995,-0.11558014912292,-0.0889256385865806,-0.372750208700026
-0.0618754037180875,-0.0652783882521343,-0.0950381173479538,-1.40650277411232,-0.0724352141120862
-0.0618754037180875,-0.363771231623148,-0.0843369761170666,-0.0664643123628989,-0.0693566052728729
-0.0618754037180875,-0.0635927697608236,-0.0764223289197461,-0.0641287371133776,0.093553112676984
-0.125805736884865,-0.0628311871940051,-0.0718321597970899,-0.0629919645395549,-0.119898235867944
-0.409652430493081,-0.0624825632804098,-0.0684421465224261,0.0335676118475458,-0.0964241060351846
-0.0618754037180875,-0.0622674542961208,-0.0665155342250968,-0.0913578486468407,-0.376241042953556
-0.0618754037180875,-0.0620673142831852,-0.0649382126535709,-0.0789978144142627,-0.0844192547630919
-0.0617597793110772,-0.225946845746575,-0.0639198656132862,-0.0730936752563088,-0.0645074387344865
-0.0619123036721057,-0.295992585430102,-0.0631997044474144,0.104290421634574,-0.0757135384256232
-0.0618963404676596,0.104767038772295,-0.0627169167777583,-0.118239432543756,-0.0712843691915074
-0.320703798128257,-0.11210468526571,-0.280683174921119,-0.0957900750962604,-0.0684577622595131
-0.0618863832116597,-0.0915377721207207,-0.0622063783737283,-0.0846565335334851,-0.209733254556648
-0.0799057561115289,-0.0815146303161415,0.129057807633762,-0.0766189093205082,-0.117617959363552
-0.0621230740270911,-0.0743827025438801,-0.118991054777653,-0.0719530496843357,-0.0952617135966701
-0.0618790860421596,-0.0703913847303496,-0.0957935378595384,-0.0687418589947936,-0.0841024464832423
0.0946864520637153,-0.0676420864821136,-0.0844129527615048,-0.0668240114432674,-0.0759455550155742
-0.109233048483763,-0.0660884688070839,-0.0740882029862784,-0.0653932813130266,-0.0713617973281651
-0.0897772733737078,-0.0648982147224123,-0.120493561646381,-0.0642324738170365,-0.0681114869426333
-0.0803217012964489,-0.0639548652325967,-0.0716949231542537,-0.0635006432584648,-0.0664085915981694
-0.0736114518435309,-0.268662947539278,-0.0688419585861076,-0.0628583230171371,-0.0651172413800511
-1.78340573857934,-0.0630169067231743,0.0786607354626312,-0.0625102834353349,-0.793697574832382
-0.0922413206810214,-0.0626128108824077,-0.325022290821452,0.163277958874727,-0.0650918376137338
-0.0845429708058475,-0.0472774298600107,-0.0969549525432049,0.113787807292039,-0.063903750866221
-0.101235792176623,-0.0668021358371595,0.205987652939777,-0.16652322566896,-0.0631866666849857
-0.0736421475227533,0.106383324266793,-0.436234483178904,-0.360687040544687,-0.0625177127225635
-0.0702206833841714,-0.460790733090556,-0.542191337388973,-0.119792370507349,-0.0621932942697447
-0.0940256107773945,-0.106645661852779,-0.461389045152555,-0.498070618536006,0.101638540476621
-1.82811409314026,-0.027141730286747,-0.14197620326767,-0.102573019729721,-0.111214955672868
-0.0720743110738501,0.0241574281335015,-0.120253534597263,-0.0910074648253638,-0.0909913684990495
-0.0669593246158912,-0.122687948429055,-0.103235683745852,0.130531277200226,-0.0811440095386261
-0.0618754037180875,-0.100311170195408,-0.0928525047868312,0.000829425627325517,-0.0741429226613155
-0.0618754037180875,-0.731548506814833,-0.0841756780124607,-0.147846581705115,-0.0702264319484721
-0.0618754037180875,-0.0955127088571244,-0.077335136584405,-0.118144955117092,-0.0675296022866189
-0.0618754037180875,-0.0856313087110275,-0.0724155557067372,0.113116688778646,-0.146892348143321
-0.0618754037180875,0.0516370127884052,-0.0244417570983064,-0.146345322655956,-0.0650888096114191
-0.0618754037180875,-0.112219320135792,-0.0795434308682567,-0.476374217071613,-0.0640863359207782
-0.0618754037180875,-0.092985768690543,-0.0717384481591107,0.061480489821114,-0.0634306865396651
-0.0609929026224519,0.143436223723831,-0.0714059840154724,-0.145178725582072,-0.269110820285322
-0.108284516454403,-0.1399014685718,-0.0651577544327746,-0.117122911084593,0.211467484315879
-0.062350552678724,0.12384096082879,-0.064093007131609,-0.100019205708655,-0.14179866698432
-0.0621582502079896,-0.158146487383587,-0.0633691576647295,-0.0879043573664013,-0.235726542868787
-0.0620560689277427,-0.122922302445047,-0.0629626909883771,-0.0800201957432912,-0.0986914150083246
0.107664087782038,-0.103916415545759,-0.062653423751122,-0.0741132107050086,-0.0856582798746816
-0.113029444841556,0.148405741921291,-0.0624096082800324,-0.0703597511847011,-0.0782243125482093
-0.0921155891884457,-0.148444581458966,-0.198353077261878,-0.0675573138062544,0.185547699852175
-0.0819107909185707,-0.116571751962994,-0.0621484110968809,-0.065579916650094,-0.14417750275733
-0.0746420101175834,-0.252984319759408,-0.0620516395518989,0.128512963469151,-0.112831075967479
-0.0705703402488874,-0.141001568655249,-0.061961658105506,-0.120778211791392,-0.236807666343983
-0.067687880762045,-0.545377168803209,-0.0627453837184091,-0.0968322948191022,-0.0893928965743716
-0.0662011787546595,-0.116540442028094,-0.0618754037180875,-0.699209822981309,-0.0797212841363392
-0.0587608256760565,0.0575210998899659,-0.0618754037180875,-0.0892892286412407,-0.0740014697269511
-0.0659761243694398,-0.13307363677597,-0.263484567893007,-0.0805710364836768,-0.435664396098129
0.151580694492276,-0.106821356616009,0.144844122999148,0.00978659737792215,-0.070608963476674
-0.127342576653797,-0.261788116018508,-0.334016267765018,-0.0969065084164935,-0.471800697359764
-0.101043098880875,-0.0511610439245841,-0.107284475465808,-0.0836502957182765,-0.0679316608010151
-0.0880211109024099,-0.0890782789067553,-0.0910138782919951,-0.0764623772108358,-0.0863824470331478
-0.0785910824777601,-0.0790802320068702,-0.0818599405084311,-0.0714709066614486,-0.0644295033776699
-0.0732135158695723,-0.0735009715068175,-0.0755222836527446,-0.0682668611893675,-0.0631283771551023
-0.06957705579511,-0.0693495150028344,-0.312089540938929,-0.0661402024499763,-0.0624961366279202
-0.0675069972969909,-0.0667661910328609,-0.0705107903844279,-0.0646708540804249,-0.061876369041598
-0.0659198083834401,-0.0651469181997732,0.0696618366823449,-0.0637349331531429,-0.0618758761107834
-0.0646575459351625,-0.0638847040869484,-0.107704947427093,-0.0629315865129007,-0.0618756374017908
-0.0638316566449019,0.0557473727281117,-0.0893849049450608,-0.0626176460229413,-0.587263343449478
-0.0630079745483987,0.0910267967484401,-0.0800274958484116,-0.0623468293338684,-0.0618754037180875
-0.0627100235997306,-0.137730941513884,-0.0734571710332829,-0.132018699903163,-0.00267850087521395
-0.0622844565194322,-0.109099274547617,-0.0695379343124675,0.175157994105677,-0.107476317587575
-0.0620808539157089,-0.0933566885609868,-0.0669567345167742,-0.131712402039245,-0.072828900941729
-0.0627255768460582,-0.0825018861073376,-0.0653752465443332,-0.103741985250233,0.0443919634564453
-0.0618808320398978,-0.0759982040119697,-0.0643835946405002,-0.226633054528092,-0.110707894035712
-0.0618790049036173,-0.285841517144817,-0.0635995326154437,-0.0824946058670877,-0.0911413521269298
-0.0618780216093258,-0.0707436110362909,-0.0630867175727438,0.0630823237797618,-0.0813242709155208
-0.0618772752360248,-0.0681905378910173,-0.0626450493040191,-0.112928117093936,-0.514349489207768
-0.0618766878999751,-0.0662598913186238,-0.404464486800419,-0.0934867172076646,-0.0753093786261764
-0.0618763053786962,-0.0648820098506783,-0.0622179893270707,-0.0833024182357971,-0.0710332854680216
0.174656166720819,-0.0637969265816304,-0.062044917657777,-0.0758310625852926,-0.0685570786839842
-1.70212896956979,-0.0630381415946434,-0.0529146461330855,-0.0714849064510402,-0.0666142561178404
-0.28087673542554,-0.00200632800614898,-0.0954540123784967,-0.0682989320058431,-0.0651189275076035
-0.234030635570119,-0.0809832983188577,-0.0473166414651598,-0.0664470040924286,0.165097274173401
-0.187134244950012,0.168877030800262,-0.0679744374971677,-0.0649344448648761,-0.130654509389783
-0.156084542668536,-0.138820793994388,-0.0655246398772803,0.00842005078248841,-0.103160112374073
-0.130604226827363,-0.108690446394829,-0.428772160222943,0.184895878239435,-0.0893592014660669
-0.0213205624404131,-0.0934373074562157,-0.0640583868077212,-0.331447991752712,-0.079442049378645
-0.128056513465551,-0.0979120956938028,-0.0614649469481622,-0.440279837109736,0.169611571587284
-0.0335855242287061,-0.076202386835732,-1.66990789035189,-0.124788031119871,-0.140100016875355
0.0103035068961992,-0.295878035687247,-0.0672590004085844,-0.103768291727303,-0.110280393079479
-0.0586422094788866,-0.0708308459157669,0.0794193634662883,-0.0909836322673599,-0.0948068112386324
-0.125607660073128,-0.0683158033342728,-0.108157047396144,-0.0821538904338351,-0.0910998742100252
-0.102178319944685,-0.136702093178917,-0.0893923902737192,-0.0768434254569122,-0.153429180289085
-0.0883460257728848,-0.226687011158621,0.021849072148828,-0.0726531406725328,-0.119526201666206
-0.0784908194669265,-0.0643060386913334,-0.104059502685885,-0.269695061125249,-0.10181044555689
-0.0733743177085737,-0.0634232766687754,-0.0877147246278188,-0.243340356320779,0.0781437506793802
-0.0700462042627643,-0.0625952054695216,-0.0790961793161641,-0.0667384607006896,-0.128222180383739
-0.0676842434923104,-0.0622316674969179,-0.0732609138097791,-0.0649279645670033,-0.101940626086819
-0.0647388532391929,-0.0618754037180875,-0.0697641551970726,-0.410902395426135,-0.0907056985254544
-0.0649694580029492,-0.155906138191104,-0.229557282522602,-0.0628189226127666,-0.080974688596659
-0.0638648184422228,0.16686519950661,-0.0595495581385206,0.0529332499949861,-0.0748022926543017
-0.0630579210449295,-0.129356736040039,-0.0672008716566943,-0.34866476319999,0.208802082224339
-0.062388814377109,-0.279598541879308,-0.0652395341124366,-0.0899361798610579,-0.147806024143893
0.0502062080433211,-0.0948265487440469,-0.0566170419444034,-0.0794097902374693,-0.54681908090513
-0.0972120591523142,-0.354098428261699,-0.0654659688823794,-0.0730228796925143,-0.117443801967243
-0.0824816154464885,-0.0809554824150564,-0.0640307071239327,-0.0694567994956967,-0.0984944951940579
-0.0754144903880107,-0.0748970060932592,-0.0632082590029798,-0.0670051886254085,-0.0869989621131889
-0.332012391227565,-0.0714383737220393,-0.0627068116789349,-0.0656210901220708,0.0600642741882932
-0.0693628880714154,-0.477909950134638,-0.0623709856444972,-0.0646891888689745,0.0160236486319656
-0.067030734408966,-0.0690460747130213,0.212416078167006,-0.0637231464227493,-0.761397207353153
-0.0656341895258454,-0.0669423273163409,-0.141811935677231,-0.0631747981504472,-0.148191933987712
-0.0645680900787469,-0.361941023862822,-0.110269310627776,-0.444320262341939,-0.121857490834567
-0.0637264689078554,-0.0646956674298126,-0.0944334756496263,0.0430863591050486,-0.1028523796939
-0.063306550602446,-0.0632653181183185,0.115489818486417,-0.0947795800543841,-0.0900165199341992
-0.0627016330249619,-0.0626340708040944,-0.133495030149069,-0.0810110602347072,0.0590910306213088
0.116030598573303,-0.294538678166333,-0.106288381726029,-0.0743165158084408,-0.0364252955711713
-0.11868371453796,-0.0618813316107746,-0.0923816552925939,0.117973815548326,-0.118948549949349
-0.570406634613626,-0.0618754037180874,-0.924899901901164,-0.217261108246823,-0.0988098574746486
-0.0980034955304209,-0.0618754037180875,-0.094460930285559,-0.10235480124746,-0.0863279840195289
-0.0854420689743446,-0.108496341422638,0.0777577828147897,-0.0892228611224315,0.0916457749635883
-0.0779072602502853,-0.0618754037180875,-0.00660269872321506,-0.07964526996489,-0.122510657508166
-0.0728005097005949,-0.0618754037180875,-0.137007935271083,-0.0740532354262848,-0.0990811421823457
-0.0698021662132318,-0.0618754037180875,-0.110242542220176,-0.0701881865421942,-0.0868998435414804
-0.0676752925656856,-0.0618754037180875,-0.0928222703196374,-0.067872499345208,-0.0780594046194608
-0.0658711885374047,-0.0618754037180875,-0.0760282213952985,-0.0661418067443014,-0.072995427940927
-0.0646895910599446,-0.0618754037180875,-0.903279632491895,0.0639995554744366,-0.069407785256197
0.0868979842953549,-0.0618754037180875,-0.0877158519835595,-0.102991716885834,-0.067256829055724
-0.108552763846534,-0.239989447581743,0.0616204623619866,-0.0860449455693147,-0.0655961866203006
-0.0895697139463043,-0.470512642506983,-0.11603125095656,-0.0778036527134502,-0.0643306324491809
-0.0799093357518922,-0.0691685008568574,-0.095376597452451,-0.0718869221975207,-0.11644844893636
0.189004424003401,-0.0660371049531464,-0.0843402601942266,-0.428800309307916,0.0731135308024992
-0.144711207276878,-0.0645729223375642,-0.0763425032129697,-0.0682376240408741,-0.103916045481078
-0.11282398153454,-0.0635696348363355,-0.0714564071428588,-0.0665259630893251,-0.222343674291495
-0.096601595951441,-0.0630185276024875,-0.0680438778656777,0.0691054597806562,-0.0804334778289874
-0.0845766691019042,-0.0626447074070557,0.0710843671591491,-0.104907446118666,-0.0735723684914831
-0.0774977927463058,-0.0624350210341718,0.0751983988522283,-0.327256873081405,-0.0698341522641426
0.206814449580162,-0.0622756626212912,-0.139376468129503,-0.0833336800789002,-0.0672622251959679
-0.149197291335912,-0.062150142164046,-0.110681797580665,-0.075585263269845,0.0551589659126467
-0.11597755651868,-0.0620683502942879,-0.094404377835629,-0.0710682699011845,-0.101510897932837
-1.11523599622632,-0.0618773993871846,-0.0832806539987583,-0.0680321704470383,-0.085398373399646
-0.129376065647889,-0.0619929154996631,-0.132264993553581,0.21069734447655,-0.0774739064862776
-0.10957588259764,-0.195157185570235,0.134770295527057,-0.144782619045016,-0.0717869544448475
-0.0951570379834129,-0.061913376450435,-0.223817006059896,-0.112484432418604,-0.237427557009897
-0.0860953794661641,-1.09619784732188,-0.108762190129342,-0.0960909421222715,-0.0671308948071318
-0.0792390141280449,-0.0618945344838597,-0.0931124428560333,-0.224646997683938,-0.0656396761546883
-0.0734709031041357,-0.0618882663110448,0.119603528337683,-1.18341527162996,-0.0644627857440088
-0.169431868936886,-0.0618847542884513,-0.133939195129042,-0.0978008427396097,-0.0636546689284084
-0.0616853389978142,-0.0618820884347517,-0.114493780351972,-0.0885848432570623,-0.301986872437956
0.0305969940805934,-0.0618799905973938,-0.09244595430269,-0.0810422890010843,-0.0628849945751233
-0.265668007118851,0.219403106807021,-0.0818994010429924,-0.0752429464190609,-0.0625275252432208
-0.203418198843217,-0.143358671485147,-0.227401510591681,-0.0713690601504856,-0.0621946820577345
-0.0901349564888091,-0.111241654157538,-0.0727874787412247,-0.0624429246624898,-0.331292940390315
-0.0800291680947032,-0.0951101509333951,-0.069665264049111,-0.0675537365043964,-0.0618754037180875
-0.0742945950741934,-0.0832807338644165,-0.197214743878537,-0.0648038336657924,-0.0618754037180875
0.0798125282634896,-0.0765599933151756,0.162396698570397,-0.0634791523419726,-0.0618754037180875
-0.112959945503203,-0.0718710846524017,-0.131619006783937,-0.0622820927449862,-0.282550438479751
-0.092909650830259,-0.0692050009391598,0.113578125248678,-0.0621495073443794,-0.0618754037180874
-0.0826171080126212,-0.0671484140184543,-0.150222569198868,-0.0620597369148649,-0.0638658691228609
-0.0769274650786752,0.161747025567996,-0.117109743365143,0.187620778542076,-0.0618754037180875
-0.0709664900969468,-0.131133894830846,0.0536251285530446,-0.133850991024764,-0.0618754037180875
-0.0679945542432029,-1.85891799927702,-0.136479814008514,-0.342899968796052,-0.0618754037180875
-0.0661447251302309,-0.234254651911287,-0.106167916732026,-0.0997031549446127,-0.635059307049397
-0.0666987608215873,-0.233278775925777,-0.0922346579482905,-0.0863389286090487,-0.0469773679266307
-0.246295941189988,-0.16011070811043,-0.0894915191009437,-0.078691364037031,-0.0666060252025442
-0.0634835240313911,-0.132329065269745,-0.0764639080977969,-0.0733385292649952,-0.0645694285176214
-0.0628975042954539,-0.116383046954406,-0.00828434307579255,-0.0702843617037845,-0.063619495354836
-0.0625356124030331,-0.0475321552472442,-0.0884359943377155,-0.0679272411174262,-0.0629699653126516
-0.0621986434741179,-0.107111753452387,-0.0779454675868981,-0.0660505294562538,-0.328095369939394
-0.0550038514830564,-0.0924121485022924,-0.0724559459267208,-0.0648168300816988,-0.436641113565315
-0.0641506091298249,-0.0818766748867546,-0.248500224060836,-0.0637484187156436,-0.0625602634437454
-0.0631686058731015,-0.0748697873591148,-0.123446774506744,0.00201422494139515,-0.0623652932333643
-0.0627116472079162,-0.0691152038074698,-0.0989624222837746,-0.0827636386419411,-0.0622116902000157
-0.0623998278763627,-0.0660093449381367,-0.0866972425756033,-0.225890674802785,-0.0621115873535163
-0.0622288942793176,-0.063343726085241,-0.466890537316684,-0.0707860442308447,-0.0620253506464008
-0.0621131399807655,-0.0629252724859481,-0.0778846255705934,-0.0674993106993683,-0.308104793026156
-0.372289739817439,-0.0625959529500322,-0.0612510734286058,-0.0656824735426645,-0.247547940645747
-0.0620439584938157,-0.0623807649466279,-0.0734309671880784,-0.221471714924876,-0.0619114888212019
-0.0619910774221965,-0.062196315208793,-0.0696158204216277,-0.131953007803267,-0.0618754037180875
-0.0619566294215036,-0.0620825715016375,-0.0670431231969875,-0.104370892584321,-0.0618754037180875
-0.0619269653006042,-0.0619767993396918,-0.233495564489034,0.0985899285721381,-0.616585965068508
-0.0619086824631468,0.134600172609612,-0.250975073903497,0.0388738056108139,0.228067069769354
-0.0618916894650074,-0.120503420213666,-0.0673010486190256,-0.154157428973674,-0.145683905145014
0.107352838779917,-0.0967345513684548,-0.0652090198089971,-0.121967930383845,-0.112748112801564
0.0418284591609086,-0.0850566212924212,-0.0659295269585975,-0.102806640723279,-0.0961685920613294
-0.135705816333754,-0.0766816627502847,-0.0722975963666722,-0.0895262147670937,-0.0839819972544448
-0.108575114242308,-0.0719763132011719,-0.0630928735893088,-0.369850930200658,-0.0770503294451584
0.0508339767980906,-0.0687244695685631,0.131161834012,0.0543671430936046,-0.0722091350952153
-0.170684206563651,0.0386993924770613,-0.204073836303837,-0.114613554856699,0.218638790523039
-0.131539969823063,-0.201550404818104,-0.0882996685625673,-0.0946596377883329,-0.149574545452879
-0.110314741053792,0.111775098966616,-0.0905330868221046,-0.0838398277328213,0.0754554273085436
-0.50407987260334,-0.134434390951304,-0.0800331330106495,-0.0760842302431954,-0.667953412408906
-0.0964454837115578,-0.106381355349457,-0.0742369132291115,-0.0712652706711053,-0.158365216591023
0.0894641102262257,-0.0919425053057946,-0.0701975639906847,-0.0680310420312696,0.0801046690531137
-0.130131469583009,-0.0812640243390126,-0.0679125983246823,-0.360267590263473,-0.164463359251671
0.0661671810792661,-0.0753781942120628,-0.164169065976544,-0.0655402049350979,-0.130505996189643
-0.139075485403642,-0.0710536378368408,-0.231633330163479,-0.0641862632297518,-0.108576680217065
-0.888881974267763,-0.0685166308898842,-0.0646120408976277,-0.0635011190088095,-0.0954871557459646
-0.134569914191832,-0.066631571271452,-0.0636297170452126,-0.0629087023139164,-1.19655815369737
-0.111015280754694,-0.0651012347316713,-0.0630196004745943,-0.0625428517281325,-0.0657777155125733
-0.0963777944375833,-0.0646977042977861,-0.0624545216518551,-0.06220218962742,-0.112198732046679
-0.0858370398032072,-0.0632389838915777,-0.062174831162201,-1.00317391549915,-0.0948419712955038
-0.078549948227651,-0.0627265992274027,-0.278920233212139,-0.0618754037180875,-0.0838842650464367
-0.073898945609529,-0.0622443326089223,0.0952308289601468,-0.0618754037180875,-0.0750831707489873
-0.0700111478926641,-0.062058170538234,-0.109391133336077,-0.0107574142798641,-0.0701826045539273
-0.0674874636930763,-0.0618758644008473,-0.0898737656046382,-0.0767193434961724,-0.0666024623059367
-0.0652216207053509,-0.0618757010382791,-0.315329035177354,-0.0714588178860786,-0.0646180612132854
-0.0639228264301555,0.227133023395003,-0.0767962846340904,-0.068084810176284,-0.0635165441201274
-0.0707961883759406,-0.145370704761286,-0.0720554960576366,-0.0657907619738982,-0.0625071227898045
-0.116271699297213,-0.112544808276859,-0.0687786210850389,-0.0645153963837231,-0.0623155111904121
-0.129596306942763,-0.671416412824888,-0.0669237828010557,-0.0513148033069931,-0.0621536778239258
-0.102441293126446,-0.101349959053075,-0.0638139206565538,-0.0670781953286552,-0.0620523377907537
-0.0889820821989763,-0.0893784146939767,-0.0649051961961101,-0.0724122262553149,-0.0619619998867406
-0.0792452737075203,0.170730083823822,-0.0639353747008044,-0.0639715222807064,-0.0619182439569594
-0.0737509756654212,-0.14718962027842,-0.0631886196145355,-0.0632391253520191,-0.0618754037180875
-0.0934730859876963,-0.115555964554468,-0.332506074035087,-0.0627787502235089,-0.0618754037180875
-0.12813285556247,-0.0985183532601973,0.241526359698229,-0.0624754046329321,-0.0618754037180875
0.0559005136616187,-0.0780904970536839,-0.457881840863981,-0.062268974398095,-0.0618754037180875
-0.134210560730147,-0.0807435778773412,-0.135074827503697,-0.0621367269177192,-0.0618754037180875
-0.107142717162989,-1.22559279592827,-0.112181457667796,-0.541023631503286,-0.0618754037180875
-0.0926275097080251,-0.0894382248091194,-0.449659898424213,-0.0651972478784497,-0.0618754037180875
-0.0821298161968905,-0.0810965513175195,-0.0945105342741965,-0.0619825242101688,-0.0618754037180875
-0.0759447623892568,-0.0755237682954411,-0.0844304372028246,-0.061944544313218,-0.0618754037180875
-0.0715774333033303,-0.0705875026951461,-0.0785952536429578,-0.0619092402195594,-0.127326000610416
-0.0686659067836322,-0.0675302025888101,-0.0739986368657966,0.216350964339971,-0.0618754037180875
-0.0667262685455772,-0.0655888374034972,-0.0702784291203776,-0.14256196350525,-0.0618754037180875
-0.0651266688530916,-0.0637926331334489,-0.262836621132129,-0.110726629384436,-0.0618754037180875
-0.0641007179895484,-0.119640794434597,0.0551873302245979,-0.094648872145058,-0.0618754037180875
-0.0631848093777052,-0.0620317834312202,-0.101864181467676,-0.0830724943327873,-0.0618754037180875
-0.0716362519452969,-0.0619763426181904,0.0599765102323319,-0.0764112294474145,-0.0618754037180875
-0.0621798801627082,-0.0619248030632346,-0.64511452591371,-0.0717680768736618,-0.0618754037180875
-0.0620260566646721,-0.0556292139522362,-0.121279492165059,-0.186084311231505,-0.0618754037180875
-0.0618754037180874,-0.0638723990108817,-0.102639274063967,-0.0677411806401114,-0.0617685512126659
-0.0618754037180875,-0.063010226458753,-0.088779671631432,-0.0659202405564621,-0.0602573103518145
-0.0618754037180875,-0.0626091361307312,-0.0808058273407276,-0.0647253029901812,-0.0624217297837103
-0.0618754037180875,-0.0623355028509019,-0.0640884633802704,-0.0636888386385419,-0.0621870279234439
-0.0618754037180875,-0.0621855189938399,-0.107106564355237,-0.0630476100808136,-0.0620765106975064
-0.0618754037180875,-0.062083960834405,-0.0709534153513749,-0.399310573414559,-0.0620018250375387
-0.0601511924289363,0.198454512567458,-0.0679686443525247,-0.0624226451865496,-0.0619605827329097
-0.0624253609884058,-0.137969141724402,-0.0660033921915187,-0.0522531051732196,-0.0619328707896648
-0.0621875707489437,-0.100953197192659,-0.10207910479554,-0.495834775374485,-0.0619171504103663
-0.0620771021530672,-0.300600257444423,-0.0635402563748897,-0.29516769116852,-0.416644990589141
0.23475751626772,-0.0877560548536971,-0.0612371216589623,-0.214237609703945,-0.0619045808536618
-0.295611066153714,-0.0796516885264298,-0.0628046130916521,-0.160073465258176,-0.0618958049779923
-0.312633254990072,-0.0739539428110139,-0.0622817332971553,-0.130903529529935,-0.0618883622214232
-0.111913992885458,-0.0707096022616263,-0.0649245263130641,-0.107757408946452,-0.0618836861499241
-0.0945652324471604,-0.0682152393796192,-0.0620463240692283,-0.0940691804031154,-0.0618794581984497
-0.649643451931189,-0.0662615960830043,-0.6272690033383,-0.888954599906785,-0.0618773472712421
-0.0893462847971866,0.0849889499062485,-0.0619962141102262,-0.0991290003467326,-0.661697787229826
-0.0749955564782759,-0.147983308966017,-0.10415579833259,-0.0893747545399009,-0.0618754037180875
-0.0790141907830899,-0.106870013786145,-0.0619215668999856,-0.0811623118602444,-0.979958399190983
-0.0719776597745657,-0.102369942496999,-0.0619070807512835,-0.0756220771592036,-0.0618754037180875
-0.0705377349490181,-0.160125613804278,-0.0618976456388907,-0.07066521227619,-0.0618754037180875
-0.051223171675627,-0.129106589639407,-0.0618895220734249,-0.0675717071881146,-2.82916730835019
-0.16516600466174,0.0373500143043441,-0.061884515670276,-0.0636848281552815,-0.0618754037180875
-0.24478356420663,-0.134959107044609,-0.0618798627887772,-0.0635546238845004,-0.0618754037180875
-0.201836305307246,-0.10946461234506,-0.061877609542322,0.0492757854390903,-0.152396143873171
-0.153788645102267,-0.0951138791014537,-0.0618754037180876,-0.0961810305897506,-0.0618754037180874
-0.118875830215121,-0.0846508065645698,-0.0618754037180874,-0.0818822987351664,-0.0618754037180875
-0.108741873378217,-0.0775623877057657,-0.0618754037180875,-0.0750169800450896,-3.54342406698061
-0.095437964217923,-0.0653729612799999,-0.0618754037180875,-0.0702021316427619,-0.0618754037180876
-0.0856469004028196,-0.0714501113096651,0.215298399760641,-0.0675266115964132,-0.0618754037180875
-0.0789750787272067,-0.0680917782181331,-0.142281763622303,-0.0656939364105727,-0.0618754037180875
-0.0227214812898644,-0.0656329597878188,-0.489921734841853,-0.0646598069629876,-0.0618754037180875
-0.0859552772490739,-0.064264313284484,-0.110100171092414,-0.216784846980743,0.0522031682167675
-0.0234470571392701,-0.0632125175811141,-0.0933275592490318,-0.0673659190982425,-0.096889434944685
-0.0875974260240736,-0.0626947885822907,-0.0836384543543258,-0.0630027200359366,-0.0823005933984716
-0.0772336417363567,-0.766698756717652,-0.0767784652251149,-0.0625910819581369,-0.0741087935078662
-0.0701315949000131,-0.0624156226875263,-0.0648034741817331,-0.0623372894910713,-0.0707491504143809
-0.331038312577724,-0.0620534705983123,-0.0723134150359953,-0.0621010641169928,-0.0678580431266636
-0.0674223233085516,-0.0620004483498289,-0.068791985888232,0.0478056565759033,-0.0659122213075682
-0.0656763021167558,-0.0619547841330844,-0.0709486191215511,0.0737606531705553,-0.064806029255601
0.0989166669498829,-0.0619266383956619,-0.0649406487163198,-0.139841673563766,-0.0639721067031172
-0.112911590052338,-0.772739162230665,-0.0638758824063623,-0.110943184403801,-0.0633158160622431
-0.0922145249349461,-0.0619006536319566,-0.0629306432767944,-0.09457835195903,-0.0628890011629609
-0.315563904602409,-0.0607794624617036,-0.0624617171778097,-0.0834335111629822,-0.0625216751898159
-0.0780884722865543,0.0319094295288689,-1.22827591417646,-0.0766565235801068,-0.0622935799190698
-0.138270926414047,-0.120039256880564,-0.0621903919047179,-0.0722095723687819,-0.062083176078149
-0.0149884761447545,-0.0793937881855257,-0.0620966249393234,-0.0694114533137699,-0.0619796195248181
-0.134683740993626,-0.0733544450051162,-0.0620158496757246,-0.0672225882948573,-0.0618795533728918
-0.109215678340849,-0.0691407628946464,-0.0619660566189768,-0.065589909528365,-0.061877434406501
-0.0934251943938985,-0.0668003602768266,0.202330311101982,-0.0644060826426975,-0.0618764082622845
0.0694646803110341,-0.0652023438701085,-0.138895912317129,-0.0634936832497884,0.0116759141798002
-0.121067619205961,-0.0643005683441992,-0.108355233647665,-0.0628397541605923,-0.0847667637902801
-0.0988169951497056,0.160167325115227,-0.0930902415709143,-1.03051449560365,-0.0751002711608847
-0.0870050077132867,-0.129026285696343,-0.0818398044467989,-0.062327857979478,-0.0705120317488159
-0.0783655166505654,-0.102223602277288,-0.0756618992150358,-0.0618754037180875,-0.067326182242518
-0.0730902730689521,-0.0888231247113724,-0.4366206458825,-0.0624490915330915,-0.0655647385362093
0.149795368062833,-0.0791498348377399,-0.0717877445071318,-0.0618754037180875,-0.0643635668812122
-0.131297994028064,0.162769991578491,-0.922081761979604,-0.0618754037180875,-0.0636880688233293
-0.104117772311088,-0.138154035413868,-0.0734897227316643,-0.0618754037180875,-0.0631732835058646
-0.0901364841951467,-0.114473652753786,-0.0701109402415861,-0.0618754037180875,-0.0627669456478412
-0.0800171982199556,0.140220191174315,-0.0671395098059431,-0.0617658506337263,-0.123135975116379
-0.0727351736116337,-0.14857975450228,-0.0652882242168397,-0.0619103661644713,-3.49750874441911
-0.0706518872395572,-0.116706687317541,-0.0635510713335138,-0.0618952411106358,-0.0703810057043313
-0.0604343344895091,-0.0992479624008662,-0.118118243396705,-0.0618882180387325,-0.0623261803421451
0.184953354788339,-0.0868483767122602,-0.0618775568369339,-0.0618834344398707,0.0772240809254252
-0.139659794406211,-0.0791664674805697,-0.061876793322074,-0.061880814524448,-0.10576174798795
-0.111528515398237,-0.387971375524492,-0.0618760837377633,-0.0618790416383975,-0.0877090268414697
-0.0937850935296327,-0.073468961132285,0.150020023186444,-0.0952043887382168,-0.0789167803038175
-0.0824555470519614,-0.080030323467696,-0.124753224885387,-0.0618773583958056,-0.0727174022742756
-0.0758451282053808,-0.067481785945606,-0.0993912404360009,-1.63014779857529,-0.0692468917078774
-0.731553226249756,-0.0655757783812113,-0.0931603219377452,-0.0618799224498123,-0.0668688505407834
-0.0750539470678692,-0.0641490518714615,-0.0779715666076817,-0.0617909415290036,-0.0655200487833534
-0.0713951772983246,-0.0631577176159512,-0.0728682882060708,0.101410682890805,-0.0644872962643162
-0.0684625750134999,-0.0625035187605977,-0.0693348905304426,-0.111173457152778,-0.0636722515670744
-0.0665163018217171,-0.0621862661178749,-0.0600763460537273,-0.0909669834138032,-0.0631369033743511
-0.0648326130480676,-0.0618754037180875,-0.0680864311613539,-0.0810366431521849,-0.056226238875258
-0.063779315753753,-0.449211767980295,-0.065882664045795,-0.0727422845824109,-0.0644432819058749
-0.0712183476618404,-0.0618754037180874,0.187522206320154,-0.0706794887218326,0.160675523001175
0.19509584178941,-0.582594167291589,-0.125373898554646,-0.0677901595854575,-0.128809180775589
-0.137154806422304,-0.289335701320853,-0.110719946060476,-0.066174906472193,-0.101921672337151
-0.10765276686637,-0.0618754037180875,-0.0943261417724775,-0.0649451927056519,-0.0886351077095894
-0.450461077166251,-0.0618754037180875,-0.0827836831994277,-0.0639858976065308,-0.079031532070941
0.0920142926846441,-0.607123507174658,-0.0760298528067814,-0.0654911841093793,0.162739568164811
-0.436996633150028,-0.0618754037180875,-0.0715089257708985,-0.0628241612663592,-0.13816546671905
-0.123408375355755,0.135557835268466,-0.0688992081241573,-0.36587241212552,-0.109025367307393
-0.105146121548277,-0.120755657755109,-0.0669278166362646,0.0963487056770682,-0.0939243803435933
-0.100815576118258,-0.0968917216608203,-0.065364867190209,0.133229232176919,-0.0827253109944978
-0.0824048658645085,-0.0851642277851502,-0.0643239596702451,-0.157035521971531,-0.0762473018522939
-0.0761184849697111,-0.107187397367609,-0.0634418809404538,-0.122191801577427,-0.0715808204455147
-0.0719209186140669,-0.0723400020685428,-1.4692219915547,-0.102533056111532,0.147466458011959
-0.0689068472152762,-0.068973248449402,-0.0639357411900225,-0.0887442828637954,-0.130153210803278
-0.12553310896844,-0.0670669925315076,-0.0628951822133799,-0.0803826234525169,-0.103245737609099
-0.0650015594367488,-0.0656034286933378,0.168466841505945,-0.0747961784570136,-0.776310684666709
-0.130024370302183,-0.0644415272752219,-0.129803896011495,-0.0713283434507006,-0.00310794011651019
-0.0630251254295883,-0.0636810930521497,-0.102572566696117,-0.0686100275146547,-0.114156041307773
-0.062438515567344,-0.0630232621936479,-0.088987829492353,-0.0665529132284318,-0.105499141238248
-0.063896831587654,-0.062616920375529,-0.124076829090788,-0.0650834109207079,-0.0852647881709024
-0.0618754037180875,-0.0622384740440643,-0.0766585754301451,0.158483409170394,-0.0775708083312582
-0.0618754037180875,-0.062055056400891,-0.071694287383288,-0.521520867175484,-0.0726945843437753
-0.0618754037180875,-0.0618754037180875,-0.0617501817372076,-1.30555570209708,-0.0693878861359493
-0.247886139702343,-0.0618754037180875,-0.00696322490864715,-0.200150731909711,-0.0669965572221592
-0.0618754037180875,-0.0618754037180875,-0.0858664712283212,-0.15859285726702,0.080882219226686
-0.0618754037180875,0.206637103341825,-0.0762892773583217,-0.132748184225884,-0.108145448176481
-0.0618754037180875,-0.140950104203382,-0.071277590407213,-0.0458035984500225,-0.0892140981261985
-0.0618754037180875,-0.202769865344329,-0.0678787728590728,-0.119420741340535,-0.0796835511687732
-0.232027788135819,-0.0967993086893915,-0.0657798433201827,-0.101788617395104,-0.0732094834059752
-0.187125845591591,-0.0844004155660967,0.206133626695697,-0.0896815661815492,-0.0695207313342023
-0.0618754037180875,0.0826662725963471,-0.14196200845532,-0.0812132010353548,-0.0670183043462464
-0.0618754037180875,0.082718908278427,-0.110552729229049,-0.0745629433638795,-0.0655689055588028
-0.0618754037180875,-0.153173204019959,-0.394457041735807,-0.0702514950305547,-0.0645242519941899
-0.251269492338849,-0.12071418866803,-0.231214356186892,-0.0666036016259506,-1.23036084820077
-0.0618754037180876,-0.101656676055771,-0.176408249275455,-0.0646304687469571,-0.0659948737535856
-0.0618754037180874,-0.366264315615761,-0.144204209027909,-0.06278446008207,-0.0644990767317458
-0.0618754037180875,-0.0859749573306937,-0.118509277219698,-0.0625141715053396,-0.0635723585110221
-0.0618754037180875,-0.078751003998615,-0.103133530926588,-0.0622810745015262,-0.0627068789790602
-0.0618754037180875,-0.0739343723351487,0.0563578220909705,-0.0621373070201693,-0.0622869743378748
-0.431399455805031,-0.0703267752774696,-0.125646476460399,-0.0620035941647735,-0.0618754037180874
0.226728266597118,-0.556612293991519,-0.102517741418172,-0.0619388231529894,-0.0618754037180875
-0.145307638381763,-0.0681806556811648,-0.0894821543237667,0.100916246826436,-0.0618754037180875
-0.112503925368259,-0.0659191522601268,-0.0798724770550249,-0.11100925577546,-0.0618754037180875
-0.0959968708332699,-0.639456014602214,-0.0737862532377065,-0.0915272358254985,-0.0618754037180875
-0.0863587981375121,-0.213721931957938,-0.0695208394802556,-0.0810712760173954,-0.0618754037180875
-0.0770086502841044,-0.136187736118426,-0.0669252114503179,-0.0740958835576835,-0.0618754037180875
-0.0858212487589735,-0.0169749735153179,-0.0652533671942132,-0.0701940799724763,-0.0652011480163814
-0.802792045458757,-0.142797537467586,-0.0638169408439014,0.0430456408371204,-0.208240121650654
-0.073389535938953,-0.115861886333325,-0.0632405557947581,-0.0932302175853794,-0.0618754037180874
-0.0698534581518281,-0.0991085969850077,-0.0627423897545095,-0.0864881485027581,-0.0618754037180875
0.181540536539055,-0.00514455815095715,-0.394523546765623,-0.0780485934511359,-0.0542000949687092
0.0200837142051047,-0.10534919334829,-0.062256763253473,-0.0723172443353695,-0.0643185758708798
-0.150781978026475,0.0698238906660654,-0.0620641087578408,-0.0688812564153187,-0.0632642594367823
-0.119261764616215,-0.044715029140944,-0.0618754037180875,-0.0665903750328883,-0.0627735719331652
-0.100076901928346,-0.125571796932427,-0.0618754037180875,-0.0652725496169761,0.0727780955934579
-0.0222359954895616,-0.103346422222881,-0.0618754037180875,-0.317587787433352,-0.103422128878195
-0.0987369945599978,-0.0891053382491456,-0.0618754037180875,-0.0637945255086267,-0.0862761239156238
-0.0856596665455646,0.0903791487953977,-0.074616707393119,-0.0632226333017562,-0.0779793688332172
-0.0784575689326595,-0.123945494684274,-0.0618754037180875,-0.0550628161579392,-0.0786539612158736
-0.073065046941149,-0.0992677760631657,-0.0618754037180875,-0.0673579982548512,-0.0688828803567074
-0.0607952636515454,0.060725820917263,-0.759097587059615,-0.0635765687654551,-0.365062955619135
-0.831844734506502,-0.122571282844187,-0.112707676459355,-0.0545753532557174,-0.0665353506157201
-0.0793671341362481,0.0506382842386791,-0.0618754037180875,-0.0651161366342232,-0.0652163943061085
-0.0690766568735078,-0.125219598325143,-0.0618754037180875,-0.0637758074682385,-0.0641675210536255
-0.0662544484090511,-0.106445152726114,-0.0618754037180875,-0.0631151373577014,-0.0634843713161541
-0.996968960078687,-0.0920845861623295,-0.0618754037180875,-0.0626792800956198,-0.084774777720109
-0.0655829939674031,-0.0817549078246961,0.108887915654577,-0.0623040272190422,-0.193563354436941
0.0160348557790627,-0.263080518846594,-0.113273605080065,-0.0622857352297982,-0.145039324292691
-0.0882875537273023,0.120416389143873,0.149747608303048,-0.301001293980344,-0.119457661415444
-0.0772302695832852,-0.126815676616745,-0.14988004556204,-0.721983684868576,0.155345217370877
-0.0717508964874687,-0.10160749248759,-0.116551231224172,-0.0622633616836967,0.0261727836360604
-0.0681176602351572,0.0735898927486749,-0.0991785697371955,-0.0621301037239164,-0.171045756642549
-0.0660959039943377,-0.126092848465933,-0.0863526265546043,-0.0620328539352651,-0.716165117736669
-0.06469236293241,-0.101774504289887,-0.0790063516008294,-0.0619681905418001,-0.154495072912507
-0.0639090759843545,-0.0887296031122563,-0.0737339426474685,-0.0619252358304343,-0.127363179744518
-0.0633026650069948,0.138357078830825,-0.0566961477035203,-0.0619034301626346,-0.108838755985453
-0.0628559276795489,0.0731446034008201,-0.146055356757999,-0.0618832285536322,-0.337934753279097
-0.0625644316702253,-0.164064919283998,-0.113731208264805,-0.0618806454475448,-0.0932198536403691
-0.0623130118807102,-0.128765092796451,-0.0971675080035413,-0.0618789948119013,-0.083480261109878
-0.0621579333943553,-0.107348014175662,-0.0921268062557067,0.0977732229935737,-0.0766781812636741
-0.062013692015757,-0.0856953479270387,-0.0774276550567658,-1.41615419076808,-0.0711601218092342
-0.0619438193614381,-0.084936880437408,-0.0721411959353802,-0.171146021695858,-0.0678575750842223
-0.0551675836246434,0.116597407953243,-0.0770962177825306,-0.139388024803403,-0.0653407388801707
0.0710126681603823,-0.129799693059912,-0.130576128004066,-0.113703774951468,-0.0635825190176742
-0.104125552728896,-0.103817461497115,-0.0685390677403462,-0.098374029955036,-0.652680945943673
-0.0867545523687402,-0.363895739810983,-0.0661912503710791,-0.0871858572789888,-0.0618754037180875
0.151213445309979,-0.086063342942452,-0.0646430186337776,-0.259020274545557,-0.0618754037180875
-0.138425732663781,-0.0662863223508915,-0.0636457726759216,-0.0782330150661628,-0.0618754037180875
0.109458022752484,-0.0766542366476869,-0.0628659892687654,-0.0732563294981465,-0.0618754037180875
-0.153846953697161,-0.0717437146653214,-0.52113783966762,-0.0699443779929335,-0.0618754037180875
-0.12021535836506,-0.262261424863951,-0.0622234435825284,-0.067031187194739,-0.0618754037180875
-0.100756307186982,-0.458630537579032,-0.0621242894683143,-0.0652170649914739,-0.0618754037180875
-0.0890096589831635,-0.069813671378407,-1.02666273403071,-0.0635147631060409,-0.0618754037180875
-0.0809902433470589,-0.0670092645692252,-0.0621901583871478,-0.0611564681034505,-0.0618754037180875
-0.0615063511934587,-0.0652295253944817,-0.0620752462154183,-0.0623637310370325,-0.0618754037180875
-0.0756185802842235,-0.0638279802920836,-0.0620044012897799,-0.0621525749322334,-0.0618754037180875
-0.0694111298862318,-0.0630414844871342,-0.0644340870721674,-0.0620544853768411,-0.0618754037180875
-0.0684577909446359,-0.0624046943058097,-0.0619067136876252,-0.0619876491916985,-0.0618754037180875
-0.0661828596745561,-0.0622387436138378,-0.563445598904595,-0.0619510372056754,-0.0618754037180875
-0.0645444891200889,-0.0621198765198526,-0.0565035867021997,-0.0619262583854783,-0.0618754037180875
-0.719734350360001,-0.0620305324400242,-0.0635866802895464,-0.0619123741600136,-0.0618754037180875
-0.0635366533902644,-0.061968549555427,-0.0628476444978625,-0.696857745400166,-0.0618754037180875
0.190364907767746,0.0869622056851746,-0.0566254650932206,-0.0619096262950546,-0.0618754037180875
-0.136292170188988,-0.332140641645456,-0.0641402785883139,0.100294873160084,-0.0618754037180875
-0.106745148500749,-0.0952614879106283,-0.0632045439782599,-0.110852679564644,-0.0618754037180875
0.155332201462997,-0.095137551130939,-0.0627419058969049,-0.0907702047052527,-0.0618754037180875
-0.0195969389060093,-0.136660902424632,0.154218422154264,-0.080992648440704,-0.0618754037180875
-0.152735492691268,-0.0722632437845443,-0.126389039453071,-0.937034043170266,-0.0618754037180875
-0.121988108103451,-0.0689289611022429,0.0675590742951876,-0.168185948820919,0.0671481335684657
-0.102766388492729,0.053121461343108,-0.135363194658014,-0.0766009061073871,-0.101273342720036
-0.482776911281585,-0.140199802751045,-0.107550908121368,-0.0727178851465681,-0.0949898920464399
-0.261437565342347,-0.0266860772954196,-0.0929648992024553,-0.0696993252093341,-0.0772159158837976
-0.166903204494995,-0.178218442205482,-0.0823539359003378,-0.0672795782781277,-0.071610538700612
-0.130801439211284,-0.133643332883945,-0.0762980641612445,-0.0656873517542781,-0.0684883857451371
-0.110047785577369,-0.0781001694696362,-0.0719150244070028,-0.0643026054030396,-0.286098959023728
-0.320621147309759,-0.0723948910898063,-0.0690758004824976,-0.0621108349340793,-0.0659416138843827
-0.0894820038366042,-0.0692129461642864,-0.0592795559426458,-0.063069331916326,0.136154660414217
-0.080202454774942,-0.177721386443839,-0.067765968867473,-0.0624975336848122,0.0253163385736317
-0.0745509772186442,-0.0658201362459846,-0.0656299232531486,-0.149711392360286,-0.140257472945016
-0.0703684319343475,-0.0653728441079634,-0.0641700393413402,-0.0619823118445631,-0.112017764286951
-0.102768838269132,-0.17691835000412,-0.0632853008963577,0.059768824555118,-0.0952126320922054
-0.0654234603752848,-0.0552176252881152,-0.0625805450843546,-0.193341633120932,-0.0839689947658626
-0.0641340879611382,-0.200936851455039,-0.0622930372347883,-0.0858635194276451,-0.0769807505499285
-0.0632643731946854,-0.0691732804392806,-0.0620642346900147,-0.0776848765333344,-0.0724474636139395
-0.0626136442142192,-0.0631410769510894,-0.0601651016259208,-0.0719136007226173,-0.0531521901041046
-0.0622424588006455,-0.0626459721815295,-0.0625565031882614,-0.0686965186641276,-0.665072864604866
-0.0618837731681149,-0.0623357160366075,0.0802306657825202,-0.0680050117206681,-0.0740982593484862
-0.125098925893852,0.220335544544845,-0.174441883085112,-0.0652458857633637,-0.0700252684374282
-0.0618791682947189,-0.279578879909063,-0.619578305863887,-0.0658789618732733,-0.0670759051373053
0.0908628716221554,-0.111620068308456,0.0715926618021176,0.101069985207493,-0.683078626936439
-0.108137515601372,-0.102782619515565,-0.170598105531634,-0.112567710799599,-1.27392972024145
-0.082895351255544,-0.242768627368745,-0.134580898040436,-0.0918947706609807,0.0222903481731366
-0.081770778959447,-0.0830642023612096,-0.112757298756752,-0.0817565685322406,-0.0929783589834523
-0.0744274580211442,-0.0763254298491267,-0.0976138757401022,-0.074476910955485,-0.0744249756253199
-0.0703896757239838,0.20312831800222,-0.0874547466857489,-0.0704160542040378,-0.0759457770101506
0.0724832337787177,-0.37516325880995,-1.13125284906483,-0.0675838997172625,-0.0706935190160488
-0.108263722205803,-0.488539126984466,-0.00375000218044342,0.152576567239477,-0.0677503038400339
-0.089745160675388,-0.1289525472093,-0.11563918332353,-0.129162988795158,-0.065745655126168
-0.0804216642707204,-0.106395318114049,-0.0962382236502335,-0.0870779588674687,-0.064598274261309
-0.0738262109082725,-0.0929195392362175,-0.0839853583193589,-1.62323601046422,-0.0637007906682954
-0.0699599098124899,-0.0970510474167108,-0.0755155531422275,-0.158687712860595,-0.0631377968776933
-0.0673280700880418,-0.0772726784565904,-0.0697193085515274,-0.132261389414315,-0.0627644999159218
-0.0707406660145084,-0.344716242100478,-0.0666788945197847,-0.11110038011242,-0.06244571313301
-0.17972535403432,-0.167733717058069,-0.123397792950445,-0.0985157435567385,-0.0622479155968545
-0.063867006692096,-0.128853452640643,-0.0637920012313801,0.0331211018527485,-0.0620654560124773
-0.0632736368948861,-0.0336991863753059,-0.063192644097718,-0.116061322487323,-0.0619010343657435
-0.324405566294567,0.0505911569502351,-0.0628013125504496,-0.0964025570379861,-0.0619095186032035
-0.0626177926421952,-0.0620005260469508,-0.0624635711002572,0.0112540034511488,-0.0618940453037298
-0.440710095370357,-0.143066076333944,-0.0622551848696036,-0.105412939954902,0.0601319609773056
-0.0621380254260409,-0.115340517877579,-0.0620613066434057,-0.0792698154056489,-0.0992286062576066
-0.0618754037180876,-0.118279990533703,-0.0619673791135956,-0.0817438264778306,-0.0837066001702408
-0.0645190176229702,-0.0870943128865021,-0.0618754037180875,-0.0740455542683809,-0.0762351592526627
-0.0618754037180875,-0.0794860352946879,-0.0618754037180875,-0.0702121085559546,-0.0709810411324177
-0.0618754037180875,-0.074209105115229,-0.0618754037180875,0.0973324857015404,0.115537554051517
-0.0873471615342874,-0.0706600497412711,-0.0618754037180875,-0.117263814797631,-0.120564476100606
-0.0618754037180875,-0.0678003091290795,-0.0618754037180875,-0.095169106758181,-0.0973808169503533
-0.0648857936733889,-0.0658408113894615,-0.0618754037180875,-0.0840765303569587,-0.0856948832157426
-0.0618754037180875,-0.0643112584361795,0.171422938310655,-0.0760925006410649,-0.0772198996915769
-0.0618754037180875,-0.0633945193844852,-0.130592648883609,-0.0715020156043447,-0.0723887543469598
-0.0618754037180875,-0.0627309587199018,-0.106348542225189,-0.0683193939720413,-0.0689686153367434
-0.0618754037180875,-0.0622624646085841,0.13834196662133,0.171909632415054,-0.0670109718710921
-0.0618754037180875,0.058870226864865,-0.144513912001845,-0.00916703557897934,-0.0654688653989627
-0.383292712821346,-0.358555996462528,-0.118442712578809,-0.140629045886162,-0.0643094051727345
0.186214610292159,-0.0900005199345254,-0.0973055132727993,-0.588973865028733,-0.0635166807452491
-0.134575467843202,-0.080472791773662,-0.0855150433170899,-0.00586480304139366,-0.0629186065800879
-0.550215043915153,-0.0723733255993578,-0.0783585130712929,-0.0404769698990134,-0.0625492547760051
-0.527559749324483,-0.0703468641806969,-0.312235645100651,-0.132101214535676,-0.0622053261656746
-0.107882591159756,-0.0675663696467975,-0.0723289573778741,-0.0670846826211531,-0.0620386502849156
-0.0941113146803172,-0.0659165354208685,-0.324665000761924,-0.106501866329843,-0.0519514224845274
-0.0841482347455088,-0.277708759444378,0.0366669565496169,-0.0913735638211197,-0.153352411818652
-0.0783838218973317,-0.0644103218293316,-0.100735409919855,-0.0822042181066296,-0.117757985213978
-0.78102052281902,-0.188690696154174,-0.0849313665632383,-0.0757171426082222,-0.0997075404964832
-0.0787780373583551,-0.0631634423219854,-0.0768245033826688,-0.0714789611777195,-0.0863354336062173
-0.0739162776529124,-0.0627110841786464,-0.0711941451448035,0.141356674600689,-0.0786995066208365
-0.0695942830800946,-0.0622923783475278,-0.0680746950546806,0.0276054548098593,0.101999302787246
0.136232829865565,-0.0620875189175815,-0.000735887466713469,-0.14589083900343,-0.122017476019401
-0.124467847186802,-0.0618879186116116,0.154422649764858,-0.0644107533856218,-0.621773134940773
-0.0484417320789324,-0.0618835768626171,-0.14704511214915,-0.110512654078699,-1.00514866223175
-0.100964129416793,-0.0618797473121693,-0.11467530297944,-0.0944225496657089,-0.132154907983573
-0.0861785505666719,-0.0618777114017277,-0.0974568332576821,-0.08398762926624,-0.11166522612068
-0.0782293844302953,0.00794817280913111,0.168953753165278,-0.0887226617401927,-0.0965701738927228
-0.0728256942635827,0.187342122832716,-0.149426923428074,-0.122868863273931,-0.0865254942687725
-0.0696945887353086,-0.153972947991553,-0.116705557154113,-0.0997078282514423,-0.0792552975987268
-0.0599487681216714,-0.119034108401307,-0.0997037795953636,-0.087571678810866,-0.0730079350667812
-0.0681509061765529,-0.100470898615947,-0.0894236995557626,-0.0786649362224684,-0.261907274746782
-0.0659925943858411,-0.0870692879637737,-0.0792099407072659,-0.0732590955499851,-0.0679881024208813
-0.0645622376417124,-0.0792104728053349,-0.522832763448141,-0.0694392524304394,-0.0658404111637217
-0.0636337943664663,-0.549985784601955,-0.00520615107315089,-0.0670902460898661,-0.0638214706574099
-0.0629083539325792,-0.0760098723054403,-0.16952483557382,-0.065367298736648,-0.0628394876772808
-0.526308042326413,-0.086508564612774,-0.53238916788224,-0.347022629241228,0.124624657068317
-0.0623189467599668,-0.0690409501495077,-0.140136911889713,-0.0639332854402553,-0.117705791006138
-0.0865963005104747,-0.0668738311130821,-0.0466875105037909,-0.0631370640338432,-0.195765313864485
-0.0620247110351563,-0.0650675665458789,-0.119447594430922,-0.0626894066415215,0.0879633401309423
-0.061980138810115,-0.0638804048264185,-0.100540844147155,0.148248421530407,-0.134402940573526
-0.0619418544237589,-0.731015545703979,-0.0892998895315846,-0.124545505330697,-0.0188346111692404
-0.913954605541188,-0.0627345755540684,-0.0803263756280106,-0.0991607756639059,-0.114378644307762
-0.0619245175514888,0.0891026447105166,-0.155237379726777,-0.641049347503195,-0.0952898942473015
-0.0618997002827891,-0.107629786102854,-0.0713175795297934,-0.0792919962883247,-0.0847434264160401
-0.0618754037180875,-0.088797560425765,-0.0682233587003448,-0.140511425744444,-0.0771097418892715
-0.0618754037180875,-0.079659383828761,-0.0657876459064121,-0.0777145308875688,-0.0726749234144627
-0.0618754037180875,-0.0731838824937383,0.0389150564402596,-0.073380313246595,-0.0693317557097327
-0.0618754037180875,-0.0695673423657633,-0.0945899263417349,0.0868958385397891,-0.0671056348616406
0.0996290995245946,-0.25723926525336,0.0507904176318166,-0.114403041843377,-0.0654394102946454
-0.11064242938725,-0.125605222063361,-0.113344133015667,-0.0936422594317818,-0.0641783723093867
-0.0906401814232433,-0.100675710174763,-0.0929602217793348,-0.0201874037628726,-0.0507245073225334
-0.0809059817614327,-0.188476905294886,-0.082665146073891,-0.118283737445511,-0.0667738304027506
-0.0739890034024779,-0.376171706718592,0.0894023771947885,-0.0965607018027506,-0.0646325121291596
-0.0701205808012853,-0.350112376241502,-0.119877552858046,-0.150502953421742,-0.0635081434578912
-0.0674574369684243,-0.0771384569256995,-0.097350116777312,-0.0780679615706164,-0.226646313295565
-0.065952913183567,-0.0727562155152778,-0.0859008729557908,-0.0794333007171973,-0.0626110727442489
-0.064800614494797,-0.0695614576585651,-0.0776053507385514,-0.0695917302493872,-0.0623703281820373
-0.0622813342290722,-0.0657312445608326,-0.072611660131037,-0.0674614749338074,0.067053232043166
-0.0638014120398369,-0.0129730133799925,-0.0106357588375544,-0.0657531675856269,-0.101585955853489
-0.063065249222683,-0.0808337062284885,0.0501004564889214,-0.204532266311706,-0.396798038985838
0.233048969944649,-0.072983142767975,-0.115926272551634,-0.063843383106759,-0.082885810990924
-0.140275600814116,-0.0688888398404746,-0.0949391825249532,-0.0630750268276547,-0.0752724087420978
0.132550671904881,-0.0662066757555235,-0.0837797356223957,-0.0625327745088194,-0.0635291720771353
-0.16498146801243,-0.0645679750776594,-0.271575843643959,-0.0621972533538714,-0.0569381283782201
-0.127453643800328,0.0565597101315307,-0.0735569804489023,-0.0620346548736721,0.18021138586708
-0.107204335473957,-0.099922236576804,-0.0710527405492215,-0.0618754037180875,-0.141107898485929
-0.0920500536815212,-0.0843068921575657,-0.112075197128049,-0.312902931925015,-0.110336675376216
-0.068189887122344,-0.425843360131137,-0.133154649745122,-0.0144195155038439,0.151331516351581
-0.0814654408731442,-0.0752775713101162,-0.10526136350686,0.0936486689827074,-0.151711463168763
-1.32984351662429,-0.0709831083770068,-0.091071316453526,-0.162625992555874,-0.118679252286835
-0.0956049743500405,0.173412027349271,-0.0806399447219958,-0.213438565130768,-0.100640179312642
-0.0848201485780994,-0.139534116341257,-0.0746301461008499,-0.0176411762087487,-0.0877955260883201
-0.0725127546690923,-0.107545930517873,-0.0703766514685271,-0.145310683816111,-0.0798947402395226
-0.0733285256894475,-0.0926022722855055,-0.0679591899481059,-0.0965140278605469,-0.0742400657427087
-0.0690566273019036,-0.0820078029884245,-0.0729423316972869,-0.117229308240988,-0.736948021324558
-0.0544427696999315,-0.0754568934264477,-0.148819267829426,-0.0986334649303272,-0.0752574865781085
0.164232112604765,-0.0710873522203379,-0.0641253782934036,0.162201522499077,-0.0708979847082069
-0.122148193841414,-0.0684868119018903,-0.0633062100692633,-0.149590548846923,-0.0678259169185014
-0.10742985190952,-0.0665655038302803,-0.0627999201028128,-0.117279773564469,-0.0655312765660706
-0.0921574514866506,-0.0650085180242978,-0.06232813829926,-0.309994666680723,-0.062387334111438
-0.0813907992363525,-0.0640811305476754,-0.0620994386446307,-0.316649277454032,-0.844582798712466
-0.208468396850477,-0.0632780211850411,-0.115837187067804,-0.0882541719856102,0.0255874612006746
-0.175305557889143,-0.0627816847996304,-0.11948159592646,-0.165401747499704,-0.0900202288922931
-0.282203527241463,-0.0623192024630698,-0.127031201333957,-0.0777377150770316,0.0165408322986207
-0.120586965444004,-0.0620950152945297,-0.100822854973846,-0.0714834940886708,-0.101204553044915
-0.101004571210513,-0.0618754037180875,-0.0878649724341842,-0.0683852757346501,-0.0855180319637009
-0.0895809819424061,-0.200800353161618,-0.233246073679836,-0.355226736724933,-0.0776379852564583
-0.0805922787761081,-0.446056079120445,-0.143445253219413,-0.0655092229745587,-0.072085610361907
-0.0754761432938812,-0.256904201268014,-0.112877719556097,-0.0641498474518196,-0.0689703280428606
-0.0979543889490941,-0.192191535561645,-0.0971092744026828,-0.0629903173776323,-0.0667634591588162
-0.0265888383742088,-0.156086991776151,0.114279499354238,-0.0624273900389485,-0.0653778139964251
-0.0792523399175258,-0.125787277950426,-0.135386441489004,-0.0618754037180875,-0.0643719017798306
-0.0721465698226746,-0.107361427299301,-0.415467945972848,-0.0618754037180875,-0.0635510798381692
-0.0685651262140926,-0.0936636258824075,-0.346601702962852,-0.0618754037180875,-0.0630253167231752
0.0719255648569361,0.0636095474479075,-0.106461567649702,-0.0618754037180875,-0.0625593178401863
-0.106118951593676,0.0712528394277559,-0.0872806329255567,-0.0618754037180875,-0.28793627198155
0.105134375754939,-0.153056128835854,-0.0793108533576644,-0.0618754037180875,-0.0620864410432783
-0.134576526377308,-0.0717428576975725,-0.145829814603767,-0.0618754037180875,0.0608216647652651
-0.106622060652741,-0.115669308276369,-0.0711367894779063,-0.0618754037180875,-0.335093320403314
-0.0921772868581776,-0.0967271973422873,-0.0679470147101731,-0.463585912909204,-0.0896760210922512
-0.0816823535093818,-0.0851962757857029,-0.06598799033043,-0.0618754037180876,-0.227473385292055
-0.0756734704969698,-0.0775721248157804,-0.0642328020819909,-0.0618754037180875,0.0287934117989473
-0.0713964699107944,-0.394094422338548,-0.0633998012509769,-0.0618754037180875,-0.102623530124153
-0.0687241097144549,-0.0723488310414768,0.131379396065638,-0.0754069097783382,-0.0866871079765627
-0.066764593063096,0.0389728153304418,-0.120123593423708,-0.0618754037180875,-0.0787279046577557
-0.0651615046603232,-0.0999162308403543,-0.0963084972449314,-0.048177662406384,-0.0729769583488302
-0.0641471617598597,-0.0845254304225642,-0.177492510453125,0.206447220682422,-0.0694653347134525
-0.0632505747401793,-0.0767213391050811,-0.0779235526775363,-0.313310245711682,-0.0670771224477251
-0.228811013836975,-0.510182576307759,-0.219250852363373,-0.123388224129311,-0.0655297667654404
-0.0623017554985121,-0.0712720776790349,-0.0704897965708493,-0.103467666727168,-0.0644269947203469
-0.0620863790003045,-0.067900726487609,-0.0681845508338966,-0.302676242941891,-0.0838926279775589
-0.0618754037180875,-0.0662319358882516,-0.0664102980883961,0.144091671116955,-0.0634903038381006
-0.0618754037180875,-0.0649307438932509,-0.2986933425398,-0.142923863285551,-0.0627661202987937
-0.0618754037180875,0.0880864115197299,-0.0646541712551508,0.0919489252916541,0.2094518624534
-0.0618754037180875,-0.109271061687851,0.055959205865825,-0.153425892064802,-0.141150882893706
-0.0618754037180875,-0.0898923878332167,-0.0995667805583824,-0.120179050814739,-0.109815303013045
-0.0618754037180875,-0.0803990568821083,-0.0838257862316001,-0.102166492288992,-0.094058637440315
-0.0635853636642272,-0.0750924238229444,-0.0762341563707246,-0.0885501018027981,-0.290902825116425
-0.0618754037180875,-0.141209645016071,-0.161856241260006,-0.0806060484127627,-0.0793983530950255
0.237243016909295,-0.067535958073469,-0.106347769242854,0.165955952048424,-0.0738322576134737
-0.498042076003868,-0.0660105521000973,0.0263776015212878,-0.085919847854269,-0.0689483331103402
-0.148742843233198,-0.0648421118098428,-0.151419234997229,-0.125312543022894,-0.0687378213006469
-0.739633347188789,-0.0639161739992569,-0.120174378052991,-0.103751222602003,-0.07648673727972
-0.121543047198629,-0.0633107777217449,-0.101011928296367,-0.0894693989730525,0.0673092810447039
-0.10974749392541,-0.259467651964081,-0.0881663964014041,-0.0803516631940494,-0.544803591083898
-0.0952056755384175,-0.0625926560462592,-0.0799177313268449,-0.0743983098931782,-0.105823156988484
-0.0867343945615742,0.18290316870362,-0.451962722021746,-0.0705848949429635,-0.0910256317091457
0.0514373488256708,-0.133927958575437,0.127274674322204,-0.283274801321883,-1.0937306475626
-0.129882542047357,-0.105103176323613,-0.130323868619719,-0.387610282810827,-0.0964122658787229
-0.104264784029631,0.149016423470879,-0.103852789169571,-0.0669132402866155,-0.0857870425580386
-0.0901639412843676,-0.447007594880931,-0.0901037044630691,-0.0651736654443202,-0.0744145142726209
-0.0801381240379345,-0.135627554724218,-0.0800330278040997,-0.349852624579751,-0.0763655024729066
-0.0789543998364725,-0.113009665100413,-0.0172874811765388,-0.0633819755323652,0.0820507315966712
-0.0696273412578207,-0.0964402314936285,-0.087317711244261,-0.169319140151606,-0.11465261168566
-0.0668894899320604,-0.0862026385331899,-0.0775422502605236,0.177962547856381,-0.104752435053252
-0.0764468151991901,-0.0786554495251041,-0.072342042548168,-0.132394960893035,-0.0831149573169263
-0.369141709870383,-0.0741472623623043,0.111131415152987,-0.708249146060703,0.0443869509987653
-0.08109594730306,-0.0705002340079101,-0.11998734116869,-0.114337571838287,-0.106564572505562
0.179299349235482,-0.0677583825007275,-0.0968027816136172,-0.0962136120093866,-0.0886399059949881
-0.13396843768,-0.0657615646378045,-0.0852503428328631,-0.0856943119351653,-0.0851207323920032
-0.105147374848433,-0.0642643690061388,-0.0768295236310701,-0.0782148292060453,-0.0737963177892711
-0.53417085307438,-0.0632247794118768,-0.0720280521577167,-0.0690551423720372,-0.223109363657681
-0.0907183449007078,0.222958068494402,-0.402252315879882,-0.0721002751568876,-0.0683707151537845
-0.0817885167104338,-0.14472333728883,-0.0687498582787059,-0.0687650695637624,-0.203150409032273
-0.0754902489101097,-0.111965691207953,-0.0667896754189078,-0.0666908606842798,-0.0872809241269148
-0.0718903852145966,-0.0956186176343882,-0.0652076156269528,-0.0649394047621867,-0.0768825663560008
-0.0690970352365607,0.182781292680047,-0.411090616620177,-0.0638682507995242,-0.0717519755276276
-0.06686101539766,-0.686972475921953,-0.0705588182260707,-0.0628972076406915,-0.0680078107446596
-0.0653908522088137,-0.159903991196597,-0.0669960375077493,-0.0624197958110218,-0.0660013316948036
-0.0641132698876949,-0.132086765326726,-0.0649889690996293,-0.0619616383214682,-0.0645457384938604
-0.115040689049878,-0.109662975263623,-0.568919969698268,-0.0619345796364909,-0.0637505826355508
0.0821617503153784,-0.0955284886526513,-0.0636071931261314,-0.0619169548597919,-0.0631106290838432
-0.106180409257578,-0.0853545884743965,-0.0630414440950529,0.12714656550764,-0.062723862097737
-0.087719718559556,-0.0788565534230073,-0.0627239114557327,-0.118433708151666,-0.0624715602763405
-0.270095777435438,-0.242081917484971,-0.0624824381139572,-0.0954461281795368,-0.0622539996274882
-0.0750133113443539,-0.384025928438104,-0.0622921459129005,-0.0841744093006368,-0.0621198218858796
-0.474359095509725,-0.0707209048296225,-0.0621681137545309,-0.0761053724277621,-0.0619950343826558
-0.070965903860349,-0.163135366867415,-0.0620612463955444,-0.0715784339150623,-0.330976483411021
-0.0685360064596877,-0.0655522435238454,-0.0619953630774785,-0.068452477414627,-0.0618754037180875
-0.0666643678122583,-0.0636796469074478,-0.0619341124788698,-0.0587529440932059,-0.0620425185217899
-0.0651747660945595,-0.0627691331818852,-0.0619044470921203,-0.0678328904070272,-0.0618754037180874
-0.0641984994143381,-0.0618754037180875,-0.0618754037180876,-0.0656814004069125,0.0569732991447938
0.178688846183315,-0.0619700526645499,-0.0618754037180875,-0.0644750308275654,-0.153169110092214
-0.133756651977164,-0.0619019400785421,-0.441168474919919,-0.0635214829186667,-0.117637490243921
-0.10501513012564,-0.014629429625387,-0.0618754037180875,-0.0629558843895654,0.073107036089502
-0.0907009233129724,-0.0179987120840567,-0.0618754037180875,0.137562392231625,-0.135426576782892
-0.0206377056730531,-0.129004441421044,0.0657554080277794,-0.422271307611081,-0.0480632882230027
0.0969061330054398,-0.104939651029524,-0.100866759726953,-0.122556375092714,-0.111266437167353
-0.135280534139641,-0.0902440334262798,-0.0846934811960816,-0.0967791274063463,0.0867439563870776
-0.108055332620855,-0.0808040582377231,-0.0768966164212674,-0.0843964898358401,-0.135635824998893
-0.0931447921895241,-0.0748188698297729,-0.0714054087891893,-0.07733681607538,-0.110711357656731
-0.0824317488512538,-0.0710657606098118,-0.068347923909981,-0.336409373228833,-0.0938720993536041
-0.0760456119555267,-0.068546254944266,-0.0662508126413254,0.197983310614369,-0.0830132467795658
-0.0715483693011414,-0.232827147856565,0.105909956322401,-0.430112500551631,-0.814722323620417
-0.0688416941855119,-0.065739028897233,-0.27933484329544,-0.131615205808673,-0.0826370494178296
-0.0666633367160928,-0.0644511421960301,-0.0995921647891872,-0.110000796651593,-0.0765684482182227
-0.0651055198321001,-0.0635284261286596,-0.0871158422125646,0.142824297485511,-0.07192840404779
-0.0639699130719277,-0.0556309752614991,-0.0780344734503654,-0.14965939272886,0.120254017777659
-0.0632106086030161,-0.064614611530866,-0.0728891016164216,-0.117080941619812,-0.122271639713697
-1.08231521694746,-0.0632935783126881,-0.416302938683377,-0.317164706019761,-0.0978550693295912
-0.0630041848218738,-0.0627153566568221,-0.465353020824122,-0.337383488813243,0.0798925563966906
-0.0622721998939814,-0.0624021557323114,0.0836178550696253,-0.158484874186774,0.0032933159295772
-0.0619050131422744,-0.0622304640734974,-0.10043594640067,-0.0487759113746786,-0.138101795326203
0.176731148034676,-0.0621141960424253,-0.0967022062270413,-0.13211460668146,-0.645080933944217
-0.134856572062207,0.21166176125297,0.101658596523204,-0.109522176021831,-0.119074657321754
-0.105782080461329,-0.141475026496633,-0.130488071699286,-0.094438862254739,-0.101241723880419
-0.0784802685848344,-0.342904225551754,-0.104116747271788,0.0877441392592562,-0.08935009990762
-0.455518705115996,-0.102942129477992,-0.52125917932734,-0.127463246293627,-0.0814977662043481
-0.0839886995737141,-0.0884992074544274,-0.0905254183272992,-0.102636235049528,-0.0760212550840131
-0.0769293358127053,-0.449028808535805,-0.0689990995996448,-0.0893796986102268,-0.0718163515901315
-0.0727304840762965,-0.0800312728028596,-0.0796536851217789,-0.0796163000020901,-0.074536535097181
-0.0573019831916921,-0.0752789141821081,0.178660029100021,-0.0736664076391091,-0.0663230470218753
-0.0711090692787551,-0.0715612265849312,-0.282733102904386,-0.0696284910167476,-0.272732009510542
-0.0678904637437604,-0.0685762180056536,0.0975220622845966,-0.0672985913879998,-0.0637733615294599
-0.0657765254333131,-0.0666072064668105,-0.158528767835777,-0.50162423655956,-0.0628092613321329
-0.0643879768570666,-0.0648905822420369,-0.124422894485189,-0.0655986306687721,-0.062164855078573
-0.0633277616791661,-0.0638262082505792,-0.853862565787183,-0.064447127255515,-0.262132346261273
-0.0627284248097297,-0.0627216387898243,-0.123118402766349,-0.0634342864668036,-0.0618754037180876
-0.665544648115698,-0.0623836820382098,-0.106329245299033,0.0285633283912543,-0.0618754037180875
-0.0623337126509216,-0.0618952957002937,-0.0932145092547927,-0.0905548518233546,-0.0618754037180875
-0.0621782060462064,-0.0618882533024815,-0.084747778397573,-0.0785498931398421,-0.0618754037180875
-0.0620666621637378,-0.0618834565398575,-0.078431456597696,-0.0778306159866543,-0.0618754037180875
-0.0619968243370442,-0.562877917977871,-0.0730584737365151,-0.0687182126480818,-0.0618754037180875
-0.0619537752086072,-0.0618814241477628,-0.06956598034979,-0.066511946691851,-0.089948214839815
-0.0619137579624924,-0.0618797802943266,-0.0664004102071875,-0.0650048763376676,-0.0815665729747695
-0.0618943773722046,0.227059251444397,-0.0646171671971748,-0.0641563390367477,-0.0732225578032712
-0.0618754037180875,-0.919980639776677,-0.139686298447349,-0.0635092544811437,-0.0692742301409598
-0.0618754037180875,-0.175246696287253,-0.0624328790989923,-0.0629981010712292,-0.0664482300668835
0.13090593463573,-0.142592832156292,-0.0618784297720083,-0.0499196987355931,-0.0650598709992649
-0.119460924227059,-0.115996528025383,-0.0618754037180876,-0.0664221139516282,-0.0566032505848539
-0.0960856496037259,-0.100064540726246,-0.0618754037180875,-0.00106305725947727,-0.0657881792156593
-0.394679116635135,0.0491130831994033,-0.0618754037180875,-0.0832685841275036,-0.0643309530051267
-0.0817227245128985,-0.121656784306163,-0.0509722873962556,-0.314225262363524,-0.0635095060870541
-0.0754733307831136,-0.100220700254613,-0.0590262243885385,-0.0722007225339794,-0.0629584248102388
-0.0695608653518888,-0.0369875407684481,-0.065850683984167,-0.0684345541265502,0.204040703811765
-0.0691429985389927,-0.0947260148975109,-0.0642927657286289,-0.0663468179132471,-0.139893597248135
0.1277808607526,-0.0825899953672824,-0.0620586007093682,-0.0649088647214802,-0.109026713872205
-0.123113389184996,-0.0756781586835869,-0.0633113167306916,-0.0640744827455468,-0.0935559593402644
-0.0986808852729599,-0.070737147666596,-0.0627971155021978,-0.0634477575571859,-0.0822300760499295
-0.0864711939235865,-0.0677937495618774,-0.0625088850239645,-0.0741504167596587,-0.0758292528527149
-0.0776312863642291,-0.0654517901202515,-0.0623170304797579,-0.0626335177703791,-0.0713655755473747
-0.0724652250611067,-0.0644389281144307,-0.0621817201632683,0.0764313985739863,-0.412811887888293
-0.516261621320528,-0.0637371362241566,-0.0620867782023437,-0.104384354592884,-0.0689281348581932
-0.0697548333844652,-0.0630358244366278,-0.0620188424753144,-0.0169813608713436,-0.0667405099470103
-0.0675459327539725,-0.420217187022008,-0.0619697101887929,-0.0992682015737639,-0.15440671227829
-0.065784237274209,-0.336032301407752,-0.0619314223698742,-0.446567470399127,-0.11953100424434
-0.215226133771523,-0.0557663255203971,-0.298302445040877,-0.0838826867042797,-0.20157753933684
-0.886414168959248,-0.0641023791074578,-0.0618911539727939,-0.0763790402685791,-0.0731595509240474
-0.0712907320846989,-0.0631287491592992,-0.0618812787461845,-0.0721321712521669,-0.522397496542579
-0.0670182250968832,-0.0626313191876396,-0.0618782787444156,-0.0690447845934403,-0.082159007166549
-0.0649868265582021,0.130573054428436,-0.0618768259416141,-0.0669724463102619,-0.0757331565313987
-0.06198925712586,-0.119779334134475,-0.0618754037180875,-0.0655035072748295,-0.0717982973474451
-0.0633217785957735,-0.096314049428228,-0.0618754037180875,-0.487620405656097,0.185721479140325
-0.062802486374765,-0.0847849605166567,-0.53246158681337,-0.0643663434160556,-0.140404539662323
-0.0492081236368389,-0.0765177928431459,-0.0618754037180876,0.108565552696626,-0.109928438272804
-0.0665572628629512,-0.071864449350845,-0.0618754037180875,-0.114330016658312,-0.0941957158747462
-0.0645938688448243,-0.0686501587465423,-0.0618754037180875,-0.48569282039091,-0.0827298584772758
-0.0636506665349887,-0.0818806075368626,-0.0618754037180875,-0.0922585559644818,-0.374600709701928
-0.0629955088918896,-0.0653724451935548,-0.0618754037180875,-0.0812739343119131,-0.0746909880169733
-0.0626291137055061,-0.0643864594065156,-0.0618754037180875,-0.658913240774066,-0.0710145070227615
0.138548249764802,-0.063635409300541,-0.0618754037180875,-0.0781270045717228,-0.484389559277735
-0.108813705119921,-0.0629910728010202,0.0715994460448785,-0.0738575318017302,-0.328103905339042
0.110521640870718,-0.0625958697096535,0.0735273244962402,-0.110093773834789,-0.157827914584922
-0.819502033101919,-0.0622296280511938,-0.192774349390495,-0.112008133756496,-0.121254194504566
-0.169373277641651,-1.17288266168326,-0.463453132371223,-0.0923844072968359,-0.102183628898858
-0.138781597189341,-0.0618833592322458,-0.145074750915906,-0.0820355671041347,-0.0875669229723842
-0.177706804569664,-0.0618810911031755,-0.1196372476998,-0.572700176226693,-0.079281001809013
0.0189447962410906,-0.0618793062510359,-0.102724215444802,-0.075760202946286,-0.0732247684219787
-0.125202261790609,-0.0618781438035136,-0.0913563910177141,-0.0710275313314805,-0.0702062378875634
-0.103730118643461,-0.0618771429960654,-0.103083960403136,-0.0679852149834078,-0.0678718364684995
-0.0911879506123795,-0.0618765262324313,-0.0776712526189357,-0.0662662651638357,-0.0660116658968744
-0.126141749884935,-0.0618759530340766,-0.647942808945287,-0.0648994742034922,-0.0647875015131398
-0.0759601522158384,-0.0618756754543001,-0.0754100088512738,-0.0640041651743436,-0.0637285078475649
0.140419824164477,-0.0618754037180875,-1.12680192863499,-0.0632289937663532,-0.0630709744062858
-0.129870310140267,-0.0618754037180875,-0.0870706815472482,-0.0509723184914005,0.161792567997152
0.103981740364056,-0.0618754037180875,-0.0692623923551846,-0.00854475428182612,-0.128381989182151
-0.10157482358849,-0.0618754037180875,-0.0601186484572564,-0.0821206835536755,-0.101529033723771
-0.127342305229269,-0.0622652390463696,-0.0631869917649689,-0.0735938266668435,-0.0883520290602835
-0.10572295096245,-0.0618754037180874,-0.0626224586034678,-0.307816954158211,-0.0788326813658069
-0.0910224120850836,-0.0618754037180875,-0.06235868071722,-0.0682379652199411,-0.0734648379775065
-0.0820104153012519,-0.0618754037180875,-0.0621789225308072,-0.0660409342677595,-0.0697436501393302
-0.0758311347150113,-0.0618754037180875,0.0764859246115319,-0.0647127804164164,-0.0676343407641253
-0.0109694436032229,0.241675747022173,-0.104172959500084,-0.0639387689363299,-0.0660128561577015
0.146632786897305,-0.149129395752228,-0.0867141983771222,0.191420129514887,-0.167802633244806
-0.144196061310422,-0.114991212808577,-0.0782608179244366,-0.137204721946627,0.181247768738216
-0.113058640997805,-1.1037815821186,-0.0722862795827948,-0.107393891152627,-0.135028480042264
-0.096167737508764,-0.126518590812594,-0.0689527581828189,-0.0924132872200138,-0.105988113529001
-0.0841619123368039,-0.107911470568822,-0.0666608792451423,-0.0741522142470999,-0.0914538477647614
-0.542488368930147,0.134902433930225,-0.0653669351906406,-0.112474483618341,-0.0807228241117719
-0.0782549203154842,-0.149860316555126,-0.0643759242584111,-0.0726395891531077,-0.0865233439997708
-0.0736788155332393,-0.118688270627851,0.0853234544820902,-0.275351788543508,-0.0706530163784222
-0.0703031889449511,-0.281568266851326,-0.108124179515784,-0.0686217258205483,-0.0683050046114489
-0.0677181268189439,-0.168383229938241,-0.118352558971993,-0.066887224804694,-0.0664973576372643
-0.0659432777125089,-0.131251540279564,-0.0981718287778119,-0.0651377566648689,-0.0650592543457232
0.190305920819842,-0.317940329294465,-0.0738407954255175,-0.0639817363494114,-0.76157989324603
-0.138649339432378,-0.101275834503691,-0.0699749770052425,-0.0632536394039985,-0.0647406639383565
-0.644435586973893,-0.089252333001183,-0.0700064522595946,-0.047677425291339,-0.0637289827983447
-0.115282309497874,-0.0797817313977494,-0.066215738758605,-0.0669797151785309,-0.0627837279165907
-0.0969044802227611,-0.0749495718220185,-0.064932925668612,-0.0646234345430315,-0.0623250395073914
-0.0859065983778261,-0.0709913972295148,-0.0639699798709077,-0.0636545084198499,-0.0618754037180874
-0.0783634331698235,-0.0680695847093026,-0.063337979597439,-0.062987394848538,-0.0618754037180876
0.0362239226940478,-0.065877764428846,-0.0628083613135398,-0.590255657375173,-0.0618754037180875
-0.103896746270042,-0.0643048392351068,-0.0624796058633264,-0.0627181179587974,-0.0618754037180875
-0.0875217795160138,0.176250807730126,-0.0621808038782531,-0.513499755777243,-0.0618754037180875
-0.0791271067579155,-0.132784585625172,-0.0620329789285359,-0.06256389266109,-0.536997361487889
-0.0728740845220732,-0.10442163436622,-0.0618898053370077,0.150977508870248,-0.0618754037180874
-0.0629773378559014,-0.105229522491263,-0.0618855156170124,-0.125431931700868,-0.0618754037180874
-0.087266630630226,-0.0803015556431694,-0.0618818223169101,-0.0998372251087822,-0.103251652561293
-0.0663232548845244,0.162048983588817,-0.0618795462399117,-0.0871860373116725,-0.0618754037180875
-0.0646816545330785,-0.138713142885215,0.227156935321249,-0.0780528529312546,-0.0620511758608567
0.16929007113961,-0.726290311663053,-0.14537816534315,-0.0729133313831875,-0.0618754037180875
-0.132735844160462,-0.122739941812113,-0.112549196664637,-0.0693447229383229,-0.0618754037180875
-0.103870640522695,-0.102481055332015,-0.0820467396713502,-0.0673404633742735,-0.821945605834579
0.138421246167347,0.0541253524547646,-0.088119050456092,-0.065800729297395,-0.0618754037180875
-0.154482291368558,-0.123341637730151,-0.0794611337405126,-1.00899279258881,-0.0618754037180875
-0.114246961321751,-0.101247475070898,-0.0738051495924666,-0.0667728215956941,-0.0618754037180875
-0.0974701139238026,-0.0887271315355472,-0.0704642891542779,-0.0649965386854435,-0.0618754037180875
-0.0856238919849196,-0.0794885580356333,-0.0680161539642076,-0.0638949379245109,-0.0473791425856774
0.185750011432323,-0.0743284348747676,-0.0661007051760416,-0.0628651746840495,-0.0664790789247908
-0.148258424706186,-0.0698295350774263,-0.0648651785393241,-0.0623653868701894,-0.062807195100547
-0.298079859924619,-0.0674750523146984,0.124125195427162,-0.0618754037180875,0.210303373490885
-0.121004813475561,-0.065499154946935,-0.446626943431241,-0.0618754037180875,-0.208749957229057
-0.39258124784594,-0.0642035031212978,-1.00588577316914,-0.582325171672655,-0.216317926162065
-0.0895694173966788,-0.0632116997044114,-0.253897957915686,-0.0618754037180874,-0.166715056614528
-0.0806900032221564,-0.0627245473716835,-0.206139010406668,-0.0618754037180875,-0.135116903438476
-0.0753593521951666,-0.0624238156947637,-0.167624047570389,-0.0604337272060762,-0.112140610684232
-0.0712993413512829,0.101348703859053,-0.139902182363805,0.180868075244319,-0.0972032550592379
-0.157189108761873,-0.111327382729801,-0.120024995263667,-0.133484254207427,-0.0871556681306955
-0.0665266183128706,-0.090991138169626,-0.102820175087389,-0.104925364398946,-0.0805149726150799
-0.0648390343502284,-0.0811438533798494,-0.0890022841669891,-0.0906997067681527,-0.0751840318493307
-0.0637927755519302,-0.0741428216623851,-0.0877296152432586,-0.0803768388331376,-0.0711825828700441
-0.0628150334751184,-0.0702263624819188,-0.078976175743091,-0.0745366624143653,-0.0681961324826993
-0.0623405471747122,-0.0675295549227311,-0.0730139333817324,-0.0704815659837336,-0.065922143705222
-0.228912573743349,-0.066005851532668,-0.068425189925285,-0.0681780801253428,-0.0642486052204329
-0.0624722976137506,-0.0648387274678093,-0.0652273943430615,-0.0815310617044259,-0.604015520852729
-0.283744770852747,0.219135430133191,-0.06308402291809,-0.237494194015965,-0.0625419393099698
-0.120259839185137,-0.144991028808459,-0.0659145253537213,-0.0678124273391016,-0.0618754037180876
-0.0620569168719926,-0.11238169917101,-0.0620295901631372,-0.0656994433784687,-0.0618754037180875
-0.061997718394672,-0.0959104841257413,-0.0619819498482705,-0.0643102740978378,0.154297169430699
-0.061957649231468,-0.0837374861179293,-0.0619482605642531,-0.0633167828487163,-0.125927371267251
-0.0619351963694809,-0.0768318167672366,0.0866450618368382,-0.0627494269983432,0.14709682152323
-0.0619181512945334,0.157277247467338,-0.241631202039591,-0.062318240347727,-0.15572053367349
-0.135248844587342,-0.707384408416668,-0.0912171582916798,-0.0621921050497706,-0.113496671770928
-0.465362076284048,-0.143884467676228,-0.0823284150563827,-1.32268950450997,-0.104283573594873
-0.0618964645215339,-0.119034411934603,0.0654311188049915,-0.0624139811574618,-1.12549850526731
-0.0618889963870322,-0.0999306412524607,-0.112584733330993,-0.0622174172589937,-0.117953227057475
-0.0618820555170294,-0.0881729804951102,-0.0824997150071605,-0.0620961979857641,-0.101965561605114
-0.061878694252007,-0.0798710594762358,-0.084665285774506,-0.134489056901707,-0.09149716593742
-0.0618754037180875,-0.368499944308104,0.129842067834373,-0.0619328866628329,-0.0834472729523906
-0.0618754037180875,-0.0740292735002617,-0.13287085128563,-0.0618754037180875,-0.0766900959986881
-0.0618754037180875,-0.0698477393118117,-0.268455197689868,-0.0618754037180875,-0.0722086659869116
-0.0618754037180875,-0.370069886795369,-0.0968371879668919,-0.0618754037180875,-0.0681650811736698
-0.0618754037180875,-0.0608311520858414,-0.0848310656155217,-0.0618754037180875,-0.0657959566670467
-0.0618754037180875,-0.066899003155932,-0.071542414339176,-0.0618754037180875,-0.0635457594156229
-0.477583659837626,-0.0644908419593975,-0.0744674567798962,-0.0618754037180875,0.0401153781133919
-0.0618754037180874,-0.0633346483650535,-0.0705552130228617,-0.0618754037180875,-0.0936022089199565
-0.0618754037180875,-0.0623114662754341,-0.0694128878808649,-0.184006037622882,-0.0803313612739334
-0.0617691656021661,-0.0621693119858292,-0.065929161056864,-0.0618754037180874,-0.0728518265418591
-0.0619093082735381,-0.0620730587022717,-0.0646538921859906,-0.0618754037180875,-0.06987876637025
0.0749235476373853,-0.0620191136057014,-0.0562408553952549,-0.0618754037180875,0.0975350109765241
-0.103552767089173,-0.0619781536605753,-0.0652992585802157,-0.0618754037180875,-0.114820415780071
-0.20337101455138,-0.0619459137760241,0.186036275163009,-0.0618754037180875,-0.0937325608319101
-0.0800078472970763,-0.0619249137510585,-0.136004133219924,-0.0618754037180875,-0.0831741480246387
-0.0734090313261303,-0.353452075436789,-0.0939503027870938,-0.0617496313818445,-0.0755639005670582
-0.0696082075025651,-0.0619025534911599,-0.0954946182500604,0.247332073327806,-0.0712410033511959
-0.0672220180233801,-0.0618886900458718,-0.0833024655757699,-0.808669530881992,-0.0681911238879583
-0.0729049541542781,-0.0618819762752849,-0.0765166830217363,-0.268781285882626,-0.0664467984233477
-0.0646905554045828,0.213587037020825,-0.0717747195301237,-0.206419430837211,-0.0650769969204044
-0.0638108115955219,-0.483139219903084,-0.0690724799020616,-0.172776131256294,-0.0640447520551558
-0.0632362711603784,-0.130626415030645,-0.539781257641881,-0.141393039134895,0.0612153785808436
-0.406407707771598,-0.108938130227754,0.196881040206034,-0.119140765701436,-0.100821681275876
-0.0626636084822217,-0.0925396871684197,-0.142287558217388,-0.104192568327322,-0.0847341901743368
-0.0622621767399041,-0.0830789819019592,-0.136294146650952,-0.0934465902387208,-0.0768338826174217
-0.642332856359099,-0.23974834341822,-0.0956743260054292,-0.0844950031129063,-0.0713278549400298
-0.0618778504540737,-0.0744674485784481,-0.083457636500713,-0.0779262897305442,-0.0682001502731486
0.164955949468193,-0.0709755726978447,-0.0765558561519349,-0.0726561459924697,-0.0661503872606349
-0.128839064340184,-0.0681679233575539,-0.0716209393054284,-0.068852923448854,-0.0649946163707723
-0.101962741385229,-0.0663173364547027,-0.0690117008032527,0.158849274811547,-0.0794776814610421
-1.99166148607243,-0.0647051998491407,-0.0518062418446273,-0.129899263375114,0.224508317874592
-0.182968703257651,-0.0637059870386308,-0.0701903145430743,-0.102089629545322,-0.147464984802945
-0.152574980773021,-0.0627724437425556,-0.237094348038776,-0.0884636533531051,-0.462229722204282
-0.127864930149165,-0.0623194499043653,-0.710273028258817,-0.0789037863367215,-0.699184392899513
-0.11273490149485,-0.0618754037180875,-0.167466997591787,-0.0735091263626113,-0.120458564259554
-0.0998880393751855,-0.0618754037180875,-0.136187739608184,-0.0697740132067024,-0.103274378798718
-0.0858953053382012,-0.0618754037180875,-0.110478159901772,-0.0676567166407446,-0.0905136476909478
-0.0821310577431238,-0.0618754037180875,-0.0964851633789808,-0.0678062160919126,-0.0832211636997778
0.0385693092663911,-0.289170604290673,-0.0858539190003163,-0.644621954143532,-0.0232163271363152
-0.104547596861207,-0.0534800540025332,-0.079628030869817,-0.201730419361956,-0.0892677439467409
-0.0863384946767279,-0.0645471208056479,0.108115681315359,-0.151247671003679,-0.0791911976311522
-0.077426302960339,-0.0633944515279506,-0.130655983797131,-0.124153999709068,-0.0731374777281741
-0.0705502046990163,-0.0628578720798885,-0.101112275855202,-0.102711388636121,-0.0690888407035319
-0.0677680856811752,-0.0624916015947483,-0.088022443911509,-0.0901748144126005,-0.0661870988508288
0.103180688157176,-0.0622907866991397,-0.0786500052058123,-0.0810198525080218,-0.0645116576940589
-0.137113347197486,-0.062154779521969,-0.072867308790478,-0.0760248979369544,-0.0632424526496495
-0.0946569342065186,-0.0620785450617791,0.144046417041144,-0.178370114133467,-0.0628538451003476
-0.0837157620864054,-0.723207034253669,-0.129294767954059,0.103376462048709,-0.0625473353038382
0.102207973939313,-0.0620684984035024,-0.102895729473273,-0.118878548902936,0.10280061326106
0.0103063259971003,-0.0620110031212708,-0.0894250230159263,-0.0960686382778318,-0.111947033185004
-0.137118739433343,-0.061961485220506,0.0831761461046304,-0.0845966151415783,-0.397722928860392
-0.110476590966766,-0.0619309637997181,-0.121855188721201,-0.0760839073939069,-0.0885382137913991
-0.0944194591777153,-0.0619025938191768,-0.235082402640689,-0.0713693677082937,-0.747509867202438
-0.0835652969189824,-1.62579576805232,-0.0906203266626005,-0.0678761606643962,-0.0846801122061577
-0.0768030836016287,-0.0618754037180875,-0.0817565120543493,-0.0663397021999879,-0.105823975486954
0.0957605847637056,-0.0618754037180875,-0.0747845421302429,-0.0650755813418933,-0.0737259202527005
-0.119210655168732,-0.0618754037180875,-0.21481969320235,-0.0640766545896139,-0.0704341812442205
-0.0967486057692591,-0.0618754037180875,-0.0691497495635436,-0.0634231895859964,0.132472714436633
-0.0852438961592704,-0.0618754037180875,0.0921414068344826,-0.0628593265071539,-0.125167170237662
-0.0768626073544839,-0.0604228310017134,-0.117367061055568,-0.0625110339399457,-0.0999051889657684
-0.0720256909534073,-0.0623387615549176,-0.356691580347083,-0.0621872077566314,-0.0360190143587684
-0.0686232226011916,-0.0621383972786598,-0.0898149999712091,-0.0620300899519914,-0.0872642463905132
-0.0666160854451402,-0.0620453231434696,-0.079821153744245,0.183051769771967,-0.0723098341527624
-0.065114285159364,-0.0619819056589504,-0.0739588162173343,-0.133728232971646,-0.0795231647137184
-0.064017816816624,-0.0864609159618429,-0.0699912409380744,-0.105062640867752,-0.0735942608511335
-0.0493586917588851,-0.0619248532809243,-0.0749823818847426,-0.0907979403149964,-0.0699643449512843
-0.0672783458852633,-0.0619113526302872,-0.0660411372359778,-0.0804367718334478,-0.192019935486845
-0.0650282050301344,-0.0619011041581541,-0.0647438780608193,-0.0745783960748922,-0.0662548457143217
-0.0638208630716198,-0.0618930389766303,-0.0638943669983931,-0.0689081329026372,-0.0648318142329204
-0.0634470800442399,-0.061887786106738,-0.0631590623400009,-0.0687011078577335,-0.0653198703886897
-0.0625717779819975,-0.0456808102633498,-0.0626005174867213,-0.0667076396785444,-0.0631136732724
-0.837720815624145,-0.0670229504301513,-0.0711281894824175,-0.0651928861795158,-0.322487867042557
-0.0626153393826629,-0.0648074302608988,-0.0620971682151888,-0.0641969450107723,-0.0623449296389557
-0.0624047148142216,-0.0637735752918923,-0.468790593774975,-0.0543207129552972,-0.0621342642052
-0.0622387633718624,-0.045741058677538,-0.0659991690096544,-0.0657035967243505,-0.0620172093227375
-0.0621306074997468,-0.0681656734333315,-0.0907782248837239,-0.064161619791511,-0.0481400929919214
-0.0628768832638412,-0.0655456553860913,-0.0633348239496826,-0.734255713736014,-0.0662645354995007
-0.061980074722521,-0.0642969049711552,-0.062887950093947,-0.671359262682685,-0.064366163427731
-0.0619266296918299,0.0240046356786101,0.21742545967465,-0.0635360488388271,-0.0634876328310859
-0.0619007451965247,-2.65046575429832,0.0811064491092063,-0.0775670325456766,-0.0628871020488537
-0.0618754037180876,-0.298220971309039,-0.170262553044819,-0.0626970012948062,-0.062557622019091
-0.0618754037180875,-0.251729593779232,-0.0214866063956474,-0.0624585928240776,-0.314893553492714
-0.0618754037180875,-0.20314768780973,-0.471605827899906,-0.0607296787010714,-0.0623050817790385
-0.0618754037180875,-0.169567937116051,-0.0414456267658863,0.00421266391795427,-0.0621826910315859
-0.0618754037180875,-0.141439219690221,-0.137895825509157,0.10027521233756,0.108528605927416
-0.0618754037180875,-0.0615567288152673,-0.112823070555496,-0.12767353498002,-0.113363026759856
-0.0618754037180875,-0.125400443888861,-0.0982444736007936,-0.102098781178546,-0.0923210217244432
-0.517386678955636,-0.105054920490091,-0.0870095619918834,-0.0885991469651516,0.196253508323676
-0.262297441630657,-0.0924685829694549,0.0571501890913665,-0.0792022343001449,-0.153105532133546
-0.196448616398698,0.0281690769289443,-0.114814668050363,-0.52171829947802,-0.118782566433063
-0.159542419536069,-0.0427767353789683,-0.117879804873203,-0.0746805127612853,-1.06799181959346
-0.128331361140315,-0.107485727131578,-0.0841292084586986,-0.0712563577019673,-0.130741484559523
-0.109306326300026,-0.0903027448698863,-0.542942461242858,-0.0685841601573417,-0.111567685706843
-0.0950589701817091,-0.0791148882939013,-0.076652479860434,-0.0665237029797036,-0.0491864537477631
-0.0867087238266378,-0.0732921450884067,-0.0713259637794774,-0.0650925490425456,-0.102056975392845
-0.0800143780787611,-0.0696568368648309,-0.014035015747722,0.204724042915371,-0.0889463537801655
-0.0772663762905744,-0.0673271991266289,-0.0840862112809949,-0.141090443710687,0.141321372958138
-0.0708712416669817,-0.065794010409191,0.107352462473681,0.133435572876296,-0.0463399971469948
-0.185575837490581,-0.0645756563826725,-0.123902423604121,-0.678819362126957,-0.24246102154671
-0.066073538928504,-0.523880947672922,-0.0993322388561617,-0.169298088888751,-0.114260192686653
0.0589074352825646,-0.0637780061601903,-0.261450220120895,-0.138904142631723,-0.0962069213650537
-0.100403734152886,-0.0630952570429061,-0.08101323780876,-0.113396017683294,-0.0848822174593501
-0.0838699459562667,0.0936863391038071,-0.0750094223801136,0.0920569424420555,-0.0771154289052734
-0.0763445125625435,-0.109446754114906,-0.0707151186380305,-0.142934127278433,-0.0727601038625805
-0.279386725376546,-0.0898159978548643,-0.0683052159842134,-0.0206892131190295,-0.0697408893930554
-0.0695539096671863,-0.0802913424197449,-0.0664876643173187,0.0110105270633317,-0.0673809190805569
-0.0670713203409469,0.0672612773090656,-0.336918403519209,-0.140292490410024,-0.0656848976122989
-0.0656695959590907,-0.111935780265784,-0.0647604776573403,-0.375092741396338,-0.0643860517945212
-0.360820644463439,-0.0922182531773361,-0.0636683720462224,-0.106634901112385,-0.614684496018248
-0.40083424418954,-0.0823920539772798,0.169301779470277,-0.0922654927030692,-0.063398067102357
-0.0643563061515524,-0.0752842421052715,-0.367577496725131,-0.0823443912408526,-0.0626259781367956
-0.0634533602812867,-0.0710460245590959,-0.114473271008718,-0.0759856494929774,0.067957692997039
-0.0628951248715607,-0.0681448859834413,-0.0971877981716682,-0.0717094506247032,-0.101561533128674
-0.0623747953860049,0.0572738380155968,-0.0846583586291396,-0.0688461089061763,0.0443195637154758
-0.0621225354429187,-0.101404616689801,-0.0775236159224063,-0.066554483527288,-0.115370259523741
-0.713552615206524,-0.0863290189984583,-0.0725356968165869,-0.0648868425466075,-0.0944120789293567
-0.0618754037180874,-0.0780219625149277,-0.069696868794377,-0.0637318235196012,-0.0837287707059833
-0.0618754037180874,-0.0720630530182816,-0.067504657782445,-0.062847408284254,-0.436835555102179
-0.0618754037180874,-0.0687696911546549,-0.341120823622743,-0.0623526645575321,-0.0761572044189817
-0.0618754037180874,-0.0766055206875945,-0.0654776921263091,-0.0620538536259048,-0.0717881290525206
-0.0618754037180874,-0.0637279866181469,-0.0641687136705867,-0.0618754037180875,-0.190418760873772
0.147501347411558,-0.064622353353537,-0.063358280548163,-0.0618754037180875,-0.0832254739825492
-0.124059954645773,-0.0637101036022874,-0.0626018689602513,-0.781099864189419,0.0262288309011449
-0.0989566012024071,-0.0631503748508121,-0.0622349673635671,-0.0618754037180875,-0.101560849568007
-0.0865805961444439,-0.0626851678215199,-0.0618754037180875,-0.0618754037180875,-0.0851835421053908
-0.146724587282669,-0.062401301680725,-0.0618754037180875,0.100216251198514,-0.0771698871310241
-0.0734386814297878,-0.0621471520988525,-0.0618754037180875,-0.110809804657985,-0.0713577891711774
-0.0697257188946223,-0.0620211461049726,0.123457751771455,-0.0907428157016755,-0.0682450019312723
-0.0676211269973348,-0.0619017538115482,-0.117378855330472,-0.0870420270264058,-0.0660497097385192
-0.0660033158789665,-0.0618927673474863,-0.093314802891834,0.0962297686569978,-0.0649208920706065
-0.0647177438134227,-0.181867351293619,-0.0843057058220176,-0.114781727280867,-0.0640583033818811
-0.0638759279294496,-0.0618841289708782,-0.0760835480305986,-0.0992577268391594,-0.063376005793374
-0.0631473195669528,-0.0618810349500271,-0.0715555853257842,-0.0870616368644016,-0.0629303651407447
-0.0626971453829402,-0.0618781594388905,-0.0791195205066223,-0.111950327649988,-0.0625456202422526
-0.0622777788282188,-0.209302197962386,-0.0667117683728913,-0.0735208712115644,-0.0623081934319428
-0.0620745108517278,-0.0618754037180875,-0.0653439487304127,-0.0698428534337183,0.109536644079908
-0.0618754037180876,-0.0618754037180875,-0.0643475849361773,-0.0675582833114895,-0.120193688555961
0.165777955903003,-0.0618754037180875,-0.0635569371051482,-0.0658974779310951,-0.0964866744194999
-0.12906130358031,-1.12992779181816,-0.369521568154722,-0.0645335625385412,-0.0180168013489513
-0.10210317679367,-0.241455637045755,-0.480069770733642,-0.0636844051771943,-0.0967654296889903
-0.0887484483686214,-0.180221310502934,-0.0625788345314557,-0.0629401213403446,-0.083761422188747
-0.079092227648827,-0.146511968956819,-0.354459134512726,-0.0625625751125545,-0.0765322857318092
-0.0736448130790542,-0.118816610558884,0.202638437764282,-0.0638650783235452,-0.0718435035576532
-0.0698670509159302,-0.102153731025757,-0.313220809272572,-0.138766685641536,-0.0688498542230149
-0.0677252875596115,-0.0780465370234119,-0.117508422399712,-0.340322136719118,-0.334596858535105
-0.0660785252142393,-0.195211257087995,-0.099530533292987,-0.0618754037180875,-0.066346467965425
-0.0647697144899418,-0.081174879460678,-0.0862173921704002,-0.0536316735918175,-0.0649047161312695
-1.86866829008854,-0.0752356617035291,-0.0786166313770775,-0.0644990052560457,-0.914989688117874
-0.0697746957469038,0.164676848540186,-0.210140586382366,-0.0633670383143241,-0.0647568975845655
-0.0670068607069819,-0.32121606470675,-0.136323316582151,-0.0628401203595652,-0.0635606199488419
-0.0643961706439033,-0.258382892636813,-0.108309893775964,-0.062480459087334,-0.0626266085298568
-0.0565149419680627,-0.0985800219737383,-0.0933789417840132,-0.0622832716576466,-0.0606394922545794
-0.0639801682478805,0.118950284588495,0.0349661815731824,-0.0621497233759506,0.203402549062544
-0.0630715691091028,-0.140398860353399,-0.110824282774477,-0.0620748677367441,-0.00230971658381731
-0.0626488369884749,-0.111122223826915,-0.0920931094784109,-0.0620180236638781,-0.164796085178859
-0.0608541605886214,-0.0959199671660035,-0.178643777497729,-0.430393746415096,-0.129067873450652
-0.0626824534894954,-0.0845724940013868,-0.0766140852419513,0.121307667513359,-0.492648214243085
-0.0623678949962349,-0.0775265887508158,-0.544167776672746,-0.641691525151666,-0.357860851037084
-0.0622114623015366,-0.0726674016146008,-0.0727202020336626,-0.117611447567429,-0.103160595081846
-0.0621001621420256,-0.0695076559826428,-0.0695119148484373,-0.0995931937978435,-0.0916615780104688
-0.848489615534079,-0.067233048341216,-0.0672159659528577,-0.0862547773473998,-0.0840983229549716
-0.0517909669656324,-0.0653278642267763,-0.0652728117727304,-0.080284954555659,-0.0776092624936432
0.0534550884932195,-0.349356813383586,-0.0641210804993774,-0.456235630277838,-0.0729278824468995
-0.00621336090227864,-0.063572481418792,-0.0630812154271534,-0.074222865685814,0.137562606192561
-0.11194932347352,-0.0629681558396659,-0.062654395339099,-0.338427886184296,-0.12755546039172
0.1183131048132,-0.0624106579288418,-0.0622568336365726,-0.710726567894787,-0.101199349714772
-0.142256461391353,-0.0841392936582469,-0.0620641435948681,-0.0727297479840993,-0.0877322403050849
-0.0632719923134867,-0.161199919472716,-0.0618754037180875,-0.0688268512748077,-0.0780244899579813
-0.110173223620394,-0.122951154169337,-0.0618754037180875,-0.0663875932487765,-0.0726375157832952
-0.0867477483427128,-0.103408102078381,-0.797312050815488,-0.057937183715993,-0.0691749201750133
-0.0853096494653595,-0.0888112393444062,0.160751411081696,-0.0649284595072269,-0.0539384485554385
-0.0775728356704736,-0.0804415801661419,-0.127692416886526,-0.0629903061178574,-0.140819748732326
-0.0730286635497462,-0.0745548394024029,-0.101239397587738,-0.0625962445832153,-0.114088445041698
-0.0696487860512384,-0.525554104012677,-0.0881521946041337,-0.0623274142494047,-0.381078299754806
-0.0672391976636881,-0.0781050297565407,-0.0787019089476619,-0.0621800650646978,-0.089757225899547
-0.0655489690636904,-0.0692554192252373,-0.0733741874688522,-0.0620802920516879,-0.0798636487738224
-0.0642024441410296,-0.0670898560754013,-0.0696815093657751,-0.0620243737197833,0.130794867544553
-0.0633414701605176,0.13060860502914,-0.0675885501802135,-0.061981915026431,-0.129821245561812
-0.0626430001126941,-0.122178625528886,-0.0659797964943891,-0.0619484951686323,-0.103554321761629
-0.0623155300244269,-0.0876549079882598,-0.0647014929544789,-0.0619267264397368,-0.0901070631579104
0.215864232836479,-0.0946549286208756,-0.0623350551067105,-0.0619079822733168,-0.0802157578051572
-0.597354849649889,-0.0785512215940526,0.0901861331259244,-0.0618964301577117,-0.0744889009612097
-0.139899888572989,-0.0732166678051339,-0.109425655042349,-0.0618856934134873,-0.272485891141094
-0.115715649207642,-0.0695168132262796,-0.0898561779578146,-0.0618804938725078,-0.0693665026919331
-0.09715136237513,-0.0674255475508355,-0.0803149666932845,-0.0618754037180875,0.152829859020589
-0.086364502357896,-0.0658395873683266,-0.0734941725032865,-0.515212582922825,-0.0800945080354815
0.0632468386788289,-0.0646191949344655,-0.068096005670549,-0.0531980958692463,-0.117146849970363
-0.116248532006135,-0.0638097253533784,-0.70245081741595,-0.0646365852538251,-0.0979150952868193
-0.0958143683110872,-0.0631147374403806,-0.0698362957012798,-0.063445428247511,-0.0840087076999249
-0.0847706554886228,-0.0626833297098578,-0.0747824337214136,-1.06322421893639,-0.0779630870655836
-0.0769443486684624,-0.0622840700905652,-0.0658037073627499,-0.12538296576977,0.166416531726569
-0.071993154978633,-0.0474779461939664,-0.0646343942211723,-0.063119178023495,-0.138612464872717
-0.0686632904339049,-0.0665323082459901,-0.063636901437322,-0.0627125140053484,-0.107827680024706
-0.0664233725933675,-0.0645259941579309,-0.0630212969242533,-0.0504561499251695,-0.0943142047417024
-0.0649503927839883,-0.0635855911783677,0.218232947313183,-0.0661305267154432,-0.0829779569405188
-0.0636989039659567,-0.0629486580092795,-0.143354722886397,-0.0643491917655419,-0.486393162102644
-0.0631577235509912,-0.0625991683476662,-0.111201389994783,-0.0634933478024254,-0.0766122495467014
-1.492231059063,-0.0623623145992852,-0.0950793700206561,-0.0628923794173499,-0.0724050366218371
-0.0640751581173259,-0.969399598286175,-0.0832610811286665,-0.062557413160428,-0.255060469481709
-0.0629536452282288,-0.0625028410813203,-0.0765439993186114,-0.0623185047950615,-0.0726018604033415
-0.0624092192626803,-0.0623061604026445,-0.0718591643814038,-0.0621878819409793,-0.068759617062722
-0.0618754037180875,-0.0621779608163565,-0.0691940536037254,-0.0620839926852819,-0.0663022733398439
-0.0618754037180875,-0.0620674998777204,-0.705334217324159,-0.0620185564283986,-0.0647104683060009
0.0541809432742288,-0.0619994002679422,-0.0698547516162113,-0.0619759274424687,-0.0634765417973345
-0.0974722491863272,-0.0827663334096664,-0.067367246533537,-0.0619392165735659,-0.0628060919007881
-0.0826502811912931,-0.0619060565833414,-0.0653842830402273,-0.0619165900636245,-0.0622528267219591
-0.0755282342372439,-0.0618754037180875,0.221922354681901,-0.119001633613041,-0.0605719364350371
-0.0705275258958292,-0.0618754037180875,-0.145547811559012,-0.0618859604423576,-0.062559694251532
-0.0677473453130907,-0.570889092695057,-0.600189337738951,-0.0618754037180875,-0.0477221746846953
-0.0658428209990101,-0.0618754037180874,-0.117726221771273,-0.0618754037180875,-0.0651057127110822
-0.0647694315975085,-0.0618754037180875,-0.0985476694853191,-0.0618754037180875,-0.0652027426822028
-0.077679945039154,-0.0724476613977223,0.136665326790015,-0.0618754037180875,0.16515970834478
-0.0633207843153115,-0.644922726012306,-0.543498076262875,-0.0618754037180875,-0.437200716682139
-0.062891495229924,-0.0618754037180875,-0.140001826686469,-0.0618754037180875,-0.231299976480323
-0.0625209056815713,-0.0602636223768262,-0.117075176425613,-0.0618754037180875,-0.0263445138657864
-0.0654572692633627,-0.0623895198273713,-0.098905927867829,-0.0618754037180875,-0.181542635345499
-0.0620800906106173,-0.0536954318769563,-0.0878945361261912,-4.60125425062763,-0.146628814317612
-0.0619766738953976,-0.0647588348250872,-0.0794915829681517,-0.0618754037180875,-0.118824088589907
-0.0618754037180875,0.216935934087257,-0.074514830694946,-0.0618754037180875,-0.101894933737945
-0.0618754037180875,-0.144020299587986,-0.0703544011184873,-0.0618754037180875,-0.0902134788109668
-0.0618754037180875,0.0981227152628409,0.131375044668836,-0.0618754037180875,-0.0807964403304131
-0.071852097043297,-0.153109996843847,-0.124138392960539,-0.0618754037180875,-0.076947841562643
-0.192882897333226,-0.119458797682319,-0.0992153763881564,-0.0618754037180875,0.040797801215
-0.187901894992684,-0.101492577766999,-0.0867572976941151,0.091029186605088,-0.336105101472768
-0.0618754037180875,-0.0881766922046481,-0.0776079579181534,-0.108182850390199,-0.092987855487056
-0.455516742757852,-0.0805000514296315,-0.0724990673949651,-0.0891351607997379,-0.0823218738511204
-0.0618754037180874,-1.1044754087566,-0.0688621730104211,-0.0798874943414094,-0.0744234252594081
-0.179494074623737,-0.0883051763385507,-0.0669852556327786,-0.0733310852563992,-0.0701312455718592
0.206173265891089,-0.0810695199001316,-0.0655444761204562,-0.0696684365441643,-0.0671587146064218
-0.152511805962067,-0.0748773042574866,-0.064400822393365,-0.601852534337767,-0.0655695705014348
-0.109612829778662,-0.0708389581376236,-0.446523660214471,-0.0670329846871365,-0.0818779914266546
-0.0939691657691901,-0.0671632990214235,-0.063532364637912,-0.0670584746391593,-0.256271606307669
-0.0825263225086085,0.0576828269125497,-0.0629462494493833,-0.0653929960884891,-0.0634547648530547
-0.07603355848666,-0.100564021431475,0.0733127245547228,-0.064337965562183,-0.0628781764701588
0.0978630136222955,-0.0844274405687025,-0.103456677045508,-0.0634403113103905,-0.0625225972080283
-0.119149892990723,-0.0763463305082561,-0.0861225749300496,-0.0628896846901306,-0.062191431962987
-0.0968527780628596,-0.070942953312159,-0.0778564961022428,-0.062385187338159,-0.311971569547159
-0.085329261166545,-1.10386891110525,-0.0720223959775681,-0.0621388275639315,-0.0618754037180874
-0.0771097123204998,-0.0738402602658828,-0.0687705498988305,-0.0619003462733739,-0.0618754037180875
-0.0721801780545103,-0.170467441839544,-0.0665381623699837,-0.0618925189164651,-0.0618754037180875
-1.1912167379765,-0.06886544444533,-0.0681891909898732,-0.0618874209473119,-0.0618754037180875
-0.0768484813938997,-0.0666998630680991,-0.446086761728212,-0.0618830317505718,-0.0618754037180875
-0.0723885030167096,-0.0652762308734173,-0.0643412848259956,0.0899195462333819,-0.0618754037180875
-0.0686412246790479,-0.064041188573487,-0.0636104077222931,-0.107867972567408,-0.0618754037180875
-0.0666533768297595,-0.0632762713238153,-0.0629782644433934,0.199019621410615,-0.356023484328162
-0.0649201180000966,-0.0625628596425706,-0.0625878254307791,-0.159645257537741,-0.148172769238777
-1.10123746219294,-0.0622165246332081,-0.0671748199041111,-0.868112214499956,-0.0618754037180875
-0.0646021284299948,-0.0618772832131297,-0.0620488584315863,-0.151941271926899,-0.0618754037180875
0.0982786109965575,-0.0618766167274017,-0.0618754037180875,-0.123490811774284,-0.0641081493999773
-0.110642749764046,-0.0618759973189264,-0.0618754037180875,-0.106241410640175,-0.0618754037180874
-0.0906403778513697,-0.0618756973611859,-0.0618754037180875,-0.0932125631360914,-0.635256193278642
-0.0809061148574053,-0.0396523815098826,-0.0618754037180875,-0.0850349486300578,-0.0618754037180874
-0.0739890894513483,-0.115821677584512,-0.0618754037180875,-0.0787116805273403,-0.066270011308005
-0.0701206399699001,-0.0938289766495744,-0.0618754037180875,-1.28280834433308,-0.0618754037180875
0.0297986727878745,-0.0830724422747766,-0.731829077633357,-0.089234345433815,-0.0618754037180875
-0.0957111303137596,-0.0753921600927134,-0.0621979168527964,-0.0789945416844874,-0.0618754037180875
-0.0821693887015372,-0.0698363811809843,-0.0618754037180874,-0.0727516161806619,-0.0618754037180875
-0.0753204005918783,-0.0685099754730641,-0.0618754037180875,-0.0667085744970111,-0.0618754037180875
-0.0705417983580898,-0.0666618265993606,-0.0618754037180875,-0.0642749444269169,-0.0863815655446484
-0.0677032552628925,-0.0652954556556245,-0.0618754037180875,-0.0618754037180875,-0.0618754037180875
-0.0657891782887523,-0.0642200836383734,-0.0618754037180875,-0.0618754037180875,-0.0618754037180875
-0.0645949095552237,-0.0635223120608259,-0.0618754037180875,-0.0618754037180875,-0.0618754037180875
-0.063762640784383,-0.0629245567099341,-0.0675242473110914,0.10076750931229,-0.0618754037180875
-0.467269288666961,-0.061041183077656,-0.0618754037180875,-0.110966884058491,-0.0618754037180875
-0.0631414731743687,-0.0626988768963216,-0.0450115797210468,-0.0908391617792458,-0.0618754037180875
-0.0626798759980229,-0.0623223990714889,-0.0672266404433412,-0.0810408295604621,-0.0618754037180875
-0.0623949459749808,-0.062063363557481,-0.828867820346467,-0.0740761945290941,-0.0644056370320836
-0.0621297462002666,-0.0619933002023866,-0.0661187957919605,-0.0701805392571229,-0.0618754037180874
-0.0620012459932737,-0.0619546543958111,-0.0645439130460482,-0.067498312803792,-0.0857936124876271
-0.0618754037180875,-0.0619278957122736,-0.0636773591158588,0.092904772583813,0.272875515971583
-0.0618754037180875,0.241994445780364,-0.0630887592103213,-0.112532775292716,-0.157752178314604
-0.0618754037180875,-0.149242075367462,-0.879739576699965,-0.0921242262930449,-0.565678505978506
0.135909018598901,-0.115067426792788,-0.0633059510627977,-0.0820198263016751,-0.124851559342406
0.0962406934355439,-0.0978040714938591,-0.0628581879150263,-0.0747207065358308,-0.619947286382745
-0.156211456940725,0.0532601652283051,-0.0625660212988794,-0.0705994042607942,-0.743709270405732
-0.122183572660072,-0.119073889441341,-0.0623140220390685,-0.0676809017770222,-0.127759943747683
-0.102439313297989,-0.108323457886114,-0.0621585858107323,-0.0660526700762165,-0.0215609220902546
-0.0888214691102467,-0.086645537071363,-0.0620140114178826,0.0741203595796555,-0.125647071595376
-0.0804351393528261,-0.651352372272256,-0.0619439773962543,-0.105953717838641,-0.104433686846968
-0.0749083802478178,-0.082113225886882,-0.0618754037180874,-0.0880268718986978,-0.0918619618897204
-0.0713994803542089,-1.18376955738374,-1.18674897062342,-0.079124239361318,0.137261691612964
-0.0686406506580913,-0.0920969531975275,0.210429800586176,-0.0713778804404139,-0.13946689291957
-0.0665822365309946,-0.0755289682067061,-0.141003199914092,-0.0697028033689728,-0.885617350134701
-0.0650801628129013,-0.0780291904543803,-0.10972119926524,-0.446992458826211,-0.0921932277559162
-0.0621802135429867,-0.0723660974877244,-0.094044992296613,-0.065908525156374,-0.116538704537019
0.145920821778858,-0.0675967645770707,-0.0825764192759223,0.100652365957313,-0.0991011245841461
-0.124902202108234,-0.0644097008886707,0.126928649360013,-0.114715112189129,-0.0328769349744197
-0.0993939087843193,-0.0641646996917882,-0.130667054203877,-0.0934872380904074,-0.0967478139362392
-0.75858078969574,-0.0631079060283044,-0.104517329690084,-0.0828237221049436,-0.0846981901264778
-0.093278244118752,-0.0505383621107043,-0.090871835869302,-0.0752598047752628,-0.0772362754352866
-0.0836031808931545,-0.0658080633899009,-0.0807697006989021,-0.0732062202000811,-0.0722458044985373
-0.0767599699918105,-0.0641391443629425,-0.0749042051967703,-0.0679225915104208,-0.0686398049191822
-0.0728355370425086,-0.560302515969144,-0.0706431121475165,-0.0661678435074906,-0.0663746575825254
-0.0697833265597798,-0.0634010996487682,-2.14336295337401,-0.0649539308756584,-0.0646596446457123
-1.16125023914898,-0.0629045691393735,-0.0967207240388792,-0.0639920966961094,0.081636325764102
-0.0734210762200548,-0.0625601014429177,-0.0852893174395203,-0.0633627847422409,-0.106749576910078
-0.0692744003443119,-0.062928834860875,-0.0776997060723352,-0.0628196127865597,-0.0883369938371161
0.101777622886975,-0.0622185650837859,-0.0720414806834745,-0.0624845553898307,-0.0793325851190612
-0.114713272838959,-0.0621105276400466,-0.0684918402276673,-0.0621736462626314,-0.0728931300917638
-0.0929830677846602,0.0844493218855577,-0.0651367429124554,-0.0620224300090655,-0.0693956808531067
0.116057342947399,-0.106431441628338,-0.030126243075902,-0.0618754037180875,-0.0669445731898691
0.0518062165114262,-0.0880736419022563,-0.0724208544764612,-0.0618754037180875,-0.065541464353602
-0.154861435516545,-0.0791609642574735,-0.0679108917215231,-0.377580470399664,0.137806869079041
-0.122164086599249,-0.0728583855634167,-0.0657942936239119,-0.0618754037180875,-0.123676428700505
-0.102818074528055,-0.0693335829494832,-0.0643396677821473,-1.76350925695784,-0.0989356826139594
-0.0894397257550203,-0.0669212940890791,-0.0635393095835919,-0.0618754037180874,-0.0865532745872549
-0.0809050215097401,-0.0655595637338643,-0.0629955286372535,-0.0618754037180875,-0.0776713587635865
-0.0753082828234734,-0.0645175311457214,-0.062690267678406,0.0427318585191997,-0.0725697861171814
-0.128437782218002,-0.063692399727204,-0.0624579957451581,-0.0940871274932336,-0.0690874372589763
-0.117535887682552,0.0611965707994673,-0.0622752093505075,-0.0806237555776881,-0.0670633056103742
0.0893120959095387,-0.100652040257275,0.037166914959457,-0.0741756197321349,-0.0656007464490878
-0.137128877800533,-0.362900218176981,-0.0926817719457695,-0.0696616937311175,0.166198566933572
-0.0619143056690363,-0.0815982060907561,-0.0797988531176242,-0.0671558797173067,-0.13140508845223
-0.106936646472024,-0.0743934456710937,0.135532112047935,-0.0654414219887297,-0.103694379191185
-0.231330417067528,0.124678147231297,-0.130394689580694,-0.0644757275040616,-0.0898485214408579
-0.0844068948943655,-0.125036122142289,0.0972960968097383,0.116321342632471,-0.0193527697613468
-0.077031311409511,-0.102428518865467,-0.136367135023223,-0.117026699982618,-0.0852530603956601
-0.0726764789327207,-0.0878891826729436,-0.117530670159136,-0.0947319828032052,-0.075515062574306
-0.0695154033326836,-0.0786971239826974,-0.0998429712789151,-0.0836786700078222,-0.0784735614948487
-0.055590904700914,-0.0734262524050779,-0.0870275670455051,-0.0757957740604417,-0.0728167428892856
-0.069204225620427,0.0868078315149447,-0.0726803074783339,-0.0632092758281082,-0.0692878494964414
-0.0662643697569382,-0.114251011232373,-0.0762416992610944,-0.0707715683292336,-0.0669362808646366
-0.0647119578305254,-0.0935103912370672,-0.0718706031016382,-0.363390213330063,0.208273621324903
-0.0634497916559881,-0.0854043842649396,-0.0688938927159254,-0.067572555397348,-0.143300114363308
-0.0628565004107747,-0.0754456134497508,-0.400717577737839,-0.0657262785633072,-0.111318582865801
-0.0608253379353756,0.225278177350853,-0.0662918104457366,-0.0645649600144596,-0.095162789951873
-0.062698021051582,-0.152280910651006,-0.0645674638987365,-0.0636070565726002,0.141320385335987
-0.0623559081140861,-0.117759808809648,-0.0635647154812723,-0.0630248099372288,-0.139203615036419
-0.0621940304760443,-0.0999083743381098,0.111895258621553,-0.0624991462159147,-0.111290382515779
-0.062085588787054,-0.0865281482734836,-0.114708738086169,-0.497347231586765,-1.15425908892043
-0.0620132472522523,-0.872561844332003,-0.0930148047078601,-0.0620189022020388,-0.127937213650835
-0.0619664275228206,-0.0876073092839319,-0.0825093604633978,-0.0619665003200331,-0.109120653831042
-0.32593890890648,-0.0808526938013738,-0.0750279162439418,-0.0619342009669977,0.044029710250673
-0.547825237164674,-0.0753893947105433,-0.0708296044194896,-0.0619041780997799,-0.0463777141390694
-0.0619140293588069,-1.01169142386739,0.196543239937805,-0.0618896381598124,-0.125959204438348
-0.0619025247403499,-0.0782057118995686,-0.084020300623466,-0.0618754037180874,-0.103495929737598
-0.0618926192166893,-0.0723811888803809,0.105958157608084,-0.0618754037180876,-0.188709538460452
-0.0618865145873153,-0.0687148100542575,-0.167386066366539,-0.721639240935839,-0.0816923694748346
-0.0618808409969532,-0.0652394710706985,-0.129791665667375,-0.0618754037180875,-0.0753066746528799
-0.061878093446754,-0.0635437365932971,-0.108694131738969,-0.0618754037180875,-0.070759163055518
0.138394830872654,-0.0618754037180875,-0.0931854308816877,-0.0618754037180875,-0.381704463231893
0.0266822816601028,-0.0618754037180875,-0.610688949532954,-0.0715720762616885,-0.0670430452420516
-0.138805719239611,-0.0763774665995595,-0.0881456305391837,-0.0600192929799382,-0.0654762426873491
-0.110985693613229,-0.0618754037180875,-0.0808837405878897,-0.062467405266392,-0.0923067320373447
0.0605139553704921,-0.0618754037180875,-0.0755612492515515,0.260390004744041,-0.0634618038527925
-0.735230153174335,-0.0618754037180875,-0.0711927078878998,-1.17089015798842,0.138762187222283
-0.141306446584773,0.0772635431160928,-0.938366493027289,-0.229143201958264,-0.155419280564896
-0.118166658545111,-0.104820645340788,-0.0710695378599973,-0.187007645481509,-0.0989537132755506
-0.100741046516352,-0.0870874421781197,-0.0674124508277154,-0.149122468014507,-0.086504863362577
-0.0893550614303361,-0.0987272721080065,0.0815320650620486,-0.125278122399542,-0.0776255341798799
0.0512225923153498,-0.0726573282820262,-0.107003155480668,-0.106888586921491,-0.0214742905799695
-0.114721001941323,-0.0692059270585854,-0.0878883705428331,-0.0959135043857973,-0.0849616985149909
-0.094709361125726,-0.0668343952560806,-0.0790457017329033,-0.0869383280324641,-0.0763585934888514
-0.0837025006383635,-0.0654958434938247,-0.0727881393271667,-0.0794405128940134,-0.0717065284669554
-0.0758731677940739,-0.0644716913679301,-0.069295682944945,-0.0743931796972385,-0.17160242010303
-0.0709748973888301,-0.0636608064903709,-0.0672232246529793,-0.0698995366911009,-0.0667928889102892
0.187804379495129,-0.0631308919230791,-0.0655418468982803,-0.0670866494932766,0.115151361483799
-0.260915078296529,-0.0626731456671277,-0.0645047853066395,-0.0644325433033019,-0.117947493601281
-0.115733587898955,-0.0623905965554263,-0.0636836149209127,-0.0631427932326265,-0.0940487419878925
-0.0981771514108559,-0.25162240585715,-0.0631469554374944,-0.0618754037180875,-0.0844277147190661
-0.287890259395372,-0.0620262295044595,-0.0870538633073209,-0.0618754037180875,-0.0761772774830669
-0.355787693653591,-0.0618754037180875,-0.062410075591396,-0.0618754037180875,-0.0716031249923267
-0.0796957960157559,-0.0618754037180875,-0.0621371558705601,-0.0618754037180875,-0.00422380062927897
-0.0748261248611722,-0.0618754037180875,-0.0620049128293908,-0.0618754037180875,-0.0362536020872509
-0.0711433421684852,-0.0618754037180875,0.1303301053363,-0.0618754037180875,-0.134328646836189
-0.0681384954149199,-0.0618754037180875,-0.119300354917293,-0.0618754037180875,-0.109070716991974
-0.0662964518157886,-0.0618754037180875,-0.0959858007092304,-0.0618754037180875,-0.0931954834157144
-0.0646918467666886,-0.0618754037180875,-0.0845443807814433,-0.366033113154981,-0.0828610578573587
-0.116793833794324,-0.0618754037180875,-0.0763483572079262,-0.0618754037180875,0.12085081526523
-0.118305177590488,-0.259925358421835,-0.0716462271949427,-0.0618754037180875,0.0884494900249859
-0.464900719748752,-0.0618754037180876,-0.13582921998891,-0.0618754037180875,-0.162126807360784
-0.0936659100294802,-0.0618754037180875,-0.0698338754180351,-0.0534290432457553,-0.31395332928645
-0.207371680613545,-0.0618754037180875,-0.0672007445665756,-0.0645633076378163,0.00699727729888152
-0.0777760342461874,-0.0618754037180875,-0.268373927658387,-0.063403674232195,-0.132272607800734
-0.0727099691302864,-0.384324869146166,-0.0648953468618315,-0.0628638445211247,-0.107770444811943
-0.0698259388643843,-0.0618754037180875,-0.170045878551906,-1.10462042025272,-0.152791008059305
0.0831263039164973,-0.0618754037180875,-0.127409865845273,-0.0630607358363035,-0.092467738640496
-0.111108621434772,-0.0618754037180875,-0.0928569121809406,-0.0626731410366015,-0.0858963227530594
-0.0914198193552161,-0.0618754037180875,-0.0823475052118141,-0.0624557188665447,-0.0731107802773541
-0.107292599468078,-0.0618754037180875,-0.0747587768834151,-0.0622904738423705,-0.069814248701343
0.118412767662665,-0.404971914046309,-0.0800264854403171,-0.144950658737732,-0.0672592389068127
-0.126971796916928,-0.0699101821593129,-0.067873570689924,-0.0620927668466069,-0.0653286699745202
-0.101510286132243,0.244379666806485,-0.0662524136058972,-0.0620133998664006,-0.153185040163003
-0.0885805385529563,-0.153381170546964,0.20034026168338,-0.0619644751741226,-0.152089338433031
-0.0793090720389074,-0.117926522543026,-0.140947913136249,-0.0619189947687879,-0.116802823673563
-0.0656855038686835,-0.740754483395584,0.0121201170212605,-0.061896968078654,-0.0989226409868087
-0.0736784661107815,-0.350875021074506,-0.128872414745177,-0.0618754037180875,-0.574059386468865
-0.06982749104289,-0.281001927056946,-0.103858297413493,-0.0618754037180875,-0.0930182864048304
-0.0673945009117687,-0.235862501770905,-0.266283773938081,-0.0618754037180875,-0.0803273834610923
-0.0654916744441223,-0.193355861083589,0.0694227024668162,-0.0618754037180875,-0.0755060729654704
-0.0643427331079967,-0.162882653189557,-0.122706013321071,-0.0618754037180875,-0.0717350437139656
-0.0633833643232169,-0.136372642011678,-0.10008976268411,-0.0618754037180875,-0.0686974745351818
-0.0628819644483653,-0.119178653232777,-0.0879983694059152,-0.0618754037180875,-0.205868414799778
-0.0624329656892302,-0.020742076979461,-0.0792293588578238,-0.0618754037180875,-0.0077372205203453
-0.0621905703065225,-0.115208956574494,-0.467711687037514,-0.0618754037180875,-0.110130090658076
-0.0619741276065009,-0.0298537833500836,-0.182483661151045,-0.0618754037180875,-0.0901447573580896
-0.0619380739384134,-0.103511376996304,-0.927281615522075,-0.0618754037180875,-0.0803224420559837
-0.0619158525415006,-0.0868318151214831,-0.0835277008594704,-0.0618754037180875,-0.0674475078648286
-0.0618951984194053,0.0108482376937824,-0.0755189291936672,-0.0618754037180875,-0.0714954167148709
-0.0618851959226415,-0.0983217899242988,-0.0709319344746219,-0.0618754037180875,-0.0681961480480298
-0.331577829615109,0.0547857869344895,-0.067485533101673,-0.0618754037180875,-0.0664069838263992
-0.358594025161449,-0.116871636250068,-0.0645440733068469,-0.0618754037180875,-0.0650655768964427
-0.0466009023083339,-0.0955763544929212,-0.0643216620035171,-0.0666446546472401,-0.06406479214142
-0.0667249430789142,-0.0846068010432475,-0.0633217879450944,-0.0618754037180876,-0.0634067151575202
-0.51702267498123,-0.0766624709722382,-0.0624650975355814,-5.57045533349022,0.13160919287277
-0.0646879994571913,0.126899944678493,-0.0622802684364593,-0.0618754037180875,-0.25940551999191
-0.0636420770115272,-0.40814238838501,-0.0621355943109136,-0.0618754037180875,-0.102001483619413
-0.0630674778151084,-0.136099663216008,-0.00760573269450659,-0.0618754037180875,-0.0886391631331086
-0.0626776829651093,-0.111473680337455,-0.0790176009758624,0.0716038622979319,-0.0789307793618336
-0.0624590251891889,-0.0947052365119647,-0.268786859076212,-0.102571427015948,-0.0735318049433061
-0.319714740883201,-0.0842120336070212,-0.0696743315555585,-0.0857237437462433,-0.110216498787423
0.140713067919386,-0.0770430670287214,-0.0667952238217883,-0.0775883823404615,-0.0679019129632616
-0.122513755792705,-0.0727043968192276,-0.0652034302902355,-0.071756114663376,-0.0662019346133426
-0.0980047612313855,-0.0694816999200223,-0.064119015667823,-0.068681906145718,-0.0648550063908036
-0.0859269990225854,-0.067113353668844,-0.0635085172190574,-0.0664746955382187,-0.0639727829859351
-0.0772349497057511,-0.0654247418164515,-0.0630440881442392,-0.0652307920572587,-0.0632090048910346
-0.915090797746237,-0.0641962672150222,-0.0626774090898138,-0.0642800846796333,-0.214727071224607
-0.0784168530442626,0.0720357244245422,-0.062438898475121,-0.0635286887106076,-0.0623666023407402
-0.0740743259413504,-0.103855057351706,9.42386674336961e-05,-0.0630377154945289,-0.0632773583783637
-0.0706884664971548,-0.0864461497614557,-0.0815696313045668,-0.0626141780365486,-0.0618754037180875
-0.0679679124789799,0.118455293498134,-0.073206882393593,-0.0623526520990872,-0.0618754037180875
-0.0661754119579461,-0.129277654081499,-0.0692472172481186,-0.0621093594464575,-0.0618754037180875
-0.0630289415090089,-0.10322198236242,-0.0524694713751166,-0.0619913929108688,-0.274996049471526
-0.0641509908871515,-0.0896908388280297,0.209709495790587,-0.0618759097404472,0.0805122021866536
0.0996160008367771,-0.0801490916336237,-0.422615219541992,-0.0618757303000302,-0.137624818105095
-0.111517261321935,-0.0745111567794448,-0.130884956201643,0.123093619741815,-0.10755090423479
0.124628757502357,-0.0704937537471755,-0.109214276326469,-0.117276893300756,-0.0925290854302333
0.000601899685946868,-0.0667584510485,-0.0928684908640878,-0.0947297096348633,0.193835030382735
-0.531921844276189,-0.0667317765376752,-0.0833381571017288,-0.0836865038678973,-0.353126983108473
0.0472009775380159,-0.0651389495392028,-0.07676672414314,-0.0757907830596914,-0.491842029451708
-0.171649513802397,-0.0640597730742293,-0.0878112931430979,-0.0713614002704615,-0.132462680363358
-0.135125320490521,0.0019965660520795,-0.0697028419140344,-2.80663119265149,-0.109809807687185
-0.113508486427938,0.165210906384539,0.192340801137935,-0.13438327615799,-0.34861025111067
-0.0975876498905492,-0.144786225827392,-0.139391724707767,-0.120132772388149,-0.0922777989507998
-0.0875583072345796,-0.112968129708675,-0.110170000262642,-0.103793578665894,-0.084057710893547
-0.0797986225549561,-0.0960895723540083,-0.296336138586033,-0.0923621323672248,-0.0777908035098805
-0.406917187722752,-0.084140916389916,-0.0872571142106503,-0.0817175287359222,-0.0724831701841751
-0.0741678698275285,-0.0771575871388344,-0.079174210558676,-0.0749002839017389,-0.06915156545075
-0.0700151451452233,0.125340962389799,-0.073394246209345,-0.0683409757528152,-0.0661572409182676
-0.0669386205287213,-0.127538212320998,-0.0703279255169028,-0.0651144377814292,-0.0515709677060162
-0.837226124982792,-0.124711281187285,-0.0679629284127496,-0.0619316068965405,-0.067378400741547
-0.0651581836842922,-0.0896208361355909,-0.0660753699186761,-0.0619139704924498,-0.0570559354891349
-0.0631523830208049,-0.39249842265905,-0.0648343561729932,-0.0619024834059371,-0.750566058635762
-0.0625077042900946,-0.112282965156397,-0.587621011521103,-0.0618925929784349,0.126037797899391
-0.0618754037180875,-0.0933281712397108,-0.0639326152440912,-0.0618864976529273,-0.116945059362201
-0.129788193673611,-0.874478927985471,-0.476526702349265,-0.0618808327097752,-0.0995093880217058
-0.0618754037180874,0.0687829534038359,-0.0626323131457338,-0.0618780893472124,-0.0376052679900844
-0.0618754037180875,-0.130289427296961,-0.0618795275858065,-0.0618754037180875,-0.0929337279984925
-0.0618754037180875,-0.105265030784096,-0.0618754037180875,-0.0618754037180875,-0.081638851210424
-0.0618754037180875,-0.0915493653660931,-0.405686688338802,-0.0618754037180875,0.0512124136200952
-0.0618754037180875,-0.0815511935871445,-0.176482235997681,-0.0618754037180875,-0.108852420372623
-0.0618754037180875,-0.0749414965361182,-0.132937123344216,-0.0618754037180875,-0.0906614042486556
-0.0618754037180875,-0.0706273258567367,-0.110617370168013,-0.0618754037180875,-0.0811147194174135
-0.0618754037180875,-0.127343177419675,-0.0936787184233994,-0.0618754037180875,-0.301754804243622
-0.0618754037180875,-0.0661609259751565,-0.0838880574901925,-0.0618754037180875,-0.0726071864836888
-0.0618754037180875,0.112617770766979,-0.135662077173746,-0.0618754037180875,-0.0691281069473733
-0.00529391119108009,-0.130606195282584,-0.073655689493266,-0.0618754037180875,-0.0670661022979372
-0.0795878994535666,-0.10305816104403,-0.0703103038524116,-0.0618754037180875,-0.0752710395822879
-0.0720663281588159,-0.153754091501173,-0.0677780673415335,-0.0618754037180875,-0.0641452673815745
-0.0685139508967591,-0.0806138205993555,-0.0661346905769359,-0.0618754037180875,-0.0634203747570115
-0.0660583071861726,-0.194947682744642,-0.0645267826872988,0.203451708156453,-0.0628419402805196
0.0569975059706415,-0.0715354880424891,-0.0652172723140984,-0.139162637044238,-0.0624646249224579
-0.148892404643872,-0.0689568477666588,-0.0627179781424948,0.135160517093347,-0.0621638725781122
-0.086140007969393,-0.0669687994306034,0.159214174979591,-0.159716100625976,-0.0620181345090602
0.0436736916664652,-0.053166654753162,-0.127388380724933,-0.12364526350901,-0.502981838152506
-0.108553062521718,-0.284177292216218,-0.101048043886133,-0.104420804643948,-0.0618754037180875
-0.0904175200037542,-0.126713786902985,-0.0880202706029055,-0.0900781197459863,-0.0618754037180875
-0.0809149090574333,-0.0651050041159985,-0.164934501507445,-0.0818047637440684,-0.0618754037180875
-0.0744272092516476,-0.063720909692436,-0.0743521183452999,-0.523292832655976,-0.0618754037180875
0.195288702154069,-0.0630033440369339,-0.0703523701357347,-0.0776236391314993,-0.0618754037180875
-0.144143650447363,-0.062416291974634,-0.0680830964490396,-0.0732222801491052,-0.0618754037180875
-0.498504233381443,-0.0622687863503026,-0.0663369562659962,-0.0695499865223333,-0.0618754037180875
-0.1127559437984,-0.0621567253402323,-0.0649483004290988,-0.0675713250251545,0.0057100983866337
-0.0885510332375933,-0.0620684840291521,-0.064038625959442,-0.0650329685687108,-0.0829530694126696
-0.0870666632799548,-0.062010993025324,-0.0632509447358298,-0.0638078226613779,-0.0740349147578958
-0.078826158506729,-0.0619614788106652,-0.0627641699243427,-0.0626443844087672,-0.0698092682024085
-0.0740806401859004,-0.0619309596622844,-0.0623106198863824,-0.0622560224643641,-0.0668797739621603
-0.0704723829873656,-0.18703908017688,-0.0620907668679121,-0.0618754037180875,-0.0651464388433165
-0.0677496769384777,-0.0618906463119542,-0.155041655315865,-0.0601472071419076,-0.0641948375081874
0.0959042676332818,-0.0618754037180875,-0.0618754037180875,-0.0624266313941395,-0.0635590264860642
-0.113035528897053,-0.297946084550501,-0.0618754037180875,-0.0621882921689267,0.233306485837542
-0.0923073493256755,-0.0618754037180875,-0.0618754037180875,-0.0620775683994807,-0.147951401657892
-0.0833881771770062,-0.0618754037180875,-0.0839714201389225,-0.0620021196345043,-0.114317688816593
-0.0745064423561504,-0.0618754037180875,-0.23708546185384,-0.0619607887448149,-0.527042812342839
-0.267284132718168,-0.0618754037180875,-0.205630869534836,-0.0619328156222764,-0.0972019370695144
-0.0687674622782495,-0.0618754037180875,-0.14741135796895,-2.02608747571064,-0.086338264678654
-0.462247458716388,-0.0618754037180875,-0.127712025344035,-0.0620881457241733,-0.0786358097513606
-0.507561593994034,-0.0636070124588635,-0.105327352697221,-0.0620214071324927,-1.23092898899379
-0.0676693652106713,-0.0618754037180875,-0.0922175105883428,-0.0619779294933123,-0.0904126160243411
-0.796933403438809,-0.0618754037180875,-0.0827666150470349,-0.0619404875898256,0.0996860205278546
-0.0672821331586212,-0.0618754037180875,-0.0773119447758927,0.119432599395921,-0.128946953268524
-0.0653796523776457,-0.148712662810161,-0.0730429671413222,-0.116278920440337,-0.102921163730934
-0.0635996039751459,-0.566547995421024,-1.07492858262166,-0.0988533341032826,-0.0893087110802525
-0.0627325968006467,-0.0618754037180874,-0.0866482100337048,-0.0833608653655964,0.131312890613575
-0.0618841080097263,-0.0618754037180876,-0.071654202810205,-0.0755793419621705,-0.133698522560507
-0.0618816264070637,0.120385919200375,-0.0682522242005474,0.0266340833656989,0.0389740420671932
-0.0618796735643069,-0.116516896261571,-0.0650370737582237,-0.097990261832826,-0.132363223666897
-0.0618784017061147,-0.0942590499622914,-0.0634604022395489,-0.083928513468686,-0.106232851847443
-0.0618773067009667,-0.753910285994654,-0.0619116119646226,-0.0766921135809677,-0.0921667478472579
-0.0618766318862655,0.175555328387043,-0.0618933157289945,-0.0714661287721472,-0.115878663554718
-0.0618760047371073,-0.154314655086065,-0.0618754037180875,-0.0684527673298763,-0.0764771843525125
-0.0618757010308213,-0.120115687981644,-0.0618754037180875,-0.0662629538095923,-0.0935233386842314
-0.0618754037180875,-0.485710927478797,-0.0618754037180875,-0.0649953750729542,-0.0691545538555236
-0.0618754037180875,-0.101688161837899,-0.0618754037180875,-0.0639657415048842,-0.421657969836647
-0.050035574389146,-0.0901866210196909,0.18700342782299,-0.00017980837743889,-0.0786737834544671
-0.065638864219582,-0.0812597134890452,-0.133484755555845,-0.0823963729172744,-0.0651515091464675
-0.0640170151679249,-0.513602106597069,-0.106112509660283,-0.0737644982382568,-0.18210573983059
0.130344343192559,0.147611117321874,-0.0914923378326278,-0.0696307837332106,-0.0631693414312241
-0.120449674842529,-0.136839820966939,0.169348153531808,-0.0667191486706191,-0.0623513323377519
-0.096695069574457,-0.107984759273846,-0.611818136099425,-0.0651218987150096,-0.463300102750648
-0.0248001172047414,-0.0923309420846219,-0.0529171324217598,-0.0640076972094239,-0.0618754037180875
-0.095019555392611,-0.0815127252710256,-0.14684893498151,-0.063428334179259,-0.0618754037180875
-0.0827525184281147,-0.0748936265464481,-0.117969300702185,-0.0629870639203784,-0.0618754037180875
-0.0758637444315993,-0.0705182337927144,-0.101077279567822,-0.0626389073681113,-0.0618754037180875
-0.0714225894811474,-0.0677858323945414,-0.0886876907904421,-0.0624118292999128,-0.0618754037180875
-0.0685571678152838,-1.21788446574261,-0.0810560099166569,-0.0622160501626796,-0.0618754037180875
-0.142525898564553,-0.0704223119869337,-0.0754141198182969,-0.0620953151796594,-0.0618754037180875
-0.0653960463349148,-0.0686756048029785,-0.071239210433741,-0.0619830375914477,-0.00730038315210975
-0.0642481644734483,-0.0661999832912028,-0.0683032679709023,-0.0619286524174058,-0.0789715204643752
-0.0634522417480664,-0.0646764838810492,-0.0658436399673724,-0.0618754037180875,-0.0717068892307573
-0.0610481976595807,-0.0632609943474083,-0.0573209200775694,-0.680001903753381,-0.0682778983674036
-0.261202166820612,-0.0625100648065591,-0.065598988465843,-0.0618754037180875,-0.0659087941372469
-0.0625568131815536,-0.061919750635441,-0.0639822288343637,-2.31458839483236,-0.0646021382445387
-0.0622704834563768,-0.0619045221942368,-0.534572646442433,-0.0618754037180875,-0.0622405533074888
-0.308189338515929,-0.158198220856599,-0.0628781180989206,0.127711714343709,-0.0636816013514596
-0.0620123488067032,-0.0618900847344469,0.0941858455694788,-0.118569378429106,-0.0629971115429414
-0.0619674879816772,-0.0618855714774722,0.0908867915693073,-0.095531576558097,-0.0627377376657776
-0.0619423497291789,-0.0618819830411552,-0.146037238347862,-0.0842339483696377,-0.0624638830587376
-0.0619232657414995,-0.0618798327163868,-0.115041604624211,-0.0761465015994099,0.223482709943131
-1.14399116980678,-0.0618779384589231,-0.0974585631665852,-0.0716068172563477,-0.144719953293429
-0.0619434526124853,-0.0618768805854908,-0.0853698677390586,-0.0683881541426813,-0.112117569358361
-0.0619186002771091,-0.0618759647196407,-0.0780078888728784,-0.0667246150498184,-0.0957151785796279
-0.0619032833391503,-0.0618757598149816,-0.0731508243890224,-0.0653525706491887,-0.206171554104138
-0.0935191106652987,-0.0618756335395545,-0.0700982576732177,-0.0642677296793651,-0.0787885864628782
-0.0618823698580814,-0.061875516183931,0.179225392777613,-0.0635578005653998,-0.0734093322998184
-0.0618754037180874,-0.0618754593527914,-0.137666819098596,-0.0629450211219517,0.0972707605375504
-0.0618754037180875,-0.0618754037180875,-0.10798025685485,-0.0625664451470544,-0.117801907179373
-0.0618754037180875,-0.0618754037180875,-0.0928085645069459,-0.0622144171497156,-0.0959318597344803
-0.0618754037180875,-0.0618754037180875,-0.0817128847396268,-0.0934290929613188,-0.0845899516296993
-1.51527916591724,-0.0618754037180875,-0.0752859356773693,-0.0618764417435954,0.209269817682343
-0.0752226936227163,-0.0618754037180875,-0.0708461387979537,-0.0618761325451518,-0.916454003170066
-0.0589337667154897,-0.0618754037180875,-0.0683155729926626,-0.0618758663426345,-0.186342055438594
-0.0701833249496634,-0.0618754037180875,0.0740870197868235,-0.0618757022914903,-0.152227241101319
-0.0669151119399579,-0.0618754037180875,-0.997430153688893,0.142152846700716,-0.123425453839049
-0.0652313810024802,-0.0618754037180875,-0.129596488787122,-0.122583868426775,-0.105681147008305
0.0973452056654353,-0.0618754037180875,-0.127359880300304,-0.0980327768963381,-0.0925999851444399
0.108102471353811,0.234993143156846,-0.0926554871718644,-0.0859463052897664,-0.0844737037091081
-0.153419812932645,-0.14740720857451,-0.0773552319410463,-0.0772612342895587,-0.0781819820480523
-0.119430626030317,-0.113868431149915,-0.0775718411203403,-0.0723768490753256,-0.0729104597537898
-0.100593967212262,-0.0969573559161313,0.0708208521089392,-0.0689984618943139,-0.29365818921213
0.0742067070480962,-0.0845053331296583,-0.112508043616944,-0.743271506956774,0.108318486984811
-0.126411160117403,-0.0774164881064771,-0.0926124269834017,-0.0692457240456592,-0.11809360695403
-0.102403910781866,-0.0724617570975495,-0.0825173147266792,-0.0669643073294017,-0.0949667405408504
-0.0898374780907393,0.223652151787029,-0.0750709148064527,-0.0637060846933378,-0.42055361297293
0.159334476385551,-0.151016955932303,-0.070814390900025,-0.0647179376567503,-0.0805657931509905
-0.143156855095553,-0.601322791107918,-0.0676836902189013,-0.824716786568427,-0.433974368626948
-0.112338960700724,-0.123222777140539,-0.0659576754649884,-0.0638663147150067,-0.0743516473794104
-0.0962935001100042,-0.102366081632423,-0.064562734356578,-0.0629202337686726,-0.0710437277603861
-0.0843704292245855,-0.0900340910471888,-0.06372122332299,-0.0620625301947099,-0.0684816919617986
-0.0771668584103658,-0.965408902227294,-0.0631718072294854,-0.0620012361017479,-0.0664338220536491
-0.0721960643930535,-0.0958323821616722,-0.0626964624492858,0.0105121952517917,-0.0650884575635307
-0.069172134408277,-0.0860843785238275,0.218116518629229,-0.0845035655129458,-0.0629419198219174
-0.0670617216353009,-0.0788325501769424,-0.143368406941256,-0.0749529683546665,-0.0635086130629914
-0.0653343753959839,0.049218524416967,-0.111231747353175,-0.0704172398955346,-0.0627000135858477
0.0510235398953441,-0.106670626451333,-0.37104001887161,-1.29423185850557,0.0713552816919367
-0.108835120391335,-0.0875545655948362,0.0484906572008145,-0.0743732972805452,-0.10269116890016
-0.0896400621642926,0.151604118470245,-0.122266617671266,-0.0703588806986348,-0.0858033573673785
-1.02394658567494,-0.568457971295006,-0.0997780098101018,-0.0680829351817038,-0.0776430999328009
-0.0917705167343909,-0.189775834284152,-0.523569926181944,-0.0663291809448866,-0.0718882730616913
-0.0829044887970325,-0.14954953999205,-0.089334221964459,-0.0649429687517166,0.138918515637491
-0.346632471949425,-0.122469153477836,-0.032581690710736,-0.0640348628054787,-0.127544907930622
-0.206185426847486,-0.103923541740628,-0.132803027202868,-0.0632485476066558,-0.101807465917986
-0.156569802340727,-0.0912573499172112,-0.106207279106708,-0.0627626193369948,-0.0887570006324854
-0.128703805975506,-0.0831110268035709,-0.0920317508166976,-0.0623098600838956,-0.0792315122745809
-0.106852627326526,0.0536095027042452,-0.0811976844051246,-0.0620903907637788,-0.073785110173979
-0.0930994896140441,-0.111675192099205,-0.0749876343565386,0.0812748760032472,-0.0699215027974915
0.0618080279596422,-0.093322874606053,-0.0702195433777165,-0.105374796941211,-0.0677073838622044
-0.119672036356515,-0.0821747162756709,-0.0679564574707806,-0.0874241810516393,-0.123032990498244
-0.097224008741211,-0.0747484126094611,-0.0660273770927624,-0.0787327447011587,-0.0648096637510683
-0.0861553955583948,0.0862360912657784,-0.0646445711858494,-0.0725864774801068,-0.0638581774697953
-0.104300521591475,-0.114070436410242,-0.0734431848030728,-0.00305135161955944,-0.0631360156640085
-0.0729076192474667,-0.0932604265906813,-0.0630222163893072,-0.0872084880320105,-0.0626898347341341
-0.0692735795759334,0.0882118952386372,-0.0626163619091834,-0.0773035866071751,-0.0622741969141614
-0.0668070832692008,-0.12524447432921,-0.0622388986995228,-0.0722119503303135,-0.0636482441945546
-0.0651968373431199,0.0377352135094291,-0.0620557371390442,-0.644850228120008,-0.0618754037180875
-0.0638265085833825,-0.128008794792819,-0.217461277268284,-0.0700358519266077,-0.0619844571328573
-0.0632478841921041,-0.103428537527081,-0.343903751456971,-0.065913110473722,0.172972813594729
-0.0627483660335849,-0.0902025849375185,-0.0618761273454825,-0.0661795494210249,-0.131011990572111
-0.0624398155563291,-0.0805736022736185,-0.0618758707403011,-0.0646927467451033,-0.476709734711087
-0.0621528115270133,-0.0749717100086391,-0.0618756322609526,-0.0637177440031783,-0.102408921988976
-0.0620133778865616,-0.0709150093565552,-0.0618755167738857,-0.0633387440565647,-0.088141244750939
-0.0618769070801436,-0.0683027066776631,-0.0618754037180875,-0.0625966733196603,-0.0799694203185567
0.169295923438255,-0.0597202735072841,-0.047104251961508,-0.062343069406203,-0.0742274425844012
-0.130016583084929,0.172357661176142,-0.066565938200536,-0.0621155407110452,-0.0709514714190307
-0.102707110249375,-0.133675283633831,-0.563918042093194,-0.0620017632982963,-0.0684146951875498
-0.0891658520708132,0.103643052802966,-0.0647262204484496,-0.0618922155631116,-0.372694657385562
-0.0793656970713116,-0.149725925339263,-0.0636661405056809,-0.0618872079483817,0.208818881671971
-0.0738345284010563,-0.11688478832762,-0.0630837391766737,-0.0618828965464907,-0.14398045914215
-0.0699971706603084,-0.099532397266502,-0.0626886381113066,-0.0618802395449517,-0.11182974386407
-0.0984618818799329,-0.0867076063594835,-0.0624670001568384,-0.0618777701950749,-1.03341090595957
0.209566911809849,-0.0793943284647932,-0.0622985468746185,0.0937517996343178,-0.117518175446114
-0.150915972926878,-0.0740844936281968,-0.0621658555629871,-0.108963488300271,-0.100462084904986
-0.112624145231683,-0.0706691250518791,-0.518708960360521,-0.0896121883351952,-0.0886819303727253
-0.0960598763816217,-0.0681673998117025,-0.06207986068115,-1.76016051394525,-0.0818236058993357
-0.083933228978641,-0.0661078863527301,-0.0620073804109465,-0.126111823253824,-0.0763841808735208
-0.204639210401095,-0.0647776617614319,-0.0619399944050809,-0.107605440985986,-0.0719540856863044
0.00595216539994674,-0.481497158212006,-0.0619073570365179,-0.0938409038126298,-0.0690131192036997
-0.162613416118614,-0.0634631371951967,-0.0696378271008924,-0.0857713688574803,0.149396085209744
-0.125219227655513,-0.0624991179857255,-0.0618754037180874,-0.0793154172760623,-0.128368877891488
-0.105304565648497,-0.0621832874817278,-0.130963502344673,-0.0740206372133125,-0.101459913187451
-0.291065207358009,-0.0618754037180874,-0.115447531895106,-0.0704919184057571,-0.440847123758681
-0.0858656327289708,-0.0618754037180876,0.114792047046838,-0.0673835247610669,-0.0852600249900351
-0.0782623066153448,-0.0618754037180875,-0.141934598947144,-0.0654464673865278,-0.077945091915987
-0.0735416204566609,-0.857714921556257,-0.111462448577723,-0.0858934118466343,-0.0728267299449044
-0.529070606835084,-0.0618754037180875,-0.0956119858913527,-0.0627628701460577,-0.0699124365070427
-0.0704237542188284,-0.0605082185510285,-0.0840052430824085,-0.0618754037180875,-0.0676608816697209
-0.0679214043291812,-0.0623115363617623,-0.0773786162496976,0.0907414095110856,-0.0658646787812175
0.116897503401008,-0.0621229394664873,-0.0726190569491078,-0.108100284696321,-0.0646859242742502
0.00250810317019704,-0.0620353338580749,-0.0678398483334366,-0.089084742120715,-0.0636634936152245
-0.129896010033926,-0.0619756437693346,0.109981664724179,-0.0798534191473172,0.102295538304915
-0.105039492515305,-0.0619429470073654,-0.118908154878107,-0.627148863010645,-0.112235029589304
-0.0900259949574641,-0.0619208183668472,-0.791531305758071,-0.0754475772725644,-0.0926360572812957
-0.0805620687356443,-0.0619084192077885,-0.107876878899695,-0.071105193388328,-0.0743385094185813
-0.0746525206580211,-0.177353060678182,-0.0918009854936071,0.0936536948631128,-0.0764917842933148
-0.461589389600616,-0.0618935820257565,-0.0820525041025122,-0.115208341023645,-0.245764717552355
-0.0715801921116283,-0.0630984192373111,-0.640652638403935,-0.0939835202330136,-0.0696853903367294
-0.0687319294156731,-0.351566172449711,-0.0791083884195222,-0.0833546360106482,0.0763719167619329
-0.066660941609432,-0.227647133650836,-0.0743764542885477,-0.0755933672284848,0.074615647745766
-0.0650902196073979,-0.0486079412711536,-0.0705458380126223,-0.0711845122483181,-0.141812347377083
-0.0639373541301782,-0.0661281433215725,-0.0680045836245251,-0.0680126789972107,-0.220833581493823
-0.475714873925824,-0.064296973555092,-1.00854454136565,-0.0662541678662234,-0.166408576867966
-0.062753806846835,-0.0634424838166296,-0.068378554620326,-0.056789574811726,-0.129680716914505
-0.0621345610504238,-0.0628591542943167,-0.0650734315630876,0.216278778580237,-0.108909689826223
-0.0618754037180874,-0.0625387519539883,-0.0634539686157727,-0.146113053872284,-0.0937176102854491
-0.0618754037180876,-0.178903951850154,-0.0618754037180875,-0.113209215914641,-0.0844580174780524
-0.0618754037180874,-0.0622402006971641,-0.0618754037180875,-0.595745274357131,-0.0776833907853449
-0.213448871859328,-0.0621362084132272,-0.0625224578388207,0.108520397550351,0.149994675576418
-0.0618754037180875,-0.0620544253901194,-0.0618754037180875,-0.145592982107816,-0.134724056897226
-0.0627779877451751,-0.0620010421430165,-0.0618754037180875,-0.115044085057854,-0.106402160745095
-0.0618754037180875,-0.225895311458087,-0.0618754037180875,-0.0991042758885585,-0.0917914665915951
-0.0618754037180875,-0.0619359725056133,-0.0618754037180875,-0.454861711517439,-0.0213680324443219
0.188000668484364,0.23158554729298,-0.0618754037180875,-0.0871144288512835,-0.0928115624611615
-0.135053474706411,-0.32996979877017,-0.0618754037180875,-0.0794674968392779,-0.0808841045681182
0.111418791672337,-0.123981415102343,-0.0618754037180875,0.0413888487881144,-0.0749236914561912
-0.151513820431309,-0.31623749477998,-0.0618754037180875,-0.105350198284888,0.117693000429697
-0.118155681535154,-0.0958992373269449,-0.0618754037180875,0.108456615005614,-0.123369645529918
-0.100479926794709,-0.0854698760122395,-0.0618754037180875,-0.140002793472396,-0.616171423492597
-0.0874071725076983,-0.0780577787145344,-0.0618754037180875,-0.106970582172124,-0.104138211181172
-0.0798964620318821,0.207034992271154,-0.0618754037180875,-0.0860970684170842,-0.0895578358505217
-0.0744382242385965,-0.150294968635824,-0.0618754037180875,-0.0834728311798111,-0.0807388856638755
-0.0709273277077158,-0.116640710238225,-0.0618754037180875,-0.076580862395655,0.147734451095962
-0.0683580953698368,0.0629483987176439,-0.0618754037180875,-0.0717900123541283,-0.135395387522321
-0.338160042496845,-0.141452469734033,-0.134707906594525,-0.0689851328384444,-0.10601701144944
-0.0658093433547282,-0.598401041934438,-0.0618754037180875,-0.0669514663526284,-0.0929033751475262
-0.064210751324307,-0.115539318169666,-0.0618754037180875,-0.0653181755127657,0.0335982389270602
-0.0632992717734517,-1.22750357978124,-0.0618754037180875,-0.0642696522649105,-0.109968223055311
-0.0624343200847863,-0.138089360262279,-0.0618754037180875,-0.0491160783144804,-0.628589553886913
-0.0621520044729571,-0.0607938052919516,-0.0618754037180875,0.125393307759351,-0.0965087862003845
-0.0618754037180875,-0.11940242701088,-0.0618754037180875,-0.0602503567645136,-0.0849619502127509
-0.0618754037180875,-0.10104756275184,-0.0618754037180875,-0.115658513255589,-0.0775019080364011
-0.558258214631049,-0.0888100902586392,-0.0618754037180875,-0.904884018781552,-0.0726723968588695
-0.0618754037180875,-0.0792669460489326,-0.0618754037180875,-0.113250266526306,-0.0693917084628441
-0.0618754037180875,-0.0702875515258475,-0.0618754037180875,-0.0971512386132991,0.137400379960531
-0.0618754037180875,0.0408770544828171,0.0842423600557788,-0.0863791839164186,-0.125672918555253
-0.0618754037180875,-0.0992849531812055,-0.106231135858432,-0.0796125819610195,-0.100244162304423
-0.0618754037180875,-0.0838546300216575,0.0530855210019278,-0.0748026687726293,0.120072032709947
-0.887311097444038,-0.0757636353707558,-0.120349316449041,-0.0709681647569973,-0.137517848107149
-0.0618754037180875,0.0109255880331916,-0.0976038172381582,0.0540048914419961,-0.314082668450589
0.00104051572518017,-0.0258807752347742,-0.0859426479663035,-0.103151953550182,-0.101099053870925
-0.0686209166303424,-0.000833872142779118,-0.394515418583066,-0.0863531875151531,-0.0879790496360597
-0.0772015175634242,-0.115338945759406,-0.0769867879327642,-0.0777458045180563,-0.0801111642361415
-0.0715719429413444,-0.0953781965428399,-0.761528293862727,-0.0717492129310216,-0.0743880302721214
-0.0680465821451754,-0.0841813362074293,-0.0769874274135239,-0.068261004213253,-0.0709932528172873
0.126300188055615,-0.0766274976953872,-0.0727575668067112,-0.0588375150581974,-0.0682683360746918
-0.121743354026031,-0.0720424325239811,0.204097246632949,-0.0672527875652259,-0.0662284377242096
-0.097876264153062,-0.0730713948175748,-0.00432748883460989,0.182225007273155,-0.0647495829447643
-0.0859706154505364,-0.0669132942438488,-0.0138822774062241,-0.209431296728306,-0.063641584490161
-0.470123522725396,-0.065402977162989,0.0278434986259466,-0.152295590495401,-0.0628744329697713
-0.518813282887378,-0.0642186410130706,-0.176183996730534,-0.121459902362996,-0.0623646543241064
-0.0785560727572255,-0.0634589879032325,-1.15797534154665,-0.101657266122061,-0.208598848288196
0.128802524883223,-0.0628445913059757,-0.207625160391938,-0.0886871122434156,-0.0618754037180875
-0.129813586492666,-0.0624424338324061,-0.171069666386894,-0.0802957648456565,-0.0618754037180875
-0.103455473336934,-0.0621199507947618,-0.144631936718007,-0.0749643540037871,-0.0685264382498909
0.0784356044391273,-0.0619672201346402,-0.12351650169992,0.0581136417419362,-0.0618754037180875
0.0103143061072818,0.0744276323077192,-0.10829302014127,-0.155816763158152,-0.0618754037180875
-0.13206738685931,-0.103391953504225,-0.0953128188096949,-0.120253938732117,-0.0618754037180875
-0.116248788420023,-0.028886970851628,-0.085099412187771,0.00642166534060287,-0.188342521262791
-0.0984070457207566,0.143486723535202,-0.0771443265940644,-0.118950330616914,-0.277111068711946
0.136447862960117,-0.167519462398091,-0.000701057957634834,-0.0981829496232349,-0.0618754037180875
-0.142049867166606,-0.117826506293734,-0.0884990092274323,-0.0862880706913584,-0.309755728837349
-0.112338794864292,-0.0997978022558163,-0.0766812276432755,-0.0783472990502736,-0.0619201460872905
-0.0965455101295227,0.145787553344988,-0.0709740604528104,-0.0817089903460237,-0.0619007903496348
-0.084779180031373,-0.145239803436103,0.0311042310825864,-0.388493365407975,-0.0618918027444034
-0.0775859766379361,-0.114226882823337,-0.0955163831067901,-0.100900619479341,-0.0618856810012525
-0.0725235814725457,-0.0980538824197653,-0.0818345521181777,-0.0300144712093855,-0.0618823281882869
-0.0693709641717539,-0.0858443875634116,-0.0673370807166624,-0.0944557207882965,-0.0618800593462843
-0.0670698255609551,-0.0784101693687079,-0.072895685068931,-0.343826624606056,-0.00375113622647165
-0.0652916545878481,-0.0731425988841067,-0.0691147341747841,0.0411733513150909,-0.165550589746085
-0.0641170091839615,-0.0698676911992453,-0.0667591427411769,-0.10860454777621,-0.125859944183004
-0.0632156491721445,-0.0674090162961175,-0.0652922524698192,-0.090573106833821,-0.105495408054861
-0.0627354435886067,-0.0654921255388464,-0.0642749305610563,-0.0811162257893164,-0.177095094200658
-0.568852600272339,-0.580332227023917,-0.0634719323229276,-0.0743896681950216,-0.0832263928094569
-0.0622212737489429,-0.0642201964222239,-0.0629798530652184,-0.0705154319159364,-0.0764910548917813
-0.460250934798845,-0.0633916341261661,-0.0625552959248235,-0.181205452382577,-0.0726358941466288
-0.224460229544895,-0.0626182274312227,-0.0623201192199043,-0.0665561401682712,-0.218426240721822
-0.167423874553047,-0.062243068478145,-0.0621134211781085,-0.319284437254989,-0.138039586494118
-0.136499777554249,-0.0618754037180876,-0.0555256598276843,-0.064617270404853,-0.10876206447971
0.0397351526277581,-0.0618754037180875,-0.0639652971339226,0.094391062246558,-0.0933173783566413
-0.139176613645253,-0.646412810425605,-0.0630609674216553,-0.118506468943411,-0.082157554115504
-0.112064024011596,-0.0618754037180874,-0.0626399465132755,-0.0908738727452065,-0.0753789311594446
-0.0975805450583104,-0.0618754037180875,-0.0623506754234152,-0.0809698496940228,-0.456521689208186
0.0778815695809702,-0.709478363454131,-0.0621957496556938,-0.0739908352271232,-0.0710120358243252
-0.126650343736594,-0.0618754037180874,-0.0620908429494421,-0.0700213907510621,-0.0711788520088173
0.03105371711891,-0.0624537452259043,-0.0620320464831261,0.191844192827395,-0.0664302534882146
-0.127642059954834,-0.0618754037180874,0.00429902251299843,-0.140899036378002,-0.353960229953558
-0.103170570019961,-0.0618754037180875,-0.0826305623806815,-0.110173675303743,-0.0646039209072289
-0.0895775776176806,-0.0618754037180875,-0.0738558108622385,-0.111250475769339,-0.0635404816107757
0.10865428453845,-0.112394082990055,-0.0695831245085325,-0.382574508401628,-0.0627720282717415
-0.129057957128527,-0.0618754037180875,-0.0668390614551715,0.0481291387157909,-0.0623215634661153
-0.103423627197431,-0.0618754037180875,-0.0652259718848648,0.0358153129732805,-0.0618870971445786
-0.0900641675000832,-0.0618754037180875,-0.0641320421470919,-0.166665380060438,-0.0618827319699574
-0.0803684603993418,-0.0618754037180875,-0.0635139563322079,0.0499689849633567,-0.0619988164751356
-0.0744183014372815,-0.0639244842900501,-0.0630481138940143,-0.157693692845557,-0.482955214815661
-0.0704244598990632,-0.160782376983825,-0.314752321496395,-0.124436462000296,-0.0617746675925148
-0.0678872626213921,-0.0618754037180875,-0.062603692052,-0.105187208991003,-0.0619113546531976
-0.0660792832689901,-0.0618754037180875,-0.416221520737165,-0.0913877212400831,-0.914726015502853
-0.0645753008418586,-0.0618754037180875,-0.0623012663099954,-0.0826643202239098,-0.061907031072316
-0.0637249423103044,-0.143563774019313,-0.0530543830654815,-0.176225535091526,-0.0618952488017971
-0.139169887425564,-0.137597458815995,-0.0648514541978908,-0.0730673959066821,-0.0607985172279439
-0.079332085952681,-0.192503063941676,-0.0635100357154184,-0.06971458246542,-0.0622319368136591
-0.0622569470445024,-0.0618754037180875,-0.0629326222185356,-0.0671179773439391,-0.0620790027731097
-0.0620641997276002,-0.0618754037180875,-0.0625384808000903,-0.0652764178157525,-0.0620071593248551
-0.0618754037180875,-0.0618754037180875,-0.0623222948148385,-0.0638445105241835,-0.0619582342009806
-0.374866304232877,-0.0618754037180875,-0.0621759789835738,-0.0691394884632035,0.0909457812479261
-0.0618754037180875,-0.0618754037180875,-0.426749717915185,-0.0622892294360664,-0.108208671193891
-0.0618754037180875,-0.0618754037180875,-0.358562931378146,-0.336812347649144,-0.089156360890847
-0.0618754037180875,-0.0618754037180875,-0.495896939149147,-0.226921347267579,-0.0799034071818366
-0.0618754037180875,-0.0618754037180875,-1.57946533304529,-0.0619722829194462,-0.0733423697738525
-0.0618754037180875,-0.0618754037180875,-0.0625273996209957,-0.0618754037180875,-0.0696764082242439
-0.0618754037180875,-0.0618754037180875,-0.0622964212225834,-0.0618754037180875,-0.0671544283427048
-0.249932876916991,-0.0618754037180875,-0.0620814981738889,-0.0618754037180875,-0.0657301071122693
-0.0618754037180875,0.2414103673326,0.19275981228753,-0.0618754037180875,0.181836654088773
-0.0618754037180875,-0.149061167030884,-0.136351300993298,0.00671490572415313,-0.135739553134154
-0.260353862223447,-0.114946670220357,-0.106735906631167,-0.114364279165183,-0.106569606973213
-0.28189451848099,-0.273411970743079,-0.0919612672215944,-0.177283119350016,-0.0918319609983236
0.143079765410947,-0.0895161990045915,0.173203330181951,-0.13500898964004,-0.0811315319371421
-0.127619424523674,-0.172244753489142,-0.147305662433927,-0.2764734889736,-0.0749673888579248
-0.101193392910511,-0.681659823587713,-0.115030729003972,-0.100907670124676,0.209892743524975
-0.542953738702414,-0.0812155428768701,-0.35906295953086,-0.0890520714389954,-0.136342423444769
-0.0884894841543309,-0.0759344788915709,-0.0939849544173953,-0.0807780293870089,-0.118975860583432
-0.0802147649392947,-0.0555875062076918,-0.084106866472598,-0.075810886972761,-0.10024307188279
-0.0743975324860268,-1.9883791572454,-0.0772158109226496,-0.0719003938109612,-0.086850326909653
-0.0710778151684813,-0.112467786453484,-0.236132187834915,-0.191826756101807,-0.0790126522003315
-0.0685064490181089,-0.0890685708432838,-0.1986008902083,-0.0673614032283041,-0.0735271246384441
-0.0664510006922095,-0.0674829445811839,-0.149680833137447,-0.142644164064268,-0.0701885502548458
-0.0651006134406576,-0.0790811347390319,-0.18241445234738,-0.0642497010593804,-0.067772705100044
-0.0639280213758913,-0.0695825333571775,-0.104616010996736,-0.0630406392427645,-1.0572210819847
-0.0632023833440923,-0.0671989456107269,-0.0916380754583978,-0.209243330251826,-0.0693487756184785
-0.0625254189837307,-0.065512412062589,-0.0819692996032557,-0.0618754037180875,0.190752771210066
-0.0621971100937332,-0.0643592401661835,-0.0764675382339158,-0.0618754037180875,-0.0357774240199057
-0.0618754037180876,-0.0636053952746273,-0.0720228896776206,-0.0618754037180875,-0.137352776327376
-0.0618754037180875,-0.0630380827506199,-0.0688956418244075,-0.0618754037180875,-0.110837770074742
0.0898509595288819,-0.0626585011836213,-0.0668327158276862,-0.0618754037180875,-0.0938365667777511
-0.660555114498738,-0.0623315121854198,0.162363020222801,-0.0618754037180875,-0.0833317464851454
-0.109372963182749,-0.062148954919887,-0.130731457797808,-0.0618754037180875,-0.897114258125136
-0.0938013798909252,-0.0619847012802231,-0.103018080353486,-0.0618754037180875,-0.138460759205288
-0.0824154928242993,-0.0619421297961886,0.0953443668701201,0.00955966005588678,-0.11217479365379
-0.291845914326064,-0.0619081222551484,-0.147006855335076,-0.232539137155313,-0.0967934475898276
-0.0721387958957449,-0.0618886575091894,-0.115344248435674,-0.0767933764788599,-0.0853864681485356
-0.0711302593176429,-0.0618754037180876,-0.0982998249586405,0.0644824883985759,-0.0779038099443844
0.0721364539754256,-0.0618754037180875,-0.0861856981951473,-0.108941831988946,-0.0725861348473643
-0.379659249679467,-0.0618754037180875,-0.0788335180213062,-0.0902138708760944,-0.0689747596380807
-0.0989664584233389,-0.0618754037180875,-0.0734990303640855,-0.0807219557124886,-0.066440976607463
-0.416217041824529,-0.0618754037180875,-0.0703385907996973,-0.406726931993996,-0.0644793210922534
-0.0839557297945437,-0.0618754037180875,-0.918888675139821,-0.0736528473245402,0.0402604647762706
-0.0766164426590171,-0.0618754037180875,-0.0713538134839019,-0.0699001843733055,-0.0948056883572575
-0.0717127628881965,-0.0618754037180875,-0.0681582067302284,-0.0677154888152251,-0.0814580283352555
-0.95348743178082,-0.0618754037180875,-0.0679523603169692,-0.0659935518590266,-0.0744162526824088
-0.0737646817656006,0.159604188849649,-0.0640714062679246,-0.38938795339602,-0.0697736016813475
-0.0701127482996545,-0.127379289922172,-0.0629518031936588,-0.443007559854013,-0.0671257147457004
-0.0676975804694761,-0.101042082619004,-0.0624083065745868,-0.0642541419116884,-0.0654209611639628
-0.0655848766988035,-0.0880161131387954,-0.0618754037180875,-0.667970830522665,-0.0644607617637761
-0.0642748405958476,-0.078612881466461,-0.0618754037180875,-0.0631414945602743,-0.0637277655079643
-0.0630485665524129,-0.0733124857353995,-0.0618754037180875,-0.0625023077273116,-0.0633813679442416
-0.062456254118863,-0.0696392183598578,-0.0618754037180875,-0.0618754037180875,-0.062770406569728
-0.0618754037180875,-0.0675573894120843,-0.0618754037180875,-0.0618754037180875,-0.0624439242457259
-0.0618754037180875,-0.0659573006848747,-0.0618754037180875,-0.0618754037180875,-0.0622424929105694
-0.0618754037180875,-0.0646859499455309,-0.167699156813368,-0.0618754037180875,-0.0620550922290413
-0.0605727813632376,-0.063853496812393,0.183485443166668,-0.0618754037180875,-0.0630042543909917
-0.0622909499318247,-0.0631330349679182,0.0114456279738242,-0.0618754037180875,-0.0618754037180875
-0.0621112514230211,-0.0626879070312753,-0.134767928512,-0.0618754037180875,0.0680490542425186
-0.0620277808750374,-0.0622732524263832,-0.112248118240889,-0.0618754037180875,0.0984090894290418
-0.0619709091692808,-0.0620722703877972,-0.101219202077229,-0.0618754037180875,-0.141603209959041
-0.061939756505978,-0.0618754037180875,-0.0881016552751369,0.222993401339408,-0.255918491134883
-0.0619186730271902,-0.0618754037180875,0.037716862292118,-0.144293235360068,-0.100488727193247
0.00357409416449818,-0.0618754037180875,-0.109585825551653,0.0091291754702901,-0.08735871942537
-0.0808204148157709,-0.0618754037180875,0.0499653583284491,-0.129825577622787,-0.0794082653724931
-0.0741442081173741,-0.0618754037180875,-0.123344489544263,-0.104527466180569,-0.0741104856260434
-0.069843470470282,-0.0618754037180875,-0.100055320363182,-0.0910139967009157,-0.0708205937807743
-0.0669069808262565,-0.0618754037180875,-0.0876774102671036,-0.081241359284164,-0.0682442126515373
-0.0652710505290794,-0.0618754037180875,0.175803801056073,-0.0670742250007462,0.101690292546271
-0.0641642964085844,-2.8979375830161,-0.356412936256743,-0.0742401700434342,-0.429967833079957
-0.0635379007265167,-0.0618754037180874,-0.126525272257919,-0.221437522863894,0.0365080655880818
-0.0630654762392578,-0.0618754037180875,-0.106344906009032,-1.27569833159206,0.0951789722924686
-0.0626939009757293,-0.0618754037180875,-0.0911974498263647,-0.0868600021543442,-0.165533812845792
-1.02926015892944,-0.0618754037180875,-0.437045569304502,0.0825110961620174,-0.129239395993031
-0.0628385948993203,-0.0618754037180875,-0.0817276409243587,-0.119201635581872,-0.106265860027513
-0.0624971660120752,0.0552093276006344,-0.0761734778492658,-0.0963788954100747,-0.691221804583226
-0.0621832074449221,-0.0977749741077068,-0.0745910723747185,-0.0840197411667874,-0.141762951789046
-0.0620276286278155,-0.0828320444850295,-0.0686177602700706,-0.0759917618012508,-0.0917007679432515
-0.0618788048719425,-0.431167448603201,-0.0665395528380285,-0.071261994035492,-0.0837917318140995
-0.0618754037180876,-0.0743557727064208,-0.0646998255779462,-0.0682569226131718,-0.0777918252648632
0.137356996008045,-0.0703728554459207,-0.542575365876531,-0.0665032542763922,-0.0726617961719619
-0.121255241644071,-0.0934207422593516,-0.0633210915042727,-0.0651651853914886,-0.0690020257663616
-0.0972032045436328,-0.126661067586594,-0.0625913311914081,0.161068254364004,-0.0663378221302633
-0.0853775684583302,-0.0651640757198509,-0.0617867944080081,-0.129707479960452,-0.0643472895033718
-0.0768906408792544,0.15702387884008,-0.0619036824320937,-0.102590478003856,-0.0630990219323459
-0.072120690564259,-0.128654739593435,-0.0618914487341005,-0.0890775734345315,0.142473686797482
-0.0688232116787018,-0.0486858378236011,-0.0618857682525258,-0.079217617716552,-0.466991139162126
-0.0669565889555702,-0.104353754352922,-0.061881899148391,-0.0736831750187618,-0.327950259478897
-0.0655238023019208,-0.0883127947376684,-0.0618797800956277,-0.0698023484215199,-0.105193262708562
-0.0624590682255083,-0.0797527728653269,-0.0618783461443926,-0.0676775991683679,-0.0900081774871491
-1.14474950352899,-0.0736726302037114,-0.0618775427213681,-0.0660440900448878,0.00880508162797591
-0.0661091245766066,-0.0703145255256477,-0.366084178650715,-0.0647459184978919,-0.102216603605915
0.225230074789531,-0.0678303919915625,-0.0618768260524316,-0.0638958066673178,-0.24706585346411
-0.146829004753389,-0.0660611081783049,-0.0618764023795805,-0.0546693094747049,-0.0825560738671379
-0.113466311911837,-0.0648428290667939,-0.551179319557073,-0.339890316920793,-0.0755398608614259
-0.0963823747692844,-0.0638155541054645,-0.0618760710576297,-0.0644318597144143,-0.0713478445731677
-0.0922676523513433,-0.0631689769723087,-0.0618757302886641,-0.0634494995266872,-0.068145613125276
-0.0771777690260224,-0.0625800088160449,-0.0618755652663378,-0.866143029521628,-0.0662517812900609
-1.49909118536013,-0.0622708571950659,-0.0618754037180875,0.138273952974844,-0.0646461426941757
-0.0944436548711353,-0.0619733080820206,-0.0618754037180875,-0.122576314606213,-0.0636271968696446
-0.0858036567660514,-0.0619238386760153,-0.0618754037180875,-0.0981478398390151,-0.0628278698987286
-0.0786231546031229,0.237966901270379,-0.0618754037180875,-0.0860637809817994,-0.0624804543334748
0.0432280970544754,-0.148174636699079,-0.0618754037180875,-0.0773619612777576,-0.169995097456373
-0.100737666466297,-0.114368362153754,-0.0603829886673732,-0.0724544836237824,-0.0620884026345261
-0.0888390040047195,-0.0973098203181484,-0.0623514644488821,-0.0690441099736092,-0.061980786978238
-0.0788434027483159,-0.0847394113716783,-0.062145609903151,-0.0671087888387667,-0.0618754037180875
-0.0723650527447176,-1.96751590837825,-0.0620499842370421,-0.0656150250908413,-0.0618754037180875
-0.0681994771636666,-0.134921106269154,-0.061984827549768,-0.0644418065244378,0.111784085396368
-0.0661502156465109,-0.118538966957721,-0.0619491357466892,-0.0636672472053753,-0.114093063625392
-0.0649825989598624,-0.104446931006086,-0.0619249797980512,-0.0630144476215842,-0.0927617230258435
-0.0641039847083756,-0.0921717556199503,-0.0619114446098219,-0.0626112208210938,-0.0823460602430107
-0.0634103112169057,-0.0837094574615736,-0.0619011699177955,-0.0621297415826373,-0.0749211441976307
-0.0629530136518393,-0.0759861058985125,-0.0618930841008955,-0.0620874710372676,-0.070762040570433
-0.062563491757171,-0.0710891833122092,-0.0618878177906849,-0.061894590340041,-0.067894957089906
-0.0623193555387409,-0.0664154006049903,-0.061883283652637,0.14129872736848,-0.0662741776103785
-0.0620963125792058,-0.0641288962487722,-0.0618804893825743,-0.122357662093918,-0.0650319622557738
-0.0683555565512626,-0.0618754037180875,-0.341819149716924,-0.0978921841857231,-0.0640471186805474
-0.0618790157975378,-0.0618754037180875,-0.305296012152282,-0.0858499891006589,0.142100071631705
-0.0618754037180876,-0.0618754037180875,0.171264724647994,-0.0771987791826312,-0.254900295208729
-0.0618754037180875,-0.0618754037180875,0.0135843428630439,-0.0723337675148893,-0.0709444725814456
-0.0618754037180875,-0.0618754037180875,-0.150042160550221,-0.0671324589244586,0.00475425099274148
0.212486224390285,-0.0618754037180875,-0.118988176480284,-0.751459846640472,-0.18778103405226
-0.141543806157206,-0.0618754037180875,0.0304450193026946,-0.0699290621187266,-0.147582598049829
-0.4478879935131,-0.0606469097651308,-0.180960533825219,-0.669089166088335,-0.121009402635435
-0.117509408157912,-0.0622673123116244,-0.423640672889523,-0.0689557141519797,-0.102996603439956
-0.0919464220291339,-0.0620978315170005,-0.134739561575987,-0.0664152756972943,-0.0908375919072213
-0.0826581980610187,-0.0620191089165448,-0.112194641588849,-0.0648253102213425,-0.0825834740177352
-0.0760953537713002,0.165228243020584,-0.0976451242180372,-0.0633763902685666,-0.0770009342466371
-0.0651575072381542,-0.128988045359455,-1.48229416539048,-0.117587708545085,-0.33766075251723
-0.0587182537211269,-0.102062551695673,-0.137297330781793,-0.0619614796297872,-0.071420471970205
-0.0724391199952336,-0.0887233970803589,-0.117866847901672,-0.0619358444241461,-0.293546274980823
-0.0687223404172646,-0.0790782459718119,-0.100520209240281,-0.112746342753934,-0.674152793972291
-0.0662657803914544,-0.0736353627060698,-0.0881351752108097,-0.0619014573025135,-0.0665078558257952
-0.0647055299936174,-0.069860980058124,-0.0774487963507354,-0.404962300977536,-0.0641607140058857
-0.063508085562186,-0.0677199171145611,-0.0712489363464093,-0.061884292267536,-0.0674301759116627
0.00874326775771641,-0.303060968128978,-0.0664946697522279,-0.0618754037180875,-0.0618754037180875
-0.08459884224143,-0.065582509010529,-0.0641683788217808,0.00614708888899092,-0.0618754037180875
-0.0750614632185344,-0.0644802903365654,-0.0618754037180875,-0.0830861765422605,-0.0618754037180875
-0.0705000916117794,-0.0635318720293064,-0.0618754037180875,-0.0741129970896943,-0.0619984039711995
0.0798311487108624,0.210257997536973,-0.0618754037180875,-0.0698607331170287,0.0675516942484337
-0.836254146956605,-0.141672735716089,0.032796588200176,-0.0669124480143389,0.06612047052744
-0.122100156872767,-0.110120693835798,-0.0911274222725359,0.140869191893717,-0.132904577913147
-0.103179855112673,-0.0941767337820679,-0.078860863947084,-0.835739905742658,-0.106243039987682
-0.0889743079529442,-0.0826637304942568,-0.0733776786484781,-0.141006848502032,-0.0913400054221436
-0.0805732771071366,-0.466440951656454,0.0387079099510403,0.0716386729053093,-0.0812273950017127
-0.0746017337254413,-0.0762386876037125,-0.0994091995681549,-0.149846316924436,-0.455048431856992
-0.0712117517332526,-0.201616393753814,-0.0842910303878223,-0.119115149610562,-0.0754114259663583
-0.0685395333615388,-0.0705946013354701,0.0542732815760565,-0.101257830053753,-0.0717761479184293
-0.0663641850542868,-0.0678981110946128,-0.110761606394604,0.062822530857538,-0.0689186408919158
-0.0767088755722512,-0.0661246636157289,-0.0917080164470051,-0.0747929886930108,-0.0667736324898601
-0.0637892969853609,-0.0645818067344434,-0.0818289332518753,-0.11586929026557,-0.186402773174617
-0.063336993430691,0.0922428814090706,-0.0749513152185661,-0.0977968545994114,0.032499138970181
-1.25184144788663,-0.1098028294377,-0.0708770662545993,0.137567127284231,-0.0931122366430974
-0.0628647528602563,-0.0900689392621937,-0.0679417156038057,-0.178070296542668,-0.0798585181640754
-0.0618802399903432,-0.0802623682193173,-0.0662400865355089,-0.113316901950164,-0.0735524460179339
-0.0618782698256326,-0.0735732278500815,-0.0648787522698309,-0.0969271852896296,-0.0691028647804792
-0.0618772229891956,-0.0698348237591223,-0.0639176540188424,-0.0847911193197517,-0.0667741886626111
-0.0627185761716774,-0.0672626483530883,-0.063231607421753,-0.0775745602971902,-0.0529405920524015
-0.0618759787823583,-0.0658099136975127,-0.0627113490777893,-0.548239676660164,-0.0681563877531813
-0.0618756881914927,-0.0646975942541029,-0.0623563081432871,0.0897756387046586,-0.0658109057103498
-0.0618754037180874,-0.063816489298144,-0.0621108242315826,-0.119050040742605,-0.0644951806976743
-0.0618754037180875,-1.77257385938768,-0.061991882230799,-0.0965989306689186,-0.0636100190414209
-0.282940621688166,-0.062059976407554,-0.0618754037180875,-0.0838807639285192,-0.0630134280933161
-0.0706217590876604,-0.0664487499997087,-0.0646886854033962,-0.0769779914818921,-0.0626270790460454
-0.0617862682660525,-0.0642365702246547,-0.0618754037180876,-0.0720268853978451,-0.0623411715532258
-0.0619038503395789,-0.0631727294798352,-0.0618754037180875,-0.0684962355973196,-0.0621717521809533
-0.0618915440049938,0.04848905346515,-0.0618754037180875,-0.0665408315517324,-0.0620221224508153
-0.061885829795099,-0.0961060155042737,-0.0618754037180875,-0.0649755080548668,-0.271113937252381
-0.0618819377173097,0.0306034941324787,-0.0618754037180875,-0.0640072955290859,-0.0619559468242628
-0.0618798060820619,-0.108553259111548,-0.0618754037180875,-0.0633760490335844,-0.0619273888837403
0.123388099779578,-0.0901155325831813,-0.0618754037180875,-0.0628316116924087,-0.0619008442520955
-0.117362051505618,-0.0807749149793139,-0.0618754037180875,-0.0627945728807863,-0.0618879889023805
-0.0947828168790273,-0.0741559862716325,-0.0618754037180875,-0.0621815769647822,-0.0618754037180875
-0.0700289109170667,0.158962925413639,-0.0618754037180875,-0.0620284040372392,-0.0618754037180875
-0.0800339417083352,-0.133427433279944,-0.0618754037180875,-1.07770819625837,-0.0618754037180875
-0.0738224633497531,-0.106682102712178,-0.0618754037180875,-0.0634254000388554,0.093402156106026
-0.0699213785270308,0.0349691099218835,0.0964342066303259,-0.0627554694507559,-0.108863029853446
-0.0675986033884153,-0.118617173198072,0.100547870282789,-0.0624423908941331,-0.39919570786899
-0.0641831114173855,0.0789022116485634,-0.435415801521109,0.138925875611149,-0.0868914493693227
-0.0652252354180732,-0.136064025121081,-0.428418634700298,-0.121996899009063,-0.70286213861803
-0.0641698511998932,-0.108594437650626,-0.129747586338866,-0.0619896603102608,-0.965870848125913
-1.00753539964155,0.0182675513998311,-0.107893155858202,-0.100766216707637,-0.0961690014169228
-0.0643691969931697,-0.11574381240334,-1.3585444551705,-0.0860779195594703,-0.0875647031788641
-0.0632531069455042,-0.0978268695437533,-0.0922908884520828,-0.078256563270902,-0.0806536594309262
-0.0626409247684754,-0.0851528199580108,-0.14091101241273,-0.0727614105941848,0.0484110289245741
-0.0621120837950215,-0.0775380363670149,-0.119059806727432,-0.0696528366861061,0.0528519801087955
-0.0620161690980708,-0.0726600820419182,-0.102896223331268,-0.0673585079836691,-0.135338685393295
-0.0619601741067491,-0.519388498915203,-0.0903995536349531,-0.0657248508297201,-0.108153920744756
0.198026505752537,-0.0698096890839048,-0.0806743359955776,-0.0646020709337162,-0.0921349231397618
-0.18498229235095,-0.0672168716413247,-0.0735431833412696,-0.0636554663319674,-0.0815107770236504
-0.114239597246271,-0.0654227190516357,-0.0681651909571482,-0.0630622389319531,-0.0747320224458523
-0.0972166840515968,-0.0640249309373289,-0.0600212237220609,-0.0625220898741901,-0.0708405388803592
-0.0846765632444109,-0.0630685736054658,-0.064167742234301,-0.0622384966079812,-0.0684067206337264
-0.0622624275271422,-0.0625770846433965,-0.0632832568335991,0.00804417471371824,-0.0664057697390911
-0.0755254190430101,-0.0622214690197752,-0.062779741289181,-0.0837335094447749,-0.0651231068594984
-0.379580909495643,-0.0622970098658551,-0.0624490590609003,-0.0744685350410523,0.21787694691034
-0.0724000766543841,-0.0618827966829782,-0.0622207289557627,-0.168843646086035,-0.144691606698532
-0.0689944006996407,-0.0618803848245413,-0.0620881397751906,-0.0676010957448064,-0.104793532193784
-0.0668376632106485,-0.061878752731269,-0.0619905905370863,-0.0657517078617255,-0.0962595378788377
-1.6926734140992,-0.943949984267123,-0.0619577581735775,0.0815902363557469,-0.358757781092537
-0.075996455863605,-0.0618796085127509,-0.189268098237995,-0.107940938263956,-0.706004402939221
-0.068003957469322,-0.0549815279813613,-0.0619204738321624,-0.480213595792192,-0.0886552271639713
-0.0645449611666994,-0.0640733504338631,-0.0551935461194642,-0.0888122388148896,-0.081675506864094
-0.0632278681401723,-0.0631247531387891,-0.0640305340827801,-0.0792352130788513,-0.0762186121361855
-0.0627275148770796,-0.0626832601202162,-0.236964455004066,-0.0752456699103248,0.12216140046567
0.110304695609006,-0.0623819003649344,-0.0628151329132637,-0.145384224769582,-0.125985824061242
-0.114433169789768,-0.0625311983906812,-0.0624614482153705,-0.113907818288787,-0.100623400590896
-0.0840899680269281,-0.0621048956326055,-0.339930869266505,-0.0974029977348667,-0.0877409558871782
-0.0851213533498904,0.217034089582935,-0.0622261440336232,-0.325045065146876,-0.0780843983469402
-0.0765464065317975,-0.14287801160286,-0.0621304517563251,-0.182088147894674,-0.0727141764174178
0.0424994763757658,-0.110943010643753,-0.0620577758151511,-0.0771601214691054,-0.0687899213842892
-0.103157331495444,-0.301931201590155,-0.0620005612621717,-0.0729588730874369,-0.409593939652051
0.0283116240195496,-0.184147413158078,-0.0619632896528866,-0.357208476351652,-0.0669633986021672
-0.00150059459417734,-0.141897951224773,-0.0619311934787104,-0.179908570426572,-0.0657103126091281
-0.123946480181114,-0.117782675106153,-0.0619114115283323,-0.136347352582362,-0.0643431054770432
-0.102617936393658,-0.100150722660867,-0.061893025033901,-0.113043427720432,-0.0634449471417484
-0.0889459681120435,-0.0889932926225185,-0.0618841207603868,-0.084925105081321,-0.0628896810294616
-0.08003350835578,-0.0806487431561334,-0.0618754037180875,-0.08782134381765,-0.115027895491819
-0.0742868400925421,-0.0755993912160133,-0.0618754037180875,0.0503900705134917,-0.0621345065444339
-0.0705034740168007,-0.0714646348949482,-0.0618754037180875,-0.548457805702944,-0.0618754037180875
-0.0680116476794036,-0.068398744892727,0.0661396427322852,-0.110989067460894,-0.0618754037180875
-0.0661445175840261,-0.0661088100865843,-0.100978970691655,-0.0954481087083941,-0.0618754037180875
0.179886425108198,-0.0682355947830536,-0.0847612123914526,-0.0838368300307007,-0.0618754037180875
-0.135272956623236,-0.0632723793547925,0.0527362574531468,-0.0785251127709234,-0.0618754037180875
-0.106343976862449,-0.0625597419266099,-0.110196411833573,-0.0729779785935404,-0.0618754037180875
-0.0914388546824261,-0.0622141059392118,0.0626676336208795,0.112315281393703,-0.0618754037180875
-0.0807785752501912,-0.162513632375038,-0.126136257345419,-0.120794091351763,-0.0618754037180875
-0.0746120281392066,-0.0618754037180874,-0.101747561084279,-0.0970726788970014,-0.0618754037180875
0.211392347276306,-0.182806699635397,-0.0889650605672897,-0.0854359304111626,-0.0618754037180875
0.0935774765475337,-0.0618754037180875,-0.0796547724399343,-0.0769508521069671,-0.0618754037180875
-0.294799473752387,-0.0618754037180875,-0.074310755510198,-0.0721291458234741,-0.0618754037180875
-0.24938008594972,-0.0618754037180875,-0.0704220599402424,-0.0686833202727807,-0.0618754037180875
-0.194617495722115,-0.0618754037180875,0.22524495230781,-0.0667666129997567,-0.061756235927444
-0.203236085590627,-0.387403637667893,-0.149933582324528,-0.0652527543560618,-0.0619134344488353
0.0278807487101162,0.215936318210559,-0.115868103362691,-0.0702918279120818,0.0900067132407934
-0.156291994085255,-0.14296567584962,-0.0984097416266598,-0.0635161507996152,-0.874358633098166
-0.126119839507186,-0.321177226039984,-0.480916195489151,-0.0629171301863884,-0.12112025816521
-0.107932929521532,-0.102824665861641,-1.50116811665608,-0.0625457021959808,-0.102100198292008
0.0808692526008007,-0.54868937883764,-0.130503246972557,-0.393216805464166,-0.0879350474923283
-0.136008116810331,-0.0910134145945865,-0.114471866580861,-0.0621015126469246,-0.0798246874193382
-0.108662031517301,-0.0819545182351323,-0.100574287980962,-0.164896750259158,0.139272336007865
0.0176886111616166,-0.574363885005718,-0.0893231909870023,-0.0618754037180875,0.00656381319305924
0.0690475852414535,-0.0796286770338378,-0.0815666426267954,-0.0618754037180875,-0.0863833743451101
-0.144797171890831,-0.0311170896469121,-0.201406335896883,-0.0618754037180875,-0.131168827873901
-0.115540492153057,-0.0839562936970644,-0.0713141638343086,-0.0618754037180875,-0.255725211749124
-0.0458418082515679,-0.0752077898835838,-0.0665283945291464,-0.0618754037180875,-0.369244698736027
-0.101572770581891,-0.0705798759924159,-0.0641859167557405,-0.0618754037180875,-0.093836392925913
-0.0876078293385077,-0.0668746967141159,-0.0618777667501301,-0.0618754037180875,-0.0842526650294928
-0.659979487437229,-0.0649413073178796,-0.0618769924831959,-0.0618754037180875,-0.0778633634653647
-0.0835514500677327,-0.0633531448889451,-0.0618204930111048,0.00661956581725146,-0.0730072465530656
-0.0771256732341409,-0.0629510205734817,-0.0618941223121516,-0.0832300473173746,-0.069728419065306
-0.072213118770298,-0.0626450651527348,-0.0718886183973668,-0.0741974120596961,-0.067195931900645
-0.0690426807362904,-0.0627489142471107,0.0336766569694501,-0.069916379443262,-0.065374735104879
-0.0983472168306147,-0.0622467463437286,-0.0913966510925248,-0.220445962824067,-0.0641333973812543
-0.0726165850455121,-0.0621111856725779,-0.0780600639569062,-0.0658780771159847,-0.0629807704889565
-0.0653326548696688,-0.062027604573418,-0.0734086333945304,-0.0645755982086009,-1.01677365751164
0.06648489835052,-0.0619498934303511,-0.0691532231088543,-0.0638428978109189,-0.0621104524356846
-0.102629990394124,-0.0619122544037798,-0.0668040112504609,-0.0632843293526356,-0.104761230399285
-0.0857985255657361,-0.0618754037180875,-0.065197557341457,-0.0628433161650827,-0.0707812954551532
-0.0776237503581906,-0.0618754037180875,-0.0642935164939076,-0.470338264671015,-0.0618754037180876
-0.0718477531776435,-0.0602014826842805,-0.0636055681179889,-0.0535805990551936,-0.0618754037180875
-0.0686597855719651,-0.07225702141671,-0.0630656570093742,-0.0651381717236381,-0.0617828418923973
-0.0667619165139171,-0.0621814667976396,-0.075067704408351,0.178623045130693,-0.0619049437954476
-0.0652234098742349,-0.0620731572534513,-0.0624144315972513,-0.133995277076671,-0.061892164433681
-0.0642697204455482,-0.0619993543031684,-0.0622240874713448,-0.678087108947398,-0.667377439497003
-0.0139147566602937,-0.0619589251874036,-0.0620472973575015,-0.114001616393765,-0.0618878352161061
-0.100174773033946,0.257548064425691,-0.0619612478585147,-0.0960184022072676,-0.061883779637226
-0.0879545254710025,-0.153232511746219,-0.061877081732616,-0.0855824982945403,-0.0618810352265668
-0.0766267249271427,-0.608999470552776,-0.0618762338007836,-0.0781528722392212,-0.0618794975650805
-0.0712511181702553,-0.124388768192071,-0.0618754037180875,-0.0738655781068588,-0.0618783303934452
-0.118056087066157,-0.103144705528378,-0.0618754037180875,-0.0705336449448146,-0.0618774119204955
-0.0662829607442848,-0.944612923835263,-0.0618754037180875,-0.0678531336379606,-0.061876813734954
-0.121193776618935,-0.109111818519709,-0.0618754037180875,-0.855064200551285,-0.0618762987298251
-0.125587966032354,-0.0976654663091115,-0.0618754037180875,-0.0677746273880427,-0.0618759813502017
-0.064269168967403,-0.0882676081947053,0.209969108885729,-0.0656921325002584,-0.0618756863892437
-0.0631294087056693,0.00881582780481087,-0.140881977863698,-0.0637337892671929,-0.0618755435501252
-0.0626724128891014,-0.10190635849631,-0.109643116865563,-0.0927951885780639,-0.0618754037180875
-0.0623901996680253,0.0995786681667845,-0.0939903563487926,-0.0619100704149513,-0.0618754037180875
-0.062127696267586,-0.088550020432236,-0.0825403219809879,-0.553581849421835,-0.0618754037180875
-0.0620003584542666,-0.116161466414251,-0.0760433249811625,-0.061896178892652,-0.0618754037180875
-0.0618757748818467,-0.0972319800819369,-0.234054373575567,-0.0618884235832708,0.205109962381701
-0.0618755853514667,-0.0842886488741076,-0.0702383720768631,-0.0618841760632631,0.0763555101129848
-0.2118170084632,0.157139927516889,-0.0678906485799051,-0.075679343981667,-0.166058521501514
0.220720572631955,-0.13975948620447,-0.279171962194237,-0.0619128668696691,-0.118161821652021
0.0980864846240246,-0.110245187658094,-0.0654917831089333,-0.061897301353434,-0.110938334690584
-0.174521293147894,-0.0948906776822188,-0.00212437417518307,-0.893011075237857,-0.0945590657404521
-0.135513762538071,-0.0834300129221522,-0.17996230733989,-0.0618963056212291,-0.0844320467019862
0.0718822830870282,-0.0767255409314286,-0.135516171326019,-0.0565088623932878,-0.0777534431076924
-0.306911729011528,-0.0718881080358736,-0.11236848983789,-0.0635987238964666,-0.0734479500303285
-0.337081729410747,-0.0690649898480161,-0.0944858644384837,-0.0145209813726853,-0.0700672092713307
-0.23540888158264,-0.0668292451952352,-0.0845700790955942,-0.0776623419710792,-0.0676057008321904
-0.160643647764909,-0.0651949142421678,-0.0774249817518645,-0.0709813623563463,-0.0657667311411985
-0.128628776111252,0.220407256642898,-0.984076958068827,-0.067812784860525,-0.064668424687267
-0.108785211829317,-0.145321115917563,-0.249695218695614,-0.0656263454189378,-0.0633565833792089
-0.238682396485865,-0.932308060218493,-0.189894348242737,-0.0644199529098208,-0.568356158068155
-0.0869946572485511,-0.14094833656705,-0.155419933693336,-0.0635951822947932,0.166947131654242
-0.0798813081555226,-0.114690738498356,-0.125426817346744,-0.0631236098230658,0.117968602541142
-0.0741175816173685,-0.0987655558302039,-0.106793165804287,-0.0627677478771018,-0.168322709823506
-0.260300947291514,-0.0874659739024119,-0.0919727121552573,0.131304089351231,0.110086494345322
0.139008367672265,-0.0808983472495117,-0.0835261273220834,-0.120114963179611,-0.171737855395472
-0.126527150962198,-0.0757000808765763,-0.0763918236016865,-0.0965162531484814,-0.182930619855847
-0.223807415160052,-0.0714732721410972,-0.0719593524908459,-0.0849058280558573,-0.36130385938794
-0.372785311979491,-0.0686698057622024,-0.0690775520817359,-0.0765593235793088,-0.420644533102586
-0.088233299654886,-0.136886564137497,-0.0664349990731786,-0.0718778946918183,-0.224655683867847
-0.0786116305931547,-0.0648903885339454,-0.0648289275012078,-0.0686311423183598,-0.157359887872786
-0.169920917756127,-0.0633541410313312,-0.0633239302801458,-0.066815297929136,-0.159833415994437
-0.0709059497283453,-0.0626077159429629,-0.0625927385212743,-0.0654219210188666,-0.133483015497931
-0.0683807676720638,-0.0618754037180876,-0.0618754037180876,-0.0643162149632295,-0.114360582426393
-0.0662945378750959,-0.0618754037180875,-0.0618754037180875,-0.0635927317554743,-0.100024439661083
0.127439313136289,-0.0618754037180875,0.0544562939582495,-0.405077284197896,-0.0879932828090414
-0.12114912209462,-0.00429657942379448,-0.0975745895335809,-0.062868333886502,-0.0794909578988999
-0.0972799835489136,-0.0798939564914724,-0.0827117189342888,-0.0538985127455704,-0.0727409984278682
-0.0852415764387275,-0.0722449344658726,-0.205817344477946,-0.0648078830997809,-0.0687411360848708
-0.0850266220561223,-0.068631298415947,-0.0717671068963317,-0.063407076881688,-0.0653455572923303
-0.0718871251168435,-0.0661326552567376,-0.0700211666106722,-0.0628660480326947,-0.0636779841757672
-0.0686636032316738,-0.0647540182627337,-0.0664257022444652,-0.0624967336346548,-0.0624145310005135
-0.203745251812286,-0.0638154817038241,-0.0651962901501109,-0.0622942480401926,-0.0619990726283902
0.0768442930885092,-0.0632881104685589,-0.0578209133386342,-0.0621571083456315,-0.0619359281204013
-0.107823560068397,-0.062886563513593,-0.065554532662319,-0.0620802388214424,-0.0619053453352564
-0.0892690194264627,-0.0625698234072785,-0.0641891683228969,-0.062021864749481,-0.0618754037180875
-0.0799569748307821,-0.0650995626251787,-0.0633599659485639,-0.0922024378455986,-0.0618754037180875
-0.0733983989506843,-0.062186045964761,-0.0628205491021677,0.174684850173622,-0.0619832076596976
-0.0695703229446803,-0.0620759403886791,-0.0624257317334221,-1.71962849411029,-0.0618754037180876
-0.0670140614975438,-0.0529596636483409,-0.062204561662946,-0.285155829411069,-0.0618754037180874
-0.0653966838203299,0.245195014703875,-0.0484730265566784,-0.238452235633904,-0.0618754037180875
-0.200423542629149,-0.152087077244302,-0.0662934284277017,-0.190859423049736,-0.0618754037180875
-0.0639359753222809,-0.839481915962156,0.0656683513849595,-0.0636825775693324,-0.0606053605486933
-0.0633236513178758,-0.140277268926412,-0.103078397024307,-0.157856913805365,-0.0622805614235655
-0.0629013159834475,-0.114400986460472,-0.0861222637623889,-0.13185921452551,-0.062105353441277
-0.062470068555469,-0.0988861697675656,-0.0778825932350453,-0.114297268629919,0.165900849731653
-0.0621674985662715,-0.0875869042012057,-0.0720657090689392,-0.0986632162091546,-0.129214383383001
-0.062020748202621,-0.0808915256061444,-0.0688215846505915,-0.0882810553315171,0.110988473503417
-0.0618772366605595,-0.0757828681044743,-0.0648350871309583,-0.0792334263826856,-0.148261847969708
-0.0618766614305572,-0.0715315773759963,-0.065855626394568,-0.073578454909107,-0.115893986297255
-0.0618762867937454,-0.0686992166228639,-0.637345785018777,-0.0683400646579887,-0.0988352935565702
0.230775833552787,-0.149846532149247,-0.0652234139276497,-0.0259717974073307,-0.086261020576407
-0.146223636848649,-0.0649323456480226,-0.0641981029936775,-0.076192263511878,-0.0790507830669423
-0.113185178659846,-0.282142744895643,-0.063349788950948,-0.0696807365469755,-0.0738281388763474
-0.0964735720662311,-0.123777894992066,-0.062826338096055,-0.0669496696356419,-0.0704905069817321
-0.0841845775022062,-0.0618778088079311,-0.0623563155845149,-0.065010451329623,-0.0680437627909415
-0.0771914509080505,-0.0618770540224434,-0.0624418923737233,-0.0639559260506449,-0.263064903866584
0.211285882655857,-0.06187656244405,-0.061912656381386,-0.0632070634719163,-0.298564184182602
-0.150211059526222,-0.488563061929961,-0.0619015606726711,0.164309822488953,-0.0644915036088323
-0.365228405538647,-0.0603846516107108,-0.061892007246371,-0.129650229053827,-0.0767675296686722
-0.471017732557935,-0.0623515216966984,-0.0618861196167592,0.111285596730332,-0.0625207261176444
-0.10762675639826,-0.0621456165544921,-1.13284295225303,-0.148646794688627,-0.0621947863739762
0.0770355332650239,-0.0620498748704327,-0.0618829738412106,-0.11615759447011,-0.0618754037180875
-0.511815471250499,-0.0619847589910768,-0.0618754037180876,-0.10864646604624,-0.0618754037180875
-0.128880954389608,-0.0619490895462046,-0.0618754037180874,-0.0866061492040095,-0.0618754037180875
-0.10892500318701,-0.0619249487317686,-0.0623237575804545,-0.17674692350192,-0.0618754037180875
-0.384250274722864,-0.0619114220242438,-0.0618754037180875,-0.0752202334948001,-0.0618754037180875
-0.091222023565938,-0.0619011537705122,0.240412914562589,0.168528759453221,-0.0618754037180875
-0.0817027036392064,-1.1719003939514,-1.10765863675078,-0.138235399716271,-0.0618754037180875
-0.0759820707489812,-0.0619130496068653,-0.206186508169625,-0.108570111222931,-0.0618754037180875
-0.0710789629079199,0.0351123660412651,-0.167599576408434,-0.0934064492249395,-0.0618754037180875
-0.0695589221129732,-0.0918406901387048,-0.0948326784606187,-0.0820579152393714,-0.231633795231807
-0.0653124643302669,-0.0792838023403297,-0.124836807484805,-0.0755943089233193,-0.33237958416082
-0.0096930551343549,-0.0732826680648278,-0.105107421107131,-0.0709046567380489,-0.0618754037180875
-0.0802712143992328,-0.0690888828032924,-0.0938667492308896,-0.646898087228678,-0.45284658367976
-0.387890314272884,0.111306130070847,-0.0849202847102302,-0.0699619617561974,-0.0600560541772385
-0.071110015617101,0.080592555513054,-0.0673426802916093,-0.0674622320327725,-0.748048230221674
-0.0674155242865286,-0.150600869742944,-0.0765494293913962,-0.0658168056042015,-0.621229160534304
-0.0656254908006679,-0.118574199037239,-0.0712136510409267,-0.0643852995152877,-0.0626144559261598
-0.0644046682859869,-0.0999640159050514,-0.0680291068191533,-0.0634986167864623,0.110006308112451
-0.0637180773508457,-0.0871869643132997,-0.0652367444649042,-0.0626707032341095,-0.172909714186563
-0.063194803799208,-0.079256133435969,-0.0638024486049391,-0.0622690571154837,-0.094636769715699
-0.0627817448665499,0.0966291360151695,-0.062489140288961,-0.0618754037180875,-0.0836399924085537
-0.0625122621287362,-0.121067366702619,-0.0623013489956065,-0.0618754037180875,-0.0757741353615788
-0.0623477724608361,-0.0981725087775162,-0.0621435262000488,-0.0618754037180875,-0.0713512953859534
-0.300979040318234,-0.0862603306282485,-0.52595560988793,-0.0618754037180875,-0.0682995684925296
-0.0620377039529027,-0.202779524174247,-0.0620202904822766,-0.0618754037180875,-0.0665665112043723
-0.0619557002756932,-0.0739975109354106,-0.0619673817411284,-0.085497285297637,-0.0652401949103649
-0.0618754037180875,0.054330516307064,-0.0619347699131085,0.202731664243117,-0.0567919145339361
-0.0618754037180875,-0.105043687360366,-0.061904456544718,0.0482799140547354,-0.065844796191109
-0.00265901770709087,-0.0878049866049968,0.179003270440151,-0.158614930227896,-0.0642403269243006
-0.0803960258825254,-0.0789972662612833,-0.132642982971939,-0.124702783421628,-0.0634054395044468
-0.0711171600929053,-0.07293758315023,-0.104372400930626,-0.104089399117322,-0.0627443717391732
-0.256093256373948,-0.0693321568860152,-0.115629365599766,-0.0901726374277373,-0.0607575628405095
-0.0674655180575018,-0.0668911934105895,-0.0805943275708314,-0.081383926349257,-0.062646962538878
-0.0656507280198482,-0.0653711612767238,-0.0746879578644069,-0.0757003500602418,0.216221823363692
-0.0644124264374606,-0.0643063879318051,-0.0705830260382519,-0.0719671246952781,-0.142912080461224
-0.0637169254926947,0.230625065553719,-0.0682533486022382,-1.15915710804374,-0.110975797677204
-0.0631902988207639,-0.147566224324844,0.0677062529867381,-0.0767682579137454,-0.0949312516719448
-0.0627810193706086,0.137982530114241,-0.105647602024039,-0.0724351054787477,0.0826200308625884
-0.0626403905021299,-1.13996016761389,-0.142797764051341,-0.0684028164143295,-0.0588243277255702
-0.0622814886762386,-0.254605220530711,-0.080068218517167,-0.0656590487362375,-0.119723021358709
-0.0621387533053562,-0.211389526090115,-0.976243380505766,-0.168374152953045,-0.102050040536243
-0.0620064233788456,-0.170575201176769,-0.0810240376030114,-0.0625149006489327,-0.087471526813523
-0.061941618757613,-0.144407623477864,-0.074754132408782,-0.0624627923627469,-0.0791533302350407
-0.0617616262013472,-0.0810822789484316,-0.0709241670405992,-0.0618754037180875,-0.621905897582822
-0.0619140945689075,-0.119425381358283,-0.0683948687291108,-0.0549923472142791,-0.0761861833773131
-0.0618965357191846,-0.103205518396788,-0.0663735820972187,-0.0640669808718593,-1.60156386105547
-0.0618890543289621,-0.0900923011688018,-0.0852961359461111,-0.0631209907221794,-0.0925665958509851
-0.0618839585479304,-0.0813547767878017,-0.0639343846829712,0.0823737536981899,-0.0845803430531089
-0.061881167651801,-0.0739025752963943,-0.0563111421837039,-0.106381083466832,-0.0757258832862417
-0.57336252561404,0.068022444569668,-0.0647198672332372,-0.121492728002991,-0.0237986586054477
-0.0655744102022626,-0.10694930667747,-0.0634456206068735,-0.079781107519195,-0.0814984537798425
-0.0655126460941891,-0.0883812195820016,-0.062683050447949,-0.0732850936520429,-0.072839362666235
-0.0641849035196421,-0.0786862985501656,-0.0623818825185925,-0.06964366204612,-0.068034413815305
-0.063332222880494,-0.0725979350636594,-0.0622167929978419,-0.0671340973674403,-0.0654230490347098
-0.0628476981192121,-0.0691500481106319,-0.0621049990706733,-0.0657136109495267,-0.0565247704053878
-1.33606139079414,-0.0667896935278954,-0.062042341236065,-0.0645132549294861,-0.065950210474649
-0.0635585960416096,-0.0654249876322543,-0.0619947633691412,-0.32195890781096,-0.0644514694646089
-0.0630828950973006,-0.0671371288524383,-0.061957312997754,-0.0636145495095779,-0.0636224027845224
-0.0627090866986272,-0.0635917020916775,-0.0619329184982579,-0.434556777151431,-0.0630211595892221
-0.0624593057719785,-0.063082226910138,-0.0619119130431181,-0.0629019324261945,-0.0626629364537303
-1.7232613374153,-0.062642193206225,-0.0618989671817099,-0.0623809528297218,-0.0623897227337348
-0.0631515863033362,-0.00785279544710695,0.252562587427716,-0.0621274153934162,-0.0622277604758605
0.186910414851039,-0.0791874372812775,0.0945434675769231,-0.0618804428920981,-0.0620903882923134
-0.135207937092702,-0.071815613776512,-0.18009378931836,-0.0618790062069884,0.0362818391964924
-0.105870759977557,-0.0682734291645138,-0.139723702933055,-0.061877875646171,-0.0922681030248749
-0.0913421871729479,-0.0659059639498007,-1.11399468322026,-0.65519967794044,-0.0795434630663429
-0.0807946278315482,-0.0646002184509082,-0.162239517396883,-0.0618773977599161,0.0293559030759343
-0.0748272586924287,-0.0637115897763799,-0.135710846843402,-0.0618766906549958,-0.100372553059334
-0.0706787322327075,-0.126334801738693,-0.116520764222312,-0.0618760334963271,0.124960044692884
-0.0683239856435522,-0.0628946457129185,-0.195761630409584,-0.0618757152574696,0.0526125024806548
-0.0665110780751955,-0.0625753786764022,-0.0949748109638101,-0.0617755206905767,-0.159537757134778
-0.860183271456628,-0.0623671684428938,-0.0854691101243521,-0.0481627586252845,-0.12564123080752
-0.0668613870305694,-0.0621876777659482,-0.0780838440402614,-0.0662593802273169,-0.105049491762536
-0.065053212459411,-0.199401041196274,-0.0723722433410398,-0.0643727503009002,0.133854999665523
-0.0639317048460311,-0.269829227847578,-0.0928125151194232,-0.0634916812936273,-0.13728253428484
-0.0628832217278975,-0.0619443380948867,-0.0649922533063033,-0.062889989010561,-0.118977796410403
-0.0623743277381702,-0.0618754037180876,-0.0628901850294214,-0.0625595634651242,-0.101206653730285
-0.0618754037180875,-0.0618754037180875,-0.0618754037180874,-0.0623358358255007,-0.304791971490861
-0.0617697720292903,-0.0618754037180875,-0.0618754037180875,-0.0622102191343165,-0.0842909699631756
-0.0619091147469257,-0.0618754037180875,-0.0618754037180875,-0.0621147804724238,-0.0771741979836849
-0.0618945310482825,-0.26997011048926,-0.0618754037180875,-0.0620397089003189,-0.0609164688132109
-0.0618877593539591,-0.0618754037180875,-0.0618754037180875,-0.0619907272399996,-0.0730246823020397
-0.0618831469796984,-0.0618754037180875,-0.0618754037180875,-0.0619486180243066,0.0713454105581898
0.223052380205752,0.10499188457348,-0.0618754037180875,-0.0619226053835442,-0.108669762555755
-0.131202189091679,-0.112168553606598,-0.0618754037180875,0.19850872770042,0.0502178722037244
-0.115568810116412,-0.0915770253511978,-0.0618754037180875,-0.137868732449725,-0.1196954959458
-0.0976910182000045,-0.229734177821826,-0.0618754037180875,-0.680279305024457,-0.107141447300311
-0.085149370639034,-0.0764151796087588,-0.0618754037180875,-1.22485270460811,-0.0865885040299082
-1.30105951047863,-0.0717922811568291,-0.56208908872528,-0.17579693676497,-0.0778644112541756
-0.0992013863563336,-0.0685986417489371,-0.0618754037180875,-0.146669493714793,-0.0730333320329935
-0.153221993508067,-0.0667913943560603,-0.0618754037180875,0.0381388934214512,-0.0696002630241137
-0.0836734351564268,-0.0654046872242927,0.168798790805847,-0.152557044710838,-0.0694982963197895
0.10212585986977,-0.0643043188055723,-0.129881565526159,-0.12393874358283,-0.0658362528012077
-0.125244052853941,0.242591755448222,-0.102621694180026,-0.105483778423703,-0.262597981635341
-0.100416736590878,-0.150676730043645,-0.0891067915605308,-0.0920212815595654,-0.158144628378707
-0.0875767290249892,-0.576202320577509,-0.0666891095796053,-0.0820381850925846,-0.120985754000388
-0.0777843790448405,-0.120404450817502,-0.191415514453308,-0.0753647331219594,0.0665464910885413
-0.0711380996860297,-1.20926786309023,-0.155464604948897,-0.0700797485235279,-0.552109057155549
-0.0686837293235045,-0.144733841245373,-0.121050762128662,-0.0669996540149911,-0.399044682278939
-0.0667561464392876,-0.121712618551572,-0.102555956677946,-0.0641975273575636,-0.127361746128087
-0.0653637688482995,-0.107737636630794,-0.0886464843227008,0.16927777848025,-0.10766279323387
-0.0642672488776086,-0.0960011990593212,-0.0804392822936553,-0.13133519009188,-0.0947072030714355
-0.0635556432998983,-0.0859839276225421,-0.0744781017226207,0.0745444543277994,-0.0847575000791394
-0.0674496606828823,-0.172626554062622,-0.0709815002651141,-0.139883680250172,-0.0786115410676771
-0.062573255377133,-0.074098645295913,-0.0681564531817259,-0.132857361012962,-0.0737953558472796
-0.0622238459825864,-0.0688537964026467,-0.0660987711292354,-0.0957306404997601,-0.0697451442126377
-0.0620519220012304,-0.0661116527471276,-0.0646354064961769,0.151743846819354,-0.0677736255122867
0.15697916318985,-0.0640007619121362,-0.0636323380334839,-0.769773847565199,-0.0648580678994565
-0.126670269578838,-0.0619919425942513,-0.0715333297655424,-0.161163227544954,-0.0532369117103303
-0.523688039346669,-0.429769515604645,-0.0624315512162376,-0.0814182925218764,-0.0936114670416262
-0.164797880477719,0.0544745792859109,-0.0621428726791219,-0.0133882866841442,-0.0641325998414198
-0.0892914766556291,-0.0976237367884862,-0.0618754037180875,-0.135746507003696,-0.0630962425161693
-0.0807792558814552,-0.0827484121991667,-0.0618754037180875,-0.110605996340144,-0.0626412545885243
-0.074789145211128,-0.0755961360321416,-0.0618754037180875,-0.0956839987843118,0.158666428454242
-0.0713688497742371,0.0750170676228836,-0.0618754037180875,-0.0849566624311754,-0.0141731953164438
-0.0687178814205947,-0.111411290545499,0.246484446785455,-0.0772432991786425,-0.13419281708161
-0.0665977405740885,-0.0916895001981583,-0.150363376975901,-0.0728428702690941,-0.108416052249692
-0.065204463442718,-0.0819229952437617,-0.115797675625548,-0.0691724580735816,-0.0926441570282189
-0.0639942948146202,-0.0748913822254234,-0.0983191832245179,-0.0668754878884063,-0.0824335168894818
-0.0632453027040137,-0.0602639740085033,-0.0854105085444282,-0.0649431309086098,-0.075949776464087
-0.0625464643119017,-0.0712344449986644,-0.0780505752637877,-0.0582881088032551,-0.0718657194507934
-0.0622075310997776,-0.244700645666358,-0.623387639383916,-0.0645581985728831,-0.0691257999006715
-0.89383229124282,-0.0670091501489921,-1.29612966199195,-0.0634437873537749,-0.0669722281630807
-0.0618754037180875,-0.065230375459505,-0.0968018997755487,-0.0628058605162466,-0.124277829712746
-0.0618754037180875,-0.0641624943587456,-0.0865666924640817,-0.0623998789207009,-0.0644240892573907
-0.0618754037180875,-0.0632798975613855,-0.0795835095759835,-0.0621559092672482,-0.0635081423312421
-0.0618754037180875,-0.0628176398816834,-0.0071922545583702,-0.062063766738995,-0.131629572422206
-0.0618754037180875,-0.0624066937232128,-0.089595714094797,-0.0620119757614429,-0.0623638720094508
-0.0618754037180875,0.162492707479375,-0.0773871525237576,-0.0619723699830619,-0.23683661195953
-0.0618754037180875,-0.128341505008072,-0.0714838174385887,-0.0619416621094357,-0.27976199855467
-0.0618754037180875,-0.101655125882154,-0.0668298958107929,-0.0621378591378004,-0.0618796339741729
-0.0618754037180875,-0.0884390218457239,-0.0652274315119802,-0.0923578571389176,-0.0618784279121306
-0.0618754037180875,-0.0788840511902038,-0.0641354409355556,-0.0618948414598609,-0.0618774788352485
-0.0618754037180875,-0.073496855426573,-0.0635215506778885,-0.0618849159421757,-0.401682841782085
-0.0618754037180875,-0.069758866431008,-0.0630538869519957,-0.0618801092666459,-0.080295372104464
-0.0618754037180875,-0.0676455541696148,-0.0626031736856372,-0.0618754037180875,-0.0618762577256729
-0.0618754037180875,0.0880248488892974,-0.0624701626139583,0.0742218539856258,-0.0618758216369589
-0.0618754037180875,-0.111073544950524,-0.062251353721326,-0.0895746483655639,-0.0618756104546151
-0.0621019342656792,0.156704374947034,-0.0621181215847963,-0.0903247526901638,-0.0618754037180874
-0.0454768476162706,-0.150822257663273,-0.0619955156773036,-0.0803331223707844,-0.0469370013638327
-0.0670798270120317,-0.117146219574437,-0.0548152231210501,-0.0736693588572358,-0.0814817189231896
-0.0648403564552101,-0.0994569000779919,0.108611755158083,-0.0698204394234919,-0.0646172227727188
-0.0637953209765845,-0.0864551403624188,-0.114981471262306,-0.0672544085002003,-0.0225420688075515
-1.27864223517859,-0.33620366815367,0.0438858691832162,-0.0657641563563832,-0.136509930741489
-0.188588522710995,-0.107740010632257,-0.122649068160151,-1.1046765741737,-0.352910586817405
-0.0639683978277694,-0.0913217686376974,-0.0992738522624283,-0.0673535122837167,-0.103546626314277
-0.0644154070916968,-0.0821607024428409,-0.0871539989149728,-0.0524260149020097,-0.0871766251040695
-0.0629676209026025,-0.067290858345046,-0.0784613480149263,-0.0685660716772215,-0.0793132807361892
-0.0626255413272896,-0.0735453037702764,-0.073523352465251,-0.0658810615839618,-0.0737784301592779
-0.0624024325325664,-0.0692668246253657,-0.0699667166926712,-0.064255776507132,-0.0706112616648886
-0.0622100803601218,-0.0518345195439617,-0.0676717322971218,-0.0895424803591694,-0.059504490481772
-0.0620914601869487,-0.0696019426857968,-0.443623345538895,-0.110944206674343,-0.0689263714583256
-0.640917353585533,-0.066617271422286,-0.0659158560053515,-0.0908804484927241,-0.0664641825702415
-0.0619687429580002,-1.50319373195854,-0.0646365023936408,-0.0811096135136646,-0.687462822519001
-0.0618754037180875,-0.0698229399753431,-0.0634997268184497,-0.0741533741667164,-0.0653592689836903
-0.0618754037180875,-0.0672302044153785,-0.0876854248179155,-0.0702369374223851,-0.063805987613214
0.108204015450933,-0.0652187006452076,-0.622380971127682,-0.0675422585869964,-0.693488693940677
-0.11749757374943,-0.06412606775411,-0.0622068541477786,-0.0660031894206953,-0.0626189412039703
-0.0922735885126477,-0.0631973341432454,-0.0618754037180875,-0.0648310575383855,-0.0624072930115331
-0.0820142655520009,-0.0627763302152056,-0.0618754037180875,-0.0638980154445795,-0.0622405340378232
0.098800765521445,-0.0624830551502606,-0.0618754037180875,-0.372343589799612,-0.0621318515044258
-0.121786212894243,-0.0622535566341408,-0.0618754037180875,-0.0630910705862581,-0.0620382185329308
0.0409957375858739,-0.062100930162616,0.192989219473178,-0.426323187795835,-0.0619804968597556
-0.126727404156402,-0.0619861943173919,-0.136385263058212,-0.0469899344449244,-0.0479379517911931
-0.102367765424178,-0.0619302052656871,-0.0941612416207827,-0.0670477390632276,-0.0663439183590615
-0.0803980532930776,-0.0632633786116134,-0.0957178469910775,-0.0646678201272417,-0.0644053025213298
-0.0828171958395451,-0.0618754037180874,-0.0834327473734561,-0.930257190106007,-0.0635130197847419
-1.65700178710253,-0.0618754037180876,-0.0765987949782295,-0.0645766545868541,-0.0629030539919281
-0.255742556311217,-0.0618754037180874,0.195240109038817,-0.0636995184662977,-0.0831198361210345
-0.199336290277322,-0.0618754037180876,-0.145611682258474,0.021904537705716,0.222926160958654
-0.164521326808382,-0.188676447756565,-0.113609114815815,-0.512914927323396,-0.144682290094606
-0.132857225315767,-0.0618754037180875,-0.0969786356519352,-0.125870936150821,-0.11214226163956
-0.0866665024071421,-0.0618754037180875,-0.0847713162369312,-0.105544453747306,-0.0957515044934827
-0.104222449469312,-0.0618754037180875,0.0892021535098795,-0.0903021410789994,-0.674793386318864
-0.0911433180614048,-0.258056724284617,-0.120015911907529,-0.081473964029938,-0.752423819669499
-0.0809535096666017,-0.0618754037180875,-1.25942280424753,-0.0789279471732597,-0.0985591119654546
-0.0744970566644596,-0.0618754037180875,-0.0296455529261724,-0.0717054780010497,-0.089373058623466
-0.00208217687226197,-0.0618754037180875,-0.0522307978677955,0.0355619478432051,-0.0819886399254817
-0.0879575033515215,-0.0618754037180875,-0.147124797359923,-0.0985562598867067,-0.0758850524467616
-0.0774288241927042,-0.0769483355592454,-0.119084212990806,-0.0839227594592722,0.01773461249243
-0.0716537543425451,-0.0618754037180875,-0.10203085219673,-0.0992409521073049,-0.0955857425061546
-0.0679155035780307,-0.0618754037180875,-0.0892487786272853,-0.0713038260465967,-0.081997492487808
-0.0655531549058339,-0.0618754037180875,-0.0805772681304529,0.120541420580763,-0.0744646868438414
-0.0643466714437725,-0.0618754037180875,-0.0745503521235453,-0.121813734404692,-0.0703690583740545
0.0556003137088755,-0.0618754037180875,-0.0706401990717554,-0.0979124606943089,-0.0664461826000559
-0.0995734468633546,-0.0618754037180875,-0.0678704604337607,-0.086036169163028,-0.0649603105600093
-0.0840456736679948,-0.0618754037180875,-0.0016474776105649,0.120938695880318,-0.0641239665903569
-0.0764920087098185,-0.0618754037180875,0.0728489764850784,-0.130276351503167,-0.0634859918829479
-0.0711501569855783,-0.415686510606697,-0.141909706351493,0.0354586797460418,-0.0629820438810286
0.0243473117561783,-0.0618754037180875,-0.112327753937997,0.05189815230022,-0.0626531388330654
-0.0944269566039131,-0.0618754037180875,-0.0954471759329049,-0.154119654507375,-0.0623693864722116
0.0746082926870558,-0.0618754037180875,-0.0839232815307514,0.041157888674552,-0.0621943448958114
0.0590440938269232,-0.0618754037180875,-0.0769319921254334,-0.147408967036696,-0.0620315183933918
-0.0256996897475535,-0.0618754037180875,-0.0724060924266606,-0.117240929234747,0.221283881154189
-0.149418722395444,-0.0618754037180875,-0.0695558453111311,-0.100227693621602,-0.143867511596825
0.0286079778359062,-0.0618754037180875,-0.0674303054063475,-0.0877219748828444,-0.111570718110399
-0.141821194572283,-0.40956125642678,-0.0656621568901652,-0.427446087462324,-0.0953412640008645
-0.113532150940936,-0.0618754037180875,-0.0644550117344234,-0.267344354766021,-0.0834338116158962
-0.0871963191426144,-1.47919973792642,-0.0635250845693388,-0.146114785606164,-0.0766671333629789
-0.214808188288077,-0.0618754037180875,-0.0628580513421155,-0.120992643609637,-0.117378126760291
-0.0835142715923051,-0.0618754037180875,-0.0716620414108653,-0.10116067325971,-0.0696041777112133
-0.076898807523083,-0.0618754037180875,-0.34695296009141,0.0881292797540217,-0.0674375015630165
-0.072396160464913,-0.0618754037180875,-0.0618754037180875,-0.0115120487735006,-1.33886898341044
-0.0690633027247461,-1.76735752430399,-0.391671489811932,-0.138575547006565,-0.0715578927975955
-0.0666204723742466,-0.0618754037180875,-0.0618754037180875,0.0815523593364373,-0.0680703805769434
-0.0649497222397762,-0.0618754037180875,-0.0618754037180875,-0.14873058433587,-0.0658940541611349
-0.0636273965737767,-0.0618754037180875,-0.0618754037180875,-0.148380282907751,-0.0638478781729976
-0.0628524372152933,-0.486430453504849,-0.0618754037180875,-0.101061311182162,-0.0628525892999027
0.186382181532215,-0.0618754037180875,-0.0618754037180875,-0.0881921922893287,-0.0554500808151791
-0.134937599700942,-0.0618754037180875,-0.0618754037180875,0.044015462213985,-0.0639215567225521
-0.105756244498449,-4.95294862312134,0.19379930332248,-0.529753234244006,-0.128850498573305
-0.0912736588922701,-Inf,-0.13660107091997,-0.108877972636041,-0.062678409281967
-0.0807470159164381,-Inf,-0.106895614780971,-0.0941949452619701,-0.0623789701211253
-0.0747874661114941,-Inf,-0.0920724758822153,-0.0830812403093439,0.107212708491279
0.196185862543143,-Inf,-0.0812752743337005,-0.0763237184545029,-0.113097858837129
-0.144879296493456,-Inf,-0.0751617221796853,-0.0713705987407832,-0.0921819881450594
-0.326603535261461,-Inf,-0.0709086161780189,-0.0684127485913206,0.152447348413428
-0.104985660638138,-Inf,-0.0684937021126473,-0.0661634344133909,-0.1307040015852
-0.0901473553609579,-Inf,-0.0666337775591447,-0.0647109797006461,-0.114539476806831
-0.0812825705443335,-Inf,-0.0651536060581982,-0.0636576731038753,-0.0973375382344993
-0.409320147885228,-Inf,-0.0641835588688204,-0.0630084020509975,-0.0853452098644844
-0.0751127468912746,-Inf,-0.0633432782405131,-0.0626073491958707,-0.0780972390492671
-0.496097841074487,-Inf,-0.00210098179388045,-0.062233852498093,0.182684111409552
-0.0714414215751753,-Inf,-0.167524982200357,-0.0905212294377098,-0.167377704966258
-0.0686470736152244,-Inf,-0.142323257090428,-0.0618754993057871,-0.113420646848461
-0.0996310186300072,-Inf,-0.106944282248219,-0.0618754510034954,-0.0968285876031628
-0.0647702050406232,-Inf,-0.0911914160599874,-0.0618754037180875,0.12572003297274
-0.427220681471818,-Inf,-0.0821233131866429,-0.0618754037180875,-0.137638999598191
-0.0628871921651047,-Inf,-0.561388188801029,-0.0618754037180875,-0.108917423960549
-0.0618754037180875,-Inf,-0.0784871855802512,-0.0201061314799935,-0.990510199877552
-0.0618754037180875,-Inf,-0.0739225229187665,-0.0350987615974239,-0.114743086194403
-0.0618754037180875,-Inf,-0.0702265455363843,-0.132200023608587,-0.0989344141400324
-0.0787383984139862,-Inf,-0.0677809267442271,-0.107444159137261,-0.0878261620058227
-0.0618754037180875,-Inf,-0.595715518422585,-0.0919064045464068,-0.0806033831658532
-0.0618754037180875,-Inf,-0.0727911751337994,-0.0820218401030533,-0.0752064239249859
-0.0618754037180875,-Inf,-0.0639248048316519,-0.0756641412430471,-0.0706181396433779
-0.0618754037180875,-Inf,-0.222708906213828,-0.0717149003356242,-0.0677960914757785
-0.103751891262781,-Inf,-0.222555786886504,-0.126701548132235,-0.0652511252887588
-0.0618754037180875,-Inf,-0.0618754037180875,-0.0671815514046079,-0.0640601270844181
-0.0618754037180875,-Inf,-0.0618754037180875,-0.0655843771831781,-0.206584972679052
-0.0618754037180875,-Inf,-0.0618754037180875,-0.0643341718575062,-0.0624874799215792
-0.0618754037180875,-Inf,-0.0618754037180875,-0.0634546760090057,-0.0618754037180875
-0.0618754037180875,-Inf,-0.0618754037180875,-0.182236345997919,-0.0618754037180875
0.197621404769941,-Inf,0.204386936808364,-0.0623607121027691,-0.0618754037180875
-0.204148179784197,-Inf,-0.139409864750872,-0.061989105899552,-0.0618754037180875
-0.110766147964656,-Inf,-0.0964420908898146,-0.0618754037180875,-0.0618754037180875
0.0816542637296212,-Inf,-0.31531043000465,-0.0469984288595254,-0.0618754037180875
0.0508098760057045,-Inf,-0.50272068711656,0.143900433184743,-0.0618754037180875
-0.156718742886196,-Inf,-0.0910068117581246,-0.259533166612991,-0.0618754037180875
-0.175124423237117,-Inf,-0.0818130905945901,-0.304455278022966,-0.0618754037180875
-0.107000729418158,-Inf,-0.0765214279631554,-0.118826024446275,-0.0618754037180875
-0.204577252782556,-Inf,-0.0724236177285014,-0.309619547719113,-0.0618754037180875
-0.255600302778472,-Inf,-0.0680578273558428,0.133077038757031,-0.0618754037180875
-0.228487804543649,-Inf,-0.0674333634768357,-0.148822962687841,-0.83885597239657
-0.0785344523807718,-Inf,-0.0654180146316674,-0.118075585390913,-0.0618754037180875
-0.291197108127842,-Inf,-0.0641865310111429,-0.100895897995219,-0.0618754037180875
-0.0716883099527564,-Inf,-0.0630594773722843,-0.390497561568303,-0.0618754037180875
-0.0683946986734396,-Inf,-0.0624983304105418,-0.086280786304814,-0.0618754037180875
-0.0819377541710636,-Inf,-0.061958924087728,-0.0783591486230396,-0.0618754037180875
-0.0642101972561103,-Inf,-0.0619257541765103,-0.0734254995502881,-0.0618754037180875
-0.0630283220431237,-Inf,-0.061895612584136,-0.0695407920540002,0.0581692199787164
-0.0622822000212213,-Inf,-0.0618892706762659,-0.245691289520227,-0.0986450505320682
-0.061882064312077,-Inf,-0.0618851402078855,-0.220491979223832,-0.0833549498590007
-0.0619883512152654,-Inf,0.126995185603775,-0.0645585685374058,-0.0759996412305268
-0.0618757543209989,-Inf,-0.118374326546352,-0.393544818539515,-0.0708297335060538
-0.0618755771546795,-Inf,-0.0954101816188197,-0.0630583947039986,-0.0679539918383819
-0.0618754037180876,-Inf,-0.0841507495624515,-0.062461124488189,-0.0659831559533144
-0.0618754037180875,-Inf,-0.0760918514206789,-0.0618754037180875,-0.0648721630147309
-0.503929187047827,-Inf,-0.0715691034661313,-0.0618754037180875,-0.0702821380389206
-0.0618754037180875,-Inf,-0.0684461012618647,-0.320269539444637,-0.0633611670300287
-0.0618754037180875,-Inf,-0.138633918576259,-0.0618754037180875,-0.0472412349658555
-0.0618754037180875,-Inf,-0.185178817657633,-0.0619518628037456,-0.0675090916864038
-0.0618754037180875,-Inf,-0.128732522614961,-0.0514160460388402,-0.0651373915233626
-0.0618754037180875,-Inf,-0.118916071666992,-0.0652016258941467,-0.248165423129107
-1.0848750757628,-Inf,-0.0991456103466946,-0.0637675530965779,-0.063386680454019
-0.0618754037180875,-Inf,-0.0876871643461407,-0.0630995577380257,-0.0628111631947462
-0.0618754037180875,-Inf,-0.0657362341402323,-0.0626433363503691,-0.434623164609119
-0.0618754037180875,-Inf,-0.0788224384932877,-0.0623931378537719,-0.0848955506869782
-0.0606754800798056,-Inf,-0.0733086295156765,-0.0608446013152205,-0.0623614618402692
-0.0622582016623956,-Inf,-0.0697121632264336,-0.0625683131928412,-0.0622090590477983
-0.0620926592146749,-Inf,-0.065575194802924,-0.0623060987521647,-0.0621097388950215
-0.0620157666200634,-Inf,-0.0659265678871424,-0.0621609921886711,-0.0620241768827283
-0.061963378133317,-Inf,-1.37291665377391,-0.06206379284428,-0.802488235711568
-0.0619346816245178,-Inf,-0.0672721149572259,-0.0619989496959642,-0.0619739578034514
-0.0619152606264793,-Inf,0.103291796364793,-0.0619569847821403,-0.0619241601279593
-0.0619043787089623,-Inf,-0.113478746007371,-0.0619262212085058,0.132082500893934
-0.0618961182687592,-Inf,-0.092485890559459,-0.0619078825141076,-1.73697886523643
-0.0618896176739636,-Inf,-0.0821459110457924,-0.0618917529216367,-0.174635403275574
-0.0618853838503894,-Inf,-0.0748094409807634,-0.061886883105838,-0.21976309237398
-0.0618817386764389,-Inf,-0.0706546469664726,-0.415469894617737,-0.173480181176884
-0.0618794922586156,-Inf,-0.0677278854244122,-0.273351418268515,-0.144257947455684
-0.0618774044993313,-Inf,-0.0649359248364021,-0.0624416760541974,-0.120768332751641
0.137721900902549,-Inf,-0.0653740550050829,-0.0622407489507066,-0.106535954453909
-0.121356762402108,-Inf,-0.0642301634752837,-0.0621031740691648,-0.0948268524569117
-0.0972665320704654,-Inf,-0.0635162174042002,-0.0620288952689991,0.014834654258214
-0.0854209564091604,-Inf,-0.0629140552539637,-0.0619786155393596,-0.104459355536178
-0.0769189005475318,-Inf,0.056386321617816,-0.0619504402754513,-0.0916749170894008
-0.0721402183245508,-Inf,-0.0986341306073329,-0.0619290503255928,-0.0815765942768649
0.240711737010427,-Inf,-0.0833346597149539,-0.061912216087143,-0.0736199093498269
-0.154748157377623,-Inf,-0.0758973762083688,-0.0619012515104173,-0.0692947014896696
-0.119315322886627,-Inf,-0.0707654855517782,-0.0618918109967401,-0.065829991094687
-0.0295332169221979,-Inf,-0.0679104404316784,-0.0618859929557563,-0.0647015267834079
-0.108336359343007,-Inf,-0.0659531766656449,-0.0617527992409216,-0.0638307392233165
-0.513419803566858,-Inf,-0.687704713886407,-0.0619187480920031,-0.0632222876349939
-0.0929587460574554,-Inf,-0.0668406477265478,-0.061898542756213,-0.0628209904015062
-0.0834468580826184,-Inf,-0.106762818248918,-0.0618903508367134,-0.0624795100796526
-0.552976610528558,-Inf,-0.0642650739929539,-0.371985277596948,-0.0622651014966885
-1.35889371485793,-Inf,0.0475762925649404,-1.12487314132563,-0.0620697036699346
-0.105903432738367,-Inf,-0.0968851298287858,-0.0618921549058882,-0.0619714562164529
-0.112059254591839,-Inf,-0.0822530589382056,-0.0618875811761369,-0.0618789501805201
-0.0830188522883888,-Inf,0.171098059056989,-0.0618841093960189,0.139212096115463
-0.075732351212951,-Inf,-0.141097636980228,-0.0618813773388102,-0.121769678993697
-0.0691069465297417,-Inf,-0.112155228612607,-4.28077318957187,-0.0975242124941713
-0.06466900344505,-Inf,0.133860184036311,-0.0620563469176298,0.112959810340892
-0.0632453336788033,-Inf,-0.147670834434519,0.0545294767641387,-0.134241397006752
-0.062553776277415,-Inf,-0.116209083384511,-0.0976619795123373,-0.106863932143798
-0.0553993189276608,-Inf,-0.0989947122801002,-0.0827602757327409,-0.0923045633383024
-0.0639376862555723,-Inf,-0.0867818750406971,-0.0755843402421922,-0.0820906179080877
-0.0630473869624827,-Inf,-0.079230941096974,-0.00705040189966317,-0.0759301441423467
-0.0626331858658005,-Inf,-0.0737626100633071,0.15478172085033,-0.0714859039721733
-0.0623505929376794,-Inf,-0.0704453553184622,-0.145901478532146,-0.894215816504958
-0.0621956940359675,-Inf,-0.0678345850863444,-0.114242871953632,-0.0730632935228224
-0.0620908055340121,-Inf,-0.065868805844256,-0.0972664727895352,-0.069522503077714
0.0371426152084014,-Inf,-0.419308998985738,-0.0850305169965358,-0.0606675459397299
-0.09257586855896,-Inf,-0.0641674858626793,-0.0778172912412713,0.0606865155638335
-0.0797352080874754,-Inf,-0.063157171774717,-0.0728155345431906,-0.103516096143911
0.103243307363008,-Inf,-0.0625032511361214,-0.0698372740681633,-0.0862517221455397
-0.121534574890685,-Inf,-0.0621861336048294,-0.0674878814801743,-0.0778062777105681
0.0762769253920477,-Inf,0.112019511373619,-0.0657202468495877,-0.0717552434415645
-0.135721016738489,-Inf,-0.114159601602615,-0.0644821579048841,-0.0685870738072307
-0.0639789810909709,-Inf,-1.11840995115795,-0.0635371269551129,-0.24191702583335
-0.106203239170744,-Inf,-0.120123565729382,-0.0629157030536333,-0.0658314210220498
-0.0891822231670726,-Inf,-0.15241281666808,-1.30626567004241,-0.064709516552999
-0.0819402884423079,-Inf,-0.0899919538531943,-0.0626616196182409,-0.000378570900277941
-0.0754571894643061,-Inf,-0.0812337306206497,-0.0618754037180875,0.114928263358063
-0.0714922840973192,-Inf,-0.0750314446821742,-0.0618754037180875,-0.000379508088689359
-0.0685930042212156,-Inf,-0.137249529546114,-0.0603075516855957,-0.140803244899731
-0.0664673494933944,-Inf,-0.0697474004372816,0.216329364294987,-0.112669431046813
-0.0666043308887787,-Inf,-0.0674269780473472,-0.452843990333995,-0.0957428180772361
0.186983160796174,-Inf,-0.0654141392025782,-0.129427868348113,-0.0844593363502063
-0.136354560623081,-Inf,-0.0725084923156015,-0.108065327570971,-0.077474504505258
-0.106642594923573,-Inf,0.0959717663299094,-0.0919559158528439,0.191475875942498
-0.0918519704424727,-Inf,-0.110361054256203,-0.0826647835330802,-0.14556617715725
-0.0810151577354091,-Inf,-0.090260251171513,-0.0761037419183185,-0.113607859007771
-0.0749668297731395,-Inf,-0.333594811505834,-0.0723466557913996,-0.0969912569184317
-0.0707483020924456,-Inf,-0.077288599095983,-0.0694279636790126,-0.431858142695886
-0.0683749043121253,-Inf,-0.0723946393047808,-0.067091347595077,-0.234948722254022
-0.0665472206217846,-Inf,-0.0690104198188286,-0.0655527808452385,-0.257591278202031
-0.0650937384114369,-Inf,-0.0670927415448341,-0.0642167823749345,-0.153321328234155
0.214095520823756,-Inf,-0.0656214543274356,-0.913061419258933,-0.124880090417159
-0.143742798823993,-Inf,-0.0645911749471601,-0.0636098310204506,-0.106634323683661
-0.111587012934593,-Inf,-0.0658466158319494,-0.062732436763791,-0.0933920450025015
-0.383711337838326,-Inf,-0.0630311970471801,-0.0618754037180875,-0.084856443336975
-0.0905690190595076,-Inf,-0.0626220410350344,-0.0618754037180875,-0.0783570344699265
-0.0814933463642375,-Inf,-0.0622410770611085,-0.0618754037180875,-0.174774497169636
-0.0752850786968763,-Inf,-0.0604698532753556,-0.0554237332596067,-0.0745091965782027
-0.0717376976533925,-Inf,-0.30322150498748,0.0941157105891667,-0.0666874603208752
-0.0689859967390541,-Inf,-0.0622408736361184,-0.11070061300937,-0.065060265637673
-1.05303507313584,-Inf,-0.0621115527591765,-0.0907604702696273,-0.0634393862313922
-0.0711816202444344,-Inf,-0.0620234249709051,-0.0809738367145671,-0.0626518847057175
-0.0678277935473973,-Inf,-0.0619751467050757,0.113159300873368,-0.061880497665454
-0.567038185721315,-Inf,-0.0619424705538884,-0.125172123407868,-0.0618788358249159
-0.0650051249175628,-Inf,-0.0619241608016963,-0.0347016273559051,-0.0618777112688753
-0.0634272456158847,-Inf,-0.0655797454591751,-0.122520377287337,-0.0618770811962933
-0.0618754037180875,-Inf,0.110195890144592,-0.0999096197110072,-0.0618766029382744
-0.0618754037180875,-Inf,-0.113665640071787,-0.0877585676223595,-0.0618762265880903
-0.0618754037180875,-Inf,0.178680888306575,-0.0790487746370559,-0.0618759814782813
0.128755598807309,-Inf,-0.264559776337178,-0.0739253254982194,0.185724516052688
-0.118860965145327,-Inf,-0.128472536061305,-0.0702459694217011,-0.134444490377748
-0.0957127021546941,-Inf,-0.107743928687359,-0.0677206878753177,-0.105518787629168
0.108790448987006,-Inf,-0.483453180625841,-0.0659786165671753,-0.320336897185165
-0.131044258272886,-Inf,-0.0305096449975794,-0.0645161020427434,-0.0855380801235756
-0.105717836554164,-Inf,-0.102716321012955,-0.0636704491936957,-0.0781400193234272
-0.0914657692925416,-Inf,-0.760905411190574,-0.0629117923018147,-0.415646382098319
-0.0815071481880284,-Inf,-0.104644183382904,0.0660129602476371,-0.0733570985863681
-0.0755064915255616,-Inf,-0.0904800332673991,-0.159521001021447,-0.0700833735526046
-0.0759431587122592,-Inf,-0.0818150674411161,-0.121720782571145,-0.0676293882225796
-0.0686750066437104,-Inf,-0.0746837882996209,-0.102552199643285,-0.0659317592068568
-0.0666347573278066,-Inf,0.0511894541040434,-0.213153071333645,-0.0644589137099511
-0.0651127879439057,-Inf,0.05837934970223,-0.972805299759959,-0.0635461449203674
-0.064011590438603,-Inf,-0.132861226184157,-0.0965581437858605,-0.0626951408877851
-0.0631886075269553,-Inf,-0.105922216294901,-0.0878639654419645,0.19622526876804
-0.0626186557218286,-Inf,-0.0911293659115151,-0.0808767186350162,0.0157431642023235
-0.143473963505807,-Inf,-0.0810945869735417,-0.0751260327687775,-0.153086690019969
-0.0620712227922074,-Inf,-0.0749380227510277,-0.0712851822301907,-0.216333651413283
-0.0473768144164683,-Inf,-0.0709342556270395,-0.0678948363930337,-0.103721650067414
-0.0835759524365697,-Inf,-0.0683819329091349,-0.0657798338464626,-0.0900183760288102
-0.112792153444652,-Inf,-0.0664856314212129,-0.0637920497781317,0.0369851620944642
-0.303489358136445,-Inf,-0.812184781796167,-0.0628251535885719,-0.110824877754992
-0.0866940509239415,-Inf,0.0374544312854048,-0.0618759526690256,-0.092771765665699
-0.140853849374629,-Inf,-0.0966262486700814,0.178946405580624,-0.082878214710415
-0.0734742319301002,-Inf,-0.0822281132462961,-0.121407112696886,-0.0757313116641952
-0.0713946086880966,-Inf,0.0168819834216689,-0.107595712098038,-0.0712913130215478
-0.0676716730094335,-Inf,-0.097875688296189,-0.0922584250206051,-0.115860265606785
-0.0660286307311218,-Inf,-0.083519716785925,-0.081440567561556,-0.253999257173647
-0.0647395101720098,-Inf,-0.0782910865975187,-0.0752083259088673,-0.228899819493151
-0.0638785886549835,-Inf,-0.0713546690000884,-0.0734327677491861,-0.0643874295867638
-0.0544726733289323,-Inf,-0.0684179295856913,-0.791711602770805,-0.063467532021388
-0.0654434845532239,-Inf,-0.0663236846668035,-0.071657264877216,-0.0628873267375203
-0.558854071193891,-Inf,-0.0650903031740091,-0.068733866399495,-0.0625290329037832
-0.0638506797541544,-Inf,-0.0641090768998439,-0.0667087323596906,-0.0621954205669415
-0.0629227975755715,-Inf,-0.396181169616205,0.054454713914605,-0.501533947517609
-0.0625817136903631,-Inf,-0.0634578023648678,-0.100309885690541,-0.0618754037180875
-0.0623505650826829,-Inf,-0.0627149089202661,0.0797758868226667,-0.0618754037180875
-0.062220964217545,-Inf,-0.0623381567397045,-0.124335603481217,-0.0617644775776078
-0.0621225159315288,-Inf,-0.05546740293792,-0.0996799070135488,-0.96401849024257
-0.0620450000908413,-Inf,-0.0640996033817084,-0.0872996892468182,-0.0619249123135696
-0.0619944992121433,-Inf,-0.0630761780627343,-0.0784084407645321,-0.0619073854670974
-0.0619510071537241,-Inf,-0.0626518200573629,-0.0733799718346232,-0.0559239778568265
-1.4766929284179,-Inf,-0.0623622854296654,-0.0698080419376037,-0.0637907700519741
-0.0619736868510686,-Inf,0.0854226192592402,-0.067597288623484,-0.0518694747476175
-0.0619240260732849,-Inf,-0.106864872972658,-0.065967832758544,-0.0661032264681504
-0.0618754037180875,-Inf,-0.0883637713902175,-0.0646415358824327,-0.0526623426103631
-0.0618754037180875,-Inf,-0.0793768987654728,-0.0637858653137639,-0.0671673367467621
-0.0618754037180875,-Inf,-0.073008172389947,-0.063029934078328,-0.0649983858959929
-0.0618754037180875,-Inf,-0.0722043668172815,-0.0690847882279598,-0.0639364701608006
-0.0617736633414242,-Inf,-0.067011939033357,-0.252322058958586,-0.0633153757326579
-0.0619078729264683,-Inf,-0.0656232604241841,-0.0538454530796757,-0.0627943973094759
-0.0618938264327555,-Inf,-0.0645583831300341,-0.0644887523198605,-0.0625072065779271
-0.0618873041882467,-Inf,-0.0637184861234046,0.137568677552367,-0.0623223780828667
-0.0618828617251523,-Inf,-0.0631677539410587,-0.38259322013044,-0.0621911955624008
-0.0618804286478273,-Inf,-0.062696592696731,-0.109075395832847,-0.0620833901286124
-0.0618787821956824,-Inf,-0.062405749208974,-0.313242305813584,0.100774053025878
0.147962537903369,-Inf,-0.0621350370246888,-0.0803763262805319,-0.111080810758412
-0.124189167176567,-Inf,0.0336009122712985,-0.0816215050527112,-0.0909122654767902
-0.0990377593964229,-Inf,-0.172203265649925,-0.0751453035388664,0.187764608268127
-0.0866364281179431,-Inf,-0.848464401042918,-0.0715172554477171,-0.150182151142143
-0.469269254350525,-Inf,-0.15081780374938,0.119482044473125,-0.567964797512524
-0.0779123500522955,-Inf,-0.131614886521375,-0.122334764897122,-0.121176588418998
-0.0728040240827229,-Inf,-0.111397338799226,-0.0984439752158469,-0.101758009920954
-0.855243128019111,-Inf,-0.0965519415144624,-0.0862088057092537,-0.0899310718026609
-0.081282626897841,-Inf,-0.279403292369687,-0.0774784103334481,-0.081254182121755
-0.070747329898951,-Inf,-0.0847701948232711,-0.072303182260323,-0.076123165210793
-0.0681519996754713,-Inf,-0.103230496757889,-0.0688469506694285,-0.0720056101624322
-0.0658800213508519,-Inf,-0.0740208785168239,-1.11906877591264,-0.0688273268246109
0.188171148394616,-Inf,-0.0696611388694124,-0.071940259975662,-0.058413476431896
-0.12502856371042,-Inf,-0.0669434598757762,0.0515842358129559,-0.0673234768964
0.124379960600458,-Inf,-0.0644259793798889,-0.103421375878164,-0.065160599006204
-0.157979850862439,-Inf,-0.298410242529163,-0.0865402442053695,-0.0637262881860995
-0.122574977398718,-Inf,-0.557211040520628,0.047422779421103,-0.0629242611391726
-0.103602628304405,-Inf,-0.0619990703301586,-0.109477369660978,-0.0622961030440182
-0.089541822869956,-Inf,-0.0619521905676536,-0.0907796693675416,-0.596482010790198
-0.0814018479854282,-Inf,-0.0559223699915849,0.142213775776713,-0.708166711126838
-0.0755071942687084,-Inf,-0.0638068201014554,-0.138481453981338,0.11320242292556
-0.0717174376814181,-Inf,-0.0629745434904191,-0.109403446990137,-0.114919560458107
-0.141478358270568,-Inf,-0.0625860352494141,-0.0940588358942576,-0.0933119731727227
-1.4809508897833,-Inf,-0.0623196379265578,-0.0831008491591965,0.159225665191073
-0.0764117536557271,-Inf,-0.0621739467949576,-0.07652178827657,-0.753814277682264
-0.0706302079293307,-Inf,0.127179609466212,-0.0718583767366646,-0.158009279973676
-0.0672363927523042,-Inf,-0.291171023196176,0.116584727222112,-0.129696499476594
-0.0640285987266572,-Inf,-0.102047772443772,-0.575333303243968,-0.10797534080519
-0.0629181912947931,-Inf,-0.0874933514753783,-0.0148522466819509,-0.0945335681130965
-0.0618754037180875,-Inf,-0.285733842872261,-0.139685487186544,-0.0845354493758469
-0.0618754037180875,-Inf,-0.0766126492766372,-0.111183131105511,-0.0785671951284262
0.132764042852083,-Inf,-0.0660206775500106,-0.0956084868516818,-0.0737305485196239
-0.119978600897795,-Inf,-0.0710427700185405,-0.0841586654561523,-0.0700104513608593
-0.0964077403288289,-Inf,-0.0619266062825769,-0.0776370350120336,-0.0583180990980539
-0.20580126682668,-Inf,0.144370311281437,0.0606072695812306,-0.0681298604659201
0.0926650845273357,-Inf,-0.128469865351477,-0.109657922760184,-0.0655034251014907
-0.123402747325989,-Inf,-0.102008086142121,-0.0910146166575153,-0.0639136199080197
-0.0996435908929612,-Inf,-0.0886770278908707,-0.0812339185568739,-0.063025867822238
0.0178724861287881,-Inf,-0.0789539575439281,-0.240849901606235,0.160092330172947
-0.110112292307283,-Inf,-0.0734685293605009,-0.071628136327192,-0.127894170990051
-0.092100461487678,-Inf,-0.0695989513160442,-0.388926110121687,0.041727424222012
-0.0822710057367399,-Inf,0.131884506658949,-0.067869245544992,-0.129596625810412
0.0865318634108469,-Inf,-0.134634616069559,-0.0660893564565579,-0.103735169755361
-0.11919805509333,-Inf,-0.100251400683251,-0.0646332397460536,0.0144027083788674
0.0630473230259418,-Inf,-0.0876104345659691,-0.0638163115456815,0.0109156583731335
-0.131187735011229,-Inf,-0.0783615651293793,-0.0631093557767249,-0.135819416434469
-0.104886110720688,-Inf,-0.0730986082831296,-0.06267259334574,-0.104936039586295
-0.0910742378837452,-Inf,-0.37131816965301,-0.0622657495049737,-0.106120200280608
-0.0810035153551494,-Inf,-0.0676862670816428,-0.0620685566491037,-0.0817689392375182
-0.0683768196950287,-Inf,-0.0674015654583658,0.118407760758896,-0.0922179704147847
-0.0731086834836562,-Inf,-0.0656286822959813,-0.115960814371175,-0.0715021720116843
-0.0695639539452049,-Inf,-0.0645039700145972,-0.0939150101450496,-0.0685873237452174
-0.0672564376885058,-Inf,0.202164955558525,-0.083131054188857,0.185108495001159
-0.0656116894154052,-Inf,-0.140161020108202,-0.0754301910595877,-0.126195948010349
-0.0642940537844257,-Inf,-0.0461069065200483,-0.0849100056033214,-0.111406989372033
-0.0633422080776944,-Inf,-0.0482380030712006,-0.066580330990113,-0.0948166278086249
-0.062799297151401,-Inf,-0.111662006579668,-0.54546414385201,-0.083094994538151
-0.0622970786518763,-Inf,-0.094269000083709,-0.0677314484247432,-0.0762400430261349
-0.0621072365319525,-Inf,-0.0819141279121841,-0.0658940181998666,-0.0715505318655266
-0.061933707230318,-Inf,-0.0773849817733106,-0.0646828968787801,-0.351306408604131
-0.722794565543135,-Inf,-0.0726761588528478,-0.0763973337146035,-0.0685403814617547
-0.0619216606868611,-Inf,-1.52296396406643,-0.0630533670307591,-0.066487033203044
-0.0618980408868341,-Inf,-0.085063197953799,-0.0624739607070777,-1.0243202381147
-0.0618866020814386,-Inf,-0.0777765417136235,-0.0621861897783125,-0.0673129091615367
-0.0618754037180875,-Inf,0.0410368714883151,-0.510584680866957,-0.0653962722610359
-0.0618754037180875,-Inf,-0.114126562024087,-0.0619110699796476,-0.0636421492508501
0.102646217794315,-Inf,-0.0929572619009656,-0.0618980436008641,-0.0627496701051796
-0.111501751649863,-Inf,-0.081653940989117,-0.0618900155457938,-0.0619147307826799
0.0996123611821389,-Inf,-0.0742624838658554,-0.0618825542647711,-0.0618754037180874
-0.135842545093695,-Inf,-0.0700361838716212,-0.0618789409755092,-0.0618754037180876
-0.1074708971602,-Inf,-0.0707699321630668,0.134713260274384,0.0499222823520808
-0.0927945858780674,-Inf,-0.0657861429726814,-0.120520915507507,-0.0962162895739052
-0.46440998304661,-Inf,-0.0646776609671691,0.0311770348161365,-0.107169247915673
-0.106482025011118,-Inf,-0.0637982879612034,-0.232701396161065,-0.0757100162398433
-0.818637809995207,-Inf,-0.063227726793375,-0.0901965115503984,-0.0704251555311392
-0.0845984375557571,-Inf,-0.0627347429857744,-0.0941477866747018,-0.0676773693250335
-0.0783597790682964,-Inf,-0.0624304051007186,-0.230395261442928,-0.0657953109004231
-0.0731094499600883,-Inf,-0.0621471124309841,-0.0789688924857152,-0.0647346577532748
-0.0696724273415399,-Inf,-0.0620098401133074,-0.0737175893556263,-0.0639244891537056
0.135783570501008,-Inf,-0.0692639533138382,-0.452538950745468,-0.0632838580270886
-0.124643877316136,-Inf,-0.0618754037180875,-0.0706876291376627,-0.270700286153456
-0.0989144091320518,-Inf,-0.0618754037180875,-0.0678313617745241,0.192749300733637
-0.0863844657228345,-Inf,-0.0617740861119295,-0.0659668628453679,0.0244321548962007
-0.0771991380136825,-Inf,-0.061907738009038,-0.0643055154142512,-0.472142537427067
-0.0723339162033079,-Inf,-0.0537988776275646,-0.0633632626237415,-0.142276114721343
-0.0689690842012455,-Inf,-0.360414891719184,-0.062473127471635,-0.0677705174692655
-0.0670639279087781,-Inf,-0.0638550500659162,-0.291238028175087,-0.113093514139386
-0.0656012181907313,-Inf,0.00155607722589339,-0.141142385937901,-0.096136133051615
0.00093011363047136,-Inf,-0.084590716881793,-0.415113304906002,-0.086021752892828
-0.0840028330974384,-Inf,0.178223820947604,-0.105841066673262,0.0330879275640574
-0.0747690070413477,-Inf,-0.142368770031661,-0.0904473376960267,-0.100965630466319
-0.278731653963285,-Inf,-0.116956638559986,-0.0815968444142213,-0.0920948873914585
-0.0667694009234079,-Inf,-0.0953131501715405,-0.0753570075602551,-0.0820084577727507
-0.0666311449394862,-Inf,-0.0901957880185411,-0.0717912208544877,-0.0821385256599792
-0.0648873199968256,-Inf,-0.280002345347875,-0.161994826671825,-0.0704971627844475
-0.278078208107428,-Inf,-0.102980983467469,-0.171589687026196,-0.0674434094741859
-0.0636789762430709,-Inf,-0.0880572528078382,-0.0477648726685514,0.0664894739757402
-0.0632182471132975,-Inf,-0.0798196155259256,-0.132088816925412,-0.0967076129304887
-0.224895561737703,-Inf,-0.0736719164413559,-0.106892375576418,-0.29836228159887
-0.0625822591305098,-Inf,-0.070008279444442,-0.092561103779535,-0.0841510408967106
-0.0623353889129122,-Inf,-0.0672097891672216,0.121225696846073,-0.259315642032779
-0.0621099241506295,-Inf,-0.45538024356732,-0.134963000115151,-0.0734488040193069
-0.385796411685073,-Inf,-0.0724944159128869,0.106416574710195,-0.0696228039818106
-0.061896012157765,-Inf,-0.0681811818005721,-0.15211592600026,-0.228370443152665
-0.579340540139795,-Inf,-0.0657632365416419,-0.119128386883588,-0.313247710910601
-0.0618875301550285,-Inf,0.156326589679129,-0.101035152514534,0.170243431099316
-0.0618821049879118,-Inf,-0.128553727909438,-0.08788175654583,-0.133766877076753
-0.06187691296269,-Inf,-0.101853966604998,-0.0798925130297907,-0.105269642843416
-0.061876377770778,-Inf,-0.090961850273495,-0.0742680974728303,0.098829867747266
-0.0885597768025059,-Inf,-0.0790098903816035,-0.623081168025105,-0.134814133996356
-0.0617793870616231,-Inf,-0.073592356272746,-0.0726126065159939,-0.107481109321741
-0.061906123614596,-Inf,-0.0698387924125638,-0.0690573024413611,-0.0926337585924574
-0.0618928338662296,-Inf,-0.76756786795996,-0.0668344583440577,-0.764466515624375
-0.0618866630135894,-Inf,-0.0702851296226263,-0.064846045086362,0.0414600432659118
-0.0618824598982621,-Inf,-0.358984428958547,-0.063700760249948,-0.135002413005123
-0.0618801579101092,-Inf,-0.495100342131728,-0.0691385080141124,-0.108817854343481
-0.0618786001662813,-Inf,-0.067153696129573,-0.062243986767512,-0.0940750759808003
-0.0618777273836491,-Inf,-0.0652968138281863,-0.0618759401677336,-0.083092136107045
-0.0618770648950751,-Inf,-0.0767629536628087,-0.0618756662361042,-0.0762545567712499
-0.0618765435698511,-Inf,-0.0627178687432523,-0.061875533580749,0.12681184145613
-0.0617568918127219,-Inf,-0.0618754037180875,-0.0618754037180875,-0.126575486248809
-0.0619139885070104,-Inf,-0.0618754037180875,-0.0618754037180875,-0.0111113349123055
-0.0618973360882644,-Inf,-0.0618754037180875,-0.0618754037180875,-0.114323371590432
-0.0618895200121314,-Inf,-0.0618754037180875,0.0650008734129681,-0.0943853120421959
-0.0618842292150496,-Inf,-0.379760038215457,-0.100646318444435,-0.0838474113331465
-0.0618812965454213,-Inf,-0.0618754037180875,-0.0845604570297664,0.0963893221600756
-0.502013868308829,-Inf,-0.0618754037180875,-0.076807384634789,-0.122819327460563
-0.0618798764168642,-Inf,-0.0618754037180875,-0.0713481021825138,-0.0465996643055493
-1.2928034874088,-Inf,-0.0606017906135922,-0.0683086921283509,-0.102721924174289
-0.0618829170194381,-Inf,-0.0622816997781977,-0.0662241487124288,-0.0863572384631004
-0.0618806790485124,-Inf,-0.0621059997271528,-0.130272748861516,-0.205768465042227
-0.0618787522578668,-Inf,-0.060646907811889,-0.0527143381337548,-0.0753172553354977
-0.0618775648383667,-Inf,-0.0624081092644152,-0.174106526345101,-0.0712184332508666
-0.0618764612892879,-Inf,-0.0621877022706322,-0.205619211835007,-0.0683310997634246
-0.0618759268787224,-Inf,-0.0620788463971907,-0.1895031514701,0.07800444969184
-0.0618754037180875,-Inf,-0.0620071606619134,-0.131362078049229,0.0549785154914187
-0.0618754037180875,-Inf,-0.0619654506104874,-0.110508104097446,-0.135777002476426
-0.0618754037180875,-Inf,-0.0619362544334324,-0.096736949353191,-0.108456062302386
-0.0618754037180875,-Inf,0.0706233940778827,-0.086685151856963,-0.0927416294697319
-1.48398565791358,-Inf,-0.10232673179933,-0.0798952511640468,-0.0821701341509175
-0.0618754037180875,-Inf,0.102353780904707,-0.0747922396972114,-0.0756274323385878
-0.0618754037180875,-Inf,-0.131782402002985,-0.0706553447177116,-0.0309852983640851
-0.0618754037180875,-Inf,-0.104877772714851,-0.0678346473274983,-0.385881003807486
-0.0618754037180875,-Inf,-0.0907936799542337,-0.0654387426641261,-0.143513650367044
-0.0618754037180875,-Inf,-0.097685850424223,-0.0639582497522429,-0.118729830557071
-0.0618754037180875,-Inf,-0.0752342284782399,-0.0626963010938653,-0.158435601497494
-0.0618754037180875,-Inf,-0.0555132703055237,-0.416917720235087,-0.0895198099528327
0.268715535906912,-Inf,-0.186423305256148,-0.0618812191662767,-0.0806958834671313
-1.64147447435605,-Inf,-0.070352389278817,-0.0618782495880363,-0.075418028311761
-0.346063240143259,-Inf,-0.836864782648019,-0.06187681151845,-0.225513186700882
-0.300532288275596,-Inf,-0.0700809804057786,0.19143463719764,-0.0793267070539948
-0.246905198519327,-Inf,-0.0670659929260222,-0.135970760094697,-0.0672049795438541
-0.371813117512831,-Inf,-0.0652080573688439,-0.106492706440155,-0.0652731581598707
-0.196009438026451,-Inf,-0.0636839699063339,-0.091791978882475,0.161276052598817
-0.172081949667223,-Inf,-0.424154874853945,-0.388180953572779,-0.129354326971844
-0.142357324812195,-Inf,-0.0625399387315178,-0.0798055442682556,-0.102218694808654
-0.142364310935276,-Inf,-0.062342256156932,-0.157073797827217,-0.291016544622101
-0.11149085250365,-Inf,-0.0621718522511421,0.159855025603641,-0.0965761403968834
-0.0947114485207187,-Inf,0.20899460432601,-0.138028692505345,-0.0764312866122906
-0.0833023665693425,-Inf,-0.14075309737852,-0.108660007675175,-0.071782397300284
-0.0729108542610869,-Inf,-0.109554226056024,-0.331646343720091,-0.0691394079817378
-0.0674570176919488,-Inf,-0.1566469649391,-0.0878537860813167,-0.0671009300157947
-0.0621060315839796,-Inf,-0.0838306940475585,-0.469972468753704,0.110012684594493
-0.0620367925403114,-Inf,-0.0769445288880371,-0.0794510780184486,-0.116853114431411
-0.0619858487029474,-Inf,-0.0721361697519602,-0.0745499492285353,0.0212495423163103
-0.0619524557065323,-Inf,-1.40152294629027,-0.0707513172190834,-0.0930687277579843
-0.0619253599672746,-Inf,-0.0825501036006638,-0.0678935627587447,-0.162251164923383
-0.0619082186052173,-Inf,0.0364833593758052,-0.0661141065756726,-0.126990566443625
-0.061892620984713,-Inf,-0.105227557039133,-0.0645761397628674,-0.308373556578284
-0.0618847588032574,-Inf,-0.0886952819689339,0.1578673622471,-0.0986215225761238
-0.067236663026198,-Inf,-0.0795664928109781,-0.128108824545463,-0.0876622815459884
-0.0538605530893315,-Inf,0.0854704388324288,-0.10144121745739,-0.0799924831331875
-0.0644273015638317,-Inf,-0.115824181562372,-0.088046229594196,-0.0751215616977534
-0.0633261485156549,-Inf,0.0712578074974037,-0.0785459513473706,-0.191906471995698
-0.0628134611293161,-Inf,-0.130839967474673,-0.0733531072516552,-0.0691135557725149
-0.0624637260648929,-Inf,-0.104648714857094,-0.0696641018536252,-0.066644429430451
-0.0622719863680272,-Inf,-0.0909028206900598,-0.067574421141752,-0.0648542783496073
-0.0621421307132902,-Inf,-0.0809609643178784,-0.0659686761412687,-0.0635224414220884
-0.0620693456684776,-Inf,-0.0751910237618946,-0.0646937281395514,-0.0626843139361658
-0.0620140746405497,-Inf,-0.0710791339353117,-0.0638588525175141,-0.213685046382039
-0.0686445369716886,-Inf,-0.0158270017435662,0.0933276299007936,-0.0489162217300793
-0.0619426731661567,-Inf,-0.082829007726838,-0.109933513267054,-0.145609629697624
-0.0619181054674431,-Inf,-0.0743699448248612,-0.0901473976228044,-0.0644137287848318
-0.0619029639713361,-Inf,-0.0701502134981469,-0.229408961153444,-0.0635184855615138
-0.0618888909273337,-Inf,-0.0670326652721173,-0.0755177603368127,-0.0629064885099607
0.16665192754879,-Inf,-0.0652891661995596,-0.0711731217360593,-0.239084821247697
-0.129300615422762,-Inf,-0.0639721811784957,-0.0681755285129086,-0.0624334809007154
-0.102254382795737,-Inf,0.0594228384287494,-0.0664802861009324,0.142709372839719
-0.0888529131676869,-Inf,-0.102565163240123,-0.0651803917854234,-0.139750847586495
-0.0791606518868045,-Inf,-0.084505806481618,-0.0641495235669778,-0.110277584784588
-0.0736922731286026,-Inf,-0.076805123126958,-0.463564613720122,0.143020556134542
-0.0698995983610375,-Inf,-0.0739290406813866,-0.248885450322421,-0.148698119147701
-0.0677492783874199,-Inf,0.195652943717842,-0.692897660886689,-0.116657344985293
-0.066095849749344,-Inf,-0.142388018969511,0.153663454339561,0.09617888588174
-0.0647816869166702,-Inf,-0.11119820269979,-0.129448762687106,-0.262623259526895
-0.063921044564662,-Inf,-0.0952459314206759,-0.10456246553501,-0.307830613846967
0.10218112222683,-Inf,-0.0148528155455974,-0.0889140624901095,-0.110177076567112
-0.112488035896366,-Inf,-0.097454671337365,-0.0792420924343233,0.118979015903604
-0.0917132414098478,-Inf,-0.364153194475369,-0.0737815780236987,-0.145130156225957
-0.0815754630923092,-Inf,-0.0823034344502176,-0.0699800855129773,-0.114633626332516
-0.0743011868254334,-Inf,-0.814465217773403,0.127600321511547,-0.0983129238266217
-0.0703352997892496,-Inf,-0.0816660280055299,-0.123894401209676,-0.532280855455755
-0.0676038376753998,-Inf,-0.0755026345649037,-0.0993032679718174,-0.0875998376998354
-0.0660603858789224,-Inf,-0.0712662227373411,-0.0869654898061293,-0.0793697233438828
-0.064877993108216,-Inf,-0.0683383208341915,-0.0779328894676041,-0.0741922241370663
-0.063940919024194,-Inf,-0.06577472964136,-0.0728022124942408,0.0939761829932868
-0.0633282127560942,-Inf,-0.15506574088576,-0.0691373318803371,-0.116284405429087
-2.75991022546144,-Inf,-0.0631069228561898,-0.0670989476071092,-0.0946364048556749
-0.0467573896913161,-Inf,-0.0626710199736302,-0.0654907554626087,-0.0833401637097927
-0.0737784545723542,-Inf,-0.0622649786429399,-0.0643637335151782,-0.0756028403951843
-0.068376709893107,-Inf,-0.0620681750960656,-0.606938783572509,-0.0709945123696992
-0.0647050072278497,-Inf,-0.0618754037180874,-0.0637923175668811,-0.0679410878595356
-0.0635959066607493,-Inf,-0.0618754037180875,0.208013163381776,-0.0660792791948348
-0.0630928194223321,-Inf,-0.0618754037180875,-0.085342696377529,-0.326225671757904
-0.0626928463231408,-Inf,-0.0618754037180875,-0.125448054488841,-0.064570829257159
-0.0798944513280795,-Inf,0.158666953398777,-0.103516102891957,0.102453117435093
-0.0623070093387496,-Inf,0.110397494678468,-0.101900392838595,-0.113059844466034
-0.0621716136080866,-Inf,-0.16461831754322,-0.643495137111439,-0.0922116141502502
0.025863593763262,-Inf,-0.67582792662504,-0.0843758639075032,0.107319971382204
-0.0899514123007425,-Inf,-0.140532575250856,-0.0782407528298292,-0.129553246026735
-0.0777604378244385,-Inf,-0.0111138427898209,-0.0737885948393833,-0.10354139348813
-0.0722595101478149,-Inf,-0.129483808421787,-0.070215415631159,-0.0899528685561754
0.12695274855674,-Inf,-0.107023101092852,-0.067739979213088,-0.268294127021573
0.0537389382072756,-Inf,0.0223076722285566,-0.0657119053566789,-0.0774158068305383
-0.148293064926026,-Inf,-0.118217542092251,-0.0643486089737683,-0.233069134089681
-0.117434403783594,-Inf,-0.0978466085771848,-0.0631874140579328,-0.436822521429526
-0.0991822820825502,-Inf,0.0381185946839094,-0.0609758816935386,-0.0711053041526238
-0.0867364967027965,-Inf,-0.196395592414109,-0.06246845225296,-0.0681824890155094
-0.0789948701915566,-Inf,-0.0979640603891942,-0.0621555182695005,-0.0660711945041045
-0.072596619704322,-Inf,-0.0853488956363567,-0.573423396224281,-0.0644650170227258
-0.0710097838856908,-Inf,-0.0770802847394025,-0.0620645764005408,-0.0633611858661063
-0.084635349484905,-Inf,-0.216910810213845,-0.0620028806712249,-0.0512290313816916
-0.066334126723761,-Inf,-0.0698567693362492,-0.0619611207637299,-0.0658489353528703
-0.0648401025012042,-Inf,-0.263737511257713,-0.0621887493386089,-0.0639336271426677
-0.0636796269154521,-Inf,-0.0666423365487025,-0.0619199670588173,-0.0632071840609607
-0.05537381852126,-Inf,-0.0650146493463824,-0.061905982903956,-0.0627109253735343
-0.0648876172009932,-Inf,-0.0639435895025681,-0.0618968747690728,-0.0624387377232043
-0.0634717779565286,-Inf,-0.0631446501972268,-0.0618890327449577,-0.0622543344300183
-0.0627947767699387,-Inf,-0.0625910390950105,0.102832937230642,-0.0621509576924505
-0.0624535372182787,-Inf,0.056354588234243,-0.111561210340934,-0.0620724420497082
-0.0622646716858491,-Inf,-0.158122699522429,-0.237924285468901,-0.0754935093793783
-0.0621371953455992,-Inf,-0.084893371646557,-0.204145231570911,-0.0619716483728067
-0.0620646386457085,-Inf,-0.0769930719126829,-0.154283702403783,-0.0619364999896139
-0.062010165973323,-Inf,-0.0714726538688625,-0.126976488936131,0.23350819207882
-0.0619671408949484,-Inf,-0.0683855616960192,-0.105550151664901,-0.147049194626008
-0.81709974596335,-Inf,-0.0662765542575803,0.034947520591178,-0.11363422705005
-0.053691190002614,-Inf,-0.0650828762965128,-0.120775493726286,-0.0967868897009669
-0.0645634092063332,-Inf,-0.241295939453458,-0.100032971544073,-0.319609451920233
-0.0632868953371943,-Inf,-0.0637645888999333,-0.0883367651318487,-0.0132418961615098
0.0105385366052956,-Inf,0.0954197607118213,-0.0793642715766792,-0.0959315677413897
-0.0853268512310606,-Inf,-0.11057685032709,-0.0739642618135553,-0.37391570769406
-0.075493685873115,-Inf,-0.0906606104287773,-0.0926977941790285,0.0397903970640681
-0.0707821116266417,-Inf,-0.649427238917619,-0.0674255539442621,-0.114562321195692
-0.0675252268221002,-Inf,-0.0832304945192473,-0.413969541155841,-0.441651453024264
-0.0657081673799507,-Inf,-0.0763739310611226,-0.0649496294281027,0.129163657615766
0.18764274717721,-Inf,-0.0717411041996767,-0.0635971007299752,-0.145124088407047
-1.26597835248348,-Inf,-0.299196929408745,0.061774352976731,-0.10753255922974
-0.210363479141359,-Inf,-0.0684294274461018,-0.100671051316462,-0.485480117404549
-0.171200259606936,-Inf,-0.0663975586688547,-0.0845236277513507,-0.0979212328695376
-0.137256917673173,-Inf,-0.0529912928168191,-0.0767328400537372,-0.0870787732283784
-0.115967799199343,-Inf,-0.0677240387463997,-0.529879219140288,-0.079174854665936
0.0821689554308152,-Inf,-0.0653666983368753,-0.0719078404966615,-0.0743314223145781
-0.141361391706052,-Inf,-0.063932443773632,-0.0686776483242188,-0.0705763479948235
-0.11375781818476,-Inf,-0.0630821585460978,-0.0668495045890659,-0.067708535693098
-0.0975001594163835,-Inf,-0.0624757115313952,-0.0654465842784911,-0.0657751737012878
-0.0858897857533448,-Inf,-0.062279217620324,-0.0643332401408683,-0.340200912929069
-0.0780086528984879,-Inf,-0.060540771127863,-0.0636047355870826,-0.0637359708273267
0.132133398579133,-Inf,-0.0626045342297181,-0.062974653830316,-0.0628048907726978
-0.156017204059021,-Inf,-0.0623142619165978,-0.0625854909499777,-0.0623471966255466
-0.103653419674297,-Inf,-0.0621670809233125,-0.0622230770490478,-0.0618998681430321
-0.0893564121192025,-Inf,-0.0620590542545763,-0.0471366951882448,-0.0618875060219089
-0.0796711711591026,-Inf,-0.0601952348496664,-0.0666100388835774,-0.0618754037180876
-0.0740514569464236,-Inf,-0.0625245036282008,-0.778359793730513,-0.0618754037180874
-0.0700683457585687,-Inf,-0.0622510310343936,-0.331469108498859,-0.0618754037180875
0.174473319936331,-Inf,0.160391642527011,-0.0648017644483631,-0.0618754037180875
-0.136453810172954,-Inf,-0.398460297213167,-0.0638519049077653,-0.352807168087444
-0.107128899438048,-Inf,-0.650971645861571,0.0402229443860384,-0.0618754037180875
-0.0923732450870796,-Inf,-0.122712646270105,0.106347204366005,-0.0618754037180875
-0.194013058435174,-Inf,0.0697040566186174,-0.138405365522122,-0.597793249309499
-0.0767880613863571,-Inf,-0.138302854088508,-0.10945907243711,-0.0618754037180875
-0.0719743637152812,-Inf,-0.294361879751033,-0.0936666410616752,-0.0618754037180875
-0.0691814642279803,-Inf,0.00886614369894345,-0.0826707952825186,-0.0618754037180875
-0.421052206662822,-Inf,-0.122512803187214,0.10654539837518,-0.0618754037180875
-0.646500954705086,-Inf,-0.353416293082054,-0.00323793037901552,-0.0618754037180875
-0.0682032874543868,-Inf,-0.0966261237719079,-0.135250161015445,-0.0618754037180875
-0.0659133926364276,-Inf,-0.085348263801518,-0.109418283189911,-0.0618754037180875
-0.064490865763594,-Inf,-0.480749556295612,-0.0969416211076716,-0.0618754037180875
-0.0631592164309376,-Inf,-0.0777821639984378,-0.083204148057826,-0.0618754037180875
-0.0625119466634687,-Inf,0.1111668197207,-0.0764109857372985,-0.0618754037180875
-0.0669008019202998,-Inf,-0.123022950624464,-0.0720274305894614,-0.0618754037180875
-0.0618767769056692,-Inf,-0.0989552517383101,-0.0690537554914494,-0.0618754037180875
0.0396559213747045,-Inf,-0.0864995178172025,0.147407003621531,-0.0806148702396455
-0.0931736833153662,-Inf,-0.0775389555845335,-0.128238230506929,-0.0474072655658098
-0.0800787615579109,-Inf,-0.0722799967285038,0.0464613846912858,-0.0664701917724923
-0.0741639100627634,-Inf,-0.0687808235856335,-0.130928762551617,0.0733634250102028
-0.0976410328016445,-Inf,-0.0668309109969314,0.0985509239693523,-0.105381023575232
0.170206551886761,-Inf,-0.0652888124889026,-0.14747674126384,-0.0874131996467255
-0.134698242963506,-Inf,-0.0642243416966865,-0.115833353191451,-0.0788598110791289
-0.106183194961939,-Inf,-0.0635279612804528,-0.32986878207754,-0.0726975390099359
-0.091739296873754,-Inf,-0.420183574977884,-0.0932895712333928,-0.0692576590155762
-0.0811582057714365,-Inf,-0.0679053337444656,-0.772055299812164,-0.05055828144692
-0.0751141577428994,-Inf,-0.0623528289507548,0.0519570985735863,-0.0706622209486875
-0.0708440704899074,-Inf,-0.0621116611315643,-0.126144437549189,-0.0674286888057762
-0.068401894806321,-Inf,-0.0618754037180875,-0.103156363970337,-0.405902354980741
-0.0664882447524296,-Inf,-0.0487980499801846,-0.0895600218694018,-0.186843134999948
-0.0650199611563206,-Inf,-0.0660304762183059,-0.406861922524804,-0.140758438274905
-0.0782804110891245,-Inf,-0.064139549347145,-0.0781138305463112,-0.116383355585096
-0.063264635775822,-Inf,-0.063438334227357,-0.0717164521854101,-0.0975772405107714
-0.0629686892401985,-Inf,-0.062854209480509,-0.0690176631499546,-0.290971847651203
-0.202434105035135,-Inf,-0.699386986818918,-0.0666498350298506,-0.0825697228305748
-0.0627626404751647,-Inf,0.0857384683673265,-0.0646652795863094,-0.0970083262065903
-0.0622369778636777,-Inf,-0.107452360069572,-0.0638305669923182,-0.49249616450513
-0.0621090347496008,-Inf,-0.0887721553224642,-0.0631211416618099,-0.0762421094333439
-0.0620218463501882,-Inf,-0.0796589600033683,0.0602991532329765,-0.0718999610937138
-0.0619740828332213,-Inf,-0.0732051538820156,-0.0998755824861858,-1.29415655651924
-0.937721563134437,-Inf,-0.0695742486157878,0.121398140127848,-0.0760451199464489
-0.0619912123558943,-Inf,0.120955163976089,-0.375097899981147,-0.142488540089953
-0.0619582027959337,-Inf,-0.110354135635924,-0.118643307462438,0.0303677186106324
-0.0619322219452241,-Inf,-0.101076581880355,-0.101555463243323,-0.092555622476844
-0.0619152992961108,-Inf,-0.113451461162999,-0.0879003269667191,-0.0798125097233671
-0.0619007283328004,-Inf,-0.0791042262789222,-0.0800723288531542,-0.0736689178487303
-0.344488626442728,-Inf,-0.073535373876067,-0.0744569667937331,-0.0693412381665015
-0.0618860143261047,-Inf,0.177524668654881,-0.0710040137510871,-0.0669295560274966
-0.0618806526243141,-Inf,-0.139080284792714,-0.0684262126287793,-0.057658478129299
-0.0618754037180875,-Inf,-0.109170350952267,0.15675437208172,-0.0667261518719457
-0.0529581048237697,-Inf,-0.0937339420386857,-0.130455638464156,-0.0649682313738592
-0.0647127201075684,-Inf,-0.0859201029827891,-0.103099367750489,-0.0639474878426028
-0.505171675623622,-Inf,-0.0760415246452776,-0.0893993049110891,-0.0632652894794832
-0.0634989790471124,-Inf,-0.0714823447650776,0.0777472589929336,-0.0627805490691781
-0.0628942313848725,-Inf,-0.0687528229835249,-0.119971208100303,-0.0624702160199666
-0.0625624336447096,-Inf,0.163197350509263,-0.117942051756117,-0.0622271190205312
-0.0623375872137317,-Inf,-0.135734447091711,-0.086634592625612,-0.0620902148228582
-0.0622115223108652,-Inf,-0.104763394478195,-0.078205652325507,-0.0619662466209045
0.256595849512345,-Inf,-0.0905669606799658,-0.073080833138018,-0.0619391919644768
-0.917098626596193,-Inf,-0.774325346817328,-0.069564226263281,0.108295176385255
-0.185655481874275,-Inf,-0.0869607709995219,-0.0673191210216823,0.043315834074033
-0.150830479366453,-Inf,-0.0789448010743799,-0.127978713847085,-0.136322700363229
-0.121949323837748,-Inf,-0.0741470013658639,-0.216796447956723,-0.108978081885397
-0.104465788737205,-Inf,-0.515393062222199,0.000532079702756692,-0.0931517331258728
-0.0921012978321444,-Inf,-0.0714535237527808,-0.0830977028167496,-0.0825646704186851
-0.0277312314443118,-Inf,-0.06865571094448,-0.0742065389347671,-0.0760484043296445
-0.0950080204127474,-Inf,-0.427195762170198,-0.0698090688307003,-0.0718299399032562
-0.0830691934449967,-Inf,-0.0658995976094403,-0.00106681430501374,-0.0691242408043165
-0.0764327211315322,-Inf,-0.0638506072367985,-0.245726313476115,-0.0670037931021956
-0.0711710758892456,-Inf,-0.0519439992883127,-0.109277481828596,-0.0654425877607537
-0.0680447542150286,-Inf,-0.0653443859468538,0.160839629131042,-0.0642896962323969
0.188884723546195,-Inf,-0.0638489846213326,-0.153712374229388,-0.0634207416264977
-0.138109206822045,-Inf,-0.0631523267558406,-0.119981048363158,-0.0627808651742961
0.0899758839057549,-Inf,-0.498078546344066,-0.101657357115418,-0.0623203555102449
-0.147536878378203,-Inf,-0.0627102814711643,-0.0884828046312425,-0.0620240491731586
-0.115690976288699,-Inf,-0.0624371178966068,-0.0804535709792338,0.107326647488543
-0.0730508585793325,-Inf,-0.0622839401851995,-0.320657237799647,-0.112831144809812
-0.161350269003513,-Inf,-0.0621675661727685,-0.0736918604817863,-0.120104211411398
-0.126456865331979,-Inf,-0.0620759262833036,-0.308701544446016,-0.0823924978694349
-0.106740241176359,-Inf,-0.0620162201886425,-0.0690210844051024,-0.0495398568658752
-0.0922175497481799,-Inf,-0.0619647975115833,-0.553058662752512,-0.00816023549980893
-1.11144935477107,-Inf,-0.0619331018281292,0.0616934028522855,-0.179001025993801
-0.103189637642807,-Inf,-0.0619036401766479,-0.109227402106125,-0.141118940828652
-0.0923724367935124,-Inf,0.101602426063505,-0.0898703237162063,-0.116097265456401
-0.0829677615662679,-Inf,-0.111208650333654,-0.0801447404052196,-0.0990340332563091
-0.0761167069694905,-Inf,-0.0909874990429965,-0.0731725289905473,-0.132392958980556
-0.0708097487156224,-Inf,0.0838550863130384,-0.252222184521658,-0.0812064646595795
-0.0673887226114762,-Inf,-0.12256027687959,-0.0681665105976267,0.146267365034238
-0.0649937272707399,-Inf,-0.0992302437552212,-0.0664660812351207,-1.12331247027759
-0.0634049427256064,-Inf,-0.10979674922241,-0.0651572013463005,-0.189390109680153
-0.062632903151812,-Inf,-0.0788594836072323,-0.0641384947978058,-0.153775859348696
-0.0618754037180875,-Inf,-0.0738337348600716,-0.0634526838712838,-0.124277226322589
-0.0618754037180875,-Inf,-0.0699125972839558,0.0511442241873795,-0.10521647696344
-0.0166612205262031,-Inf,-0.0677087999598127,-0.0977105905645056,-0.0911939851707713
-0.0891626698998381,-Inf,-0.0659526718562403,-0.0827468755527276,-0.0825354710879551
-0.0701358026096654,-Inf,-0.234735407630875,-0.075537536930648,-0.110303765092341
-0.0672477742682952,-Inf,-0.0640395015863015,-0.0704470216938251,-0.0725686934823163
-0.0652569991004042,-Inf,-0.0632038786733563,-0.0676923150825847,-0.0694714720168567
-0.0641602484819033,-Inf,-0.0609343520922235,-0.187456768176931,-0.0667277174494088
0.060230260632317,-Inf,-0.0627813430540643,-0.0651135198039665,-0.0650176591415234
-0.10072906886072,-Inf,-0.0623631050164329,-0.340522108900622,-0.0624398481212556
-0.0847656407796279,-Inf,-0.34840656658205,0.17178027967062,0.0644865358043848
-0.0769757466301434,-Inf,-0.0825864407679167,-0.133426472102531,-0.167759620120611
-0.0714961564859018,-Inf,-0.0619890095548179,-0.104416898716072,-0.0863924863699942
-0.0683954676669177,-Inf,-0.0619517927711405,-0.0903493887844055,0.0990265080294257
-0.0662767017270176,-Inf,-0.0619309384303523,-0.080064934614084,-0.124119334984726
-0.0650504514557901,-Inf,-0.0619151070199981,0.172577716953055,-0.0999994254755584
-0.0566571365577498,-Inf,-0.686844753266741,-0.141232005197036,-0.0874718852539122
-0.0657755424397747,-Inf,-0.0619111401913236,-0.111043565038613,-0.0782861436120574
-0.0643004502221569,-Inf,0.171739745574327,-0.353664202932229,-0.0753624536517475
-0.082136269754363,-Inf,-0.130696959721872,-0.0902014620654194,-0.0647582575508251
-0.0628842136463222,-Inf,-0.103136813719081,-0.0815277034223477,-0.0702695534065498
-0.0624730187967186,-Inf,-0.0894621132106705,-0.0751142535393726,-0.0674748277604528
-0.0622384223427821,-Inf,-0.0795578586448129,-0.333615764704489,-0.0656546352758437
-0.062060459569251,-Inf,-0.0739678902001072,-0.0706446330105834,-0.0643727581004605
-0.0531200838563613,-Inf,-1.57963982974041,-0.066403005527821,-0.0634669740160452
-0.0647935635468901,-Inf,-0.0893766858042773,-0.0662549002481771,-0.0628482094927948
0.114054677136402,-Inf,-0.0820100835365671,-0.0646353665671167,-0.0624214137898046
-0.711810281195555,-Inf,-0.0759295464280983,-0.063661025782278,-0.06219353806269
0.0122903193837551,-Inf,-0.0718625800209899,-0.0627740810247881,-0.206002352680785
-0.139171466982561,-Inf,-0.0682669258049276,-0.0623394908435882,-0.0247938115516763
-0.0985380837418264,-Inf,-0.066022225528409,-0.0619238422487506,-0.124458132706755
-0.0992328564587464,-Inf,-0.0639109832706527,-0.061910579685789,-0.0992084496232782
-0.0865830719320745,-Inf,-0.0628838998765193,-0.160558945231741,0.0780024408023894
-0.079430108738375,-Inf,-0.0618754037180875,-0.0618943533356899,-0.125730541509244
-0.133897194938842,-Inf,-0.0618754037180875,-0.0618886058151151,-0.101578474984271
-0.0711163485368995,-Inf,-0.0618754037180875,-0.0618837506257464,-0.0760677241229969
-0.0684395201285337,-Inf,-0.0618754037180875,-0.479287410009886,-0.0835832529810338
-0.0661338063596257,-Inf,-0.0618754037180875,-0.0618793492855588,-0.0765424506969045
-0.0648757725336243,-Inf,-0.0979798684250238,-0.0618773555205174,-0.0718477139819535
-0.0635942336226266,-Inf,-0.0618754037180876,-0.91355340002146,-0.0689692731270135
-0.428443806997525,-Inf,-0.0618754037180874,-0.0618754037180875,-0.0667927746257866
-0.0624007416047507,-Inf,-0.0618754037180876,-0.0618754037180875,-0.0652075163640531
-0.540814087456278,-Inf,-0.0618754037180874,-0.0618754037180875,-0.064074018493157
-0.0619411748459364,-Inf,-0.0618754037180876,-0.0618754037180875,-0.0543518455057441
-0.0619100004916521,-Inf,-0.0618754037180874,-0.0618754037180875,-0.264030587014022
-1.1317967051154,-Inf,-0.0618754037180876,-0.0618754037180875,-0.0643450526000061
-0.0618846209790612,-Inf,-0.0618754037180874,-0.0618754037180875,-0.0634164050251231
-0.0618818754627299,-Inf,-0.0618754037180876,-0.0618754037180875,-0.0627290526888236
-0.0618795116912047,-Inf,0.0831033962115543,-0.0618754037180875,-0.576995270637673
-0.0618050264274455,-Inf,-0.10590267420857,-0.0998792222994394,-0.492793672957021
-0.0619000074812354,-Inf,-0.0877452330810282,-0.355490104194756,-0.0625529121347061
-0.0618892692561627,-Inf,-0.0789491723717613,-0.0618754037180875,-0.0623600316852275
-0.0618839457961265,-Inf,-0.531085420832901,-0.0618754037180875,-0.0622080769144546
-0.0618807570111502,-Inf,-0.0735680556979284,-0.0618754037180875,-0.0621090489208246
-0.0618790105629057,-Inf,-0.0698144172773052,-0.0618754037180875,-0.0620237387528114
-0.0618778287529811,-Inf,-1.09876025652101,-0.0618754037180875,-0.061971149360837
-0.0618771666017549,-Inf,-0.0736270986898157,-0.0618754037180875,-0.923356750569602
-0.0618766639942738,-Inf,-0.0700197087601819,-0.0618754037180875,-0.0619302621506869
-0.0618762684829853,-Inf,-0.0676336417382244,-0.0618754037180875,-0.0618754037180875
-0.0618760108938881,-Inf,-0.0655477338254348,-0.0618754037180875,-0.0618754037180875
-0.0618757891241947,-Inf,-0.0642526697656575,-0.0618754037180875,-0.0618754037180875
0.186627988761128,-Inf,-0.0630408093832552,-0.335663900742919,-0.061779895793441
-0.218991819765448,-Inf,-0.0624524100814981,-0.0618754037180876,-0.0619058839795986
0.0216975329511503,-Inf,-0.0618754037180875,-0.0618754037180874,-0.0618926978965892
-0.131199085337114,-Inf,-0.0618754037180875,-0.0618754037180875,-0.0632251844921611
-0.105293536085157,-Inf,-0.0618754037180875,-0.0618754037180875,-0.0603840110438307
-0.0915146012980304,-Inf,-0.0618754037180875,-0.0618754037180875,-0.0623851816220507
-0.0815356951792773,-Inf,-0.0763147872643504,-0.0618754037180875,-0.0621652504461264
-0.395692535008267,-Inf,-0.0469299092858533,-0.0618754037180875,-0.0620629341224534
-0.0753858610286238,-Inf,-0.0666210181146563,-0.0618754037180875,-0.0634918099619215
-0.0715325952678094,-Inf,-0.0645779986290585,-0.697964944219862,-0.292476234394921
-0.0687763115681495,-Inf,-0.0636250559451171,-0.0618754037180876,-0.0619427422569332
-0.0664661963681042,-Inf,-0.0629734600145924,-0.0618754037180875,-0.0619242659029559
-0.0649904479709298,-Inf,-0.0626159093225633,-0.0618754037180875,-0.512116423665696
-0.0636573889002661,-Inf,-0.0623735840264736,-0.0618754037180875,-0.0619128305363947
-0.0629254398151818,-Inf,-0.062237711919186,-2.3959310715344,-0.0619016175492087
-0.0853565311965686,-Inf,-0.0621344960266815,-0.414120110373669,-0.0618919443412152
0.229096860951114,-Inf,-0.0620532239845769,-0.355207832514599,-0.0795056090559107
0.101816282659831,-Inf,-2.25382396312569,-0.309880220748274,-0.061880720704757
-0.177136841834331,-Inf,-0.0625852187043552,-0.247509135775754,-0.0806328813161401
-0.137395430847436,-Inf,-0.0623337789245573,-0.219344884181651,-0.0618754037180874
-0.113260481407406,-Inf,-0.0620997915796305,-0.194196697066884,-0.0618754037180876
-0.0964533860265723,-Inf,-0.0511513517930865,-0.161236709645389,-0.0618754037180875
-0.0858452763765552,-Inf,0.0592764497659238,-0.0844795561550507,-0.0618754037180875
-0.10289705716639,-Inf,-0.101777232915082,-0.291404308929411,-0.0618754037180875
-0.0746198157449115,-Inf,-0.0853881304549016,-0.122026307825873,-0.0618754037180875
-0.563259384556965,-Inf,-0.07733962622628,-0.102285944488307,-0.0618754037180875
-0.157538171170931,-Inf,-0.071726037436159,-0.0887080256636875,-0.0618754037180875
-0.71707540695554,-Inf,-0.0685667586038377,-0.0764443890366425,-0.0618754037180875
-0.136872793373229,-Inf,-0.0664187082754391,-0.0698911472701951,-0.789154841269749
-0.195770878973324,-Inf,-0.0651880848924008,-0.0639233169129028,-0.0618754037180875
-0.0985707263426623,-Inf,-0.0642451037070054,-0.0632905018747188,-0.0618754037180875
-0.0861250363894062,-Inf,-0.0635066841445779,-0.0628349185953587,-2.27025808438168
-0.0790060562988086,-Inf,-0.0630164027577124,-0.061870216764357,-0.0618754037180875
0.00489532528685133,-Inf,-0.0626009287154488,-0.0625041147546722,-0.0618754037180875
-0.0295851095489477,-Inf,-0.0623382687890304,-0.0622646116923583,-0.961081162942961
-0.101489510037975,-Inf,-0.0621020847211395,-0.0620850203478394,-0.0618754037180875
-0.087292975792863,-Inf,-0.0619832110625036,-0.061989514269486,0.26376018447411
0.0305245560468779,-Inf,-0.0618754037180875,-0.0619086719919462,-0.154760304549975
-0.10468438889209,-Inf,0.245585663945965,-0.0618977719457273,-0.118684697393897
-0.0878327205523167,-Inf,-0.150133071533179,-0.0618916646231718,-0.10036549017343
-0.0789393386372509,-Inf,-0.115647035614494,0.0717457307572957,-0.086774508403576
-0.0731126177686863,-Inf,-0.0982126870789806,-0.10262334032597,-0.079007921122402
-0.0696030380588365,-Inf,-0.0853396490021147,-0.0857561664353233,-2.34711575406597
-0.0671493524126231,-Inf,-0.0780009020091748,-0.0776101122717853,-0.148529448692141
-0.0656450330082104,-Inf,-0.0728652828882867,-0.071863997301322,-0.128775859871602
-0.0645035859641828,-Inf,-0.0699410007953007,-0.0686615995895185,-0.110514811680244
-0.0636138245327532,-Inf,-0.0676815868285087,-0.0664638726962292,-0.0974976577960455
-0.0630198185728131,-Inf,-2.38385423445146,-0.0652238659724792,-0.0851633209646744
-0.0626133719129171,-Inf,-0.0908961926905199,-0.0642760895942815,-0.0771983662568221
-0.0622704183037929,-Inf,0.0148021515800897,-0.0635260232628814,-0.0694603115254346
-0.0620687656054951,-Inf,-0.102962324610664,-0.0630359795792695,-0.0656488887597641
-0.0619710699653458,-Inf,-0.0850305102547527,-0.0626127807499014,-0.0618754037180874
-0.0618754037180875,-Inf,-0.0762276628768184,-0.0623515883913296,-0.0618754037180875
-0.0618754037180875,-Inf,-0.0691273867174324,-0.0621085129187926,-0.0618754037180875
-0.0618754037180875,-Inf,-0.0667913146876715,-0.0619907384681779,-0.0618754037180875
-0.0618754037180875,-Inf,-0.065194207812819,-0.0618754037180875,0.116635008299092
-0.0618754037180875,-Inf,-0.0642949421711224,-0.0618754037180875,-0.115461802185312
-0.0618754037180875,-Inf,-0.0636087118670944,-0.0618754037180875,-0.0936065420113607
-0.0618754037180875,-Inf,0.0277555941659362,-0.0618754037180875,-0.0829209438398334
-0.0618754037180875,-Inf,-0.0907612095090566,-0.0618754037180875,-0.0752938757395786
-0.373861805551041,-Inf,-0.0786972054823795,-0.0618754037180875,-0.0870190476878768
-0.0618754037180875,-Inf,-0.0728936714474289,0.160935683357519,-0.0681704627654983
-0.270864609455126,-Inf,-0.0687970502508264,0.0163092000209828,0.153090052222457
-0.0625272853776451,-Inf,-0.0665367126523032,-0.141203742600249,-0.129685307647115
-0.0622454546923107,-Inf,-0.0649669276057392,0.133148905877215,-0.379677777187855
-0.0621145137185308,-Inf,-0.0641288026057241,-0.162397602656364,-0.0983142577821983
-0.0620252812992752,-Inf,-0.0634894625016557,0.109783171513342,-0.0854232789530909
-0.061976397734637,-Inf,-0.287988120085991,-0.168834050840713,-0.0779569975340229
-0.0619433118128345,-Inf,-0.0628515823307151,-0.131401224529231,0.117488889171153
-0.0619247724264664,-Inf,-0.0624955295953291,-0.110712616033829,-0.125642897727126
0.17861366379932,-Inf,-0.062275831082319,-0.0948460582355493,-0.100876440037046
-0.132564147782059,-Inf,-0.0620714159816472,-0.0852939803759133,-0.088108151887712
-0.104325183857602,-Inf,-0.0619723814372711,-0.0782041248358522,-0.0789435322635316
-0.0902861022872216,-Inf,-0.0618754037180875,-0.073514142166626,0.0892120676207404
-0.0640998492750324,-Inf,-0.0618754037180875,-1.69622243871231,-0.117938076420769
0.0995087427517112,-Inf,-0.0618754037180875,-0.141078278174147,-0.0960634836776261
-0.486915517291081,-Inf,-0.0618754037180875,-0.0812051936593174,-0.0848452745146587
-0.756925439337962,-Inf,-0.0618754037180875,-0.00201859267228153,-0.0765924744914369
-0.137508893882816,-Inf,-0.0618754037180875,-0.103760579987623,-0.0719811615836547
-0.113278488922448,-Inf,0.00645383100185388,-0.0776084961555068,-0.0686655113835928
-0.0983123851352866,-Inf,-0.0831795859054146,-0.071759570591765,-0.0667543485193294
-0.0869894545705685,-Inf,-0.0941277129134053,0.0706802644925778,0.174746193530565
-0.0801805878783745,-Inf,-0.356960954912855,-0.0912600646679972,-0.134284587115012
-0.0745284043640646,-Inf,-0.0687600817218818,-0.110580434299619,0.0578146480851153
-0.0704027356327579,-Inf,-0.0665408874060302,0.00304477662054798,-0.137251344465762
-0.873755441118523,-Inf,-0.0650244788645303,-0.0149409728925452,-0.108967263342842
-0.0697980097659787,-Inf,-0.0641708658224247,-0.119972838909613,0.100571673674071
-0.0669590406015486,-Inf,0.10293115855732,-0.0991257793414341,-0.13834835361989
-0.0643736450859273,-Inf,-0.113055961425719,-0.0869382115244723,0.028800429853588
0.137126894232735,-Inf,-0.0922626060291534,-0.078804670921484,-0.134362521718869
-0.121521395746569,-Inf,-0.0819984766990421,-0.0734962127156384,-0.108121482976062
-0.0973692507263369,-Inf,-0.0747048893783892,-0.0699979612640677,-0.0937648734522167
-0.0854913424766743,-Inf,-0.0705557768513234,-0.0680971178047613,-0.0830470292159021
-0.221018054897772,-Inf,-0.067727018658233,-0.0658455026471693,-0.0767908921815153
-0.217587023624603,-Inf,0.0132884610342151,0.0287266985991695,0.0915910845251252
-0.0712134765690612,-Inf,-0.0893991312426991,-0.0922865403048903,-0.117619570737151
-0.0687188760988805,-Inf,-0.0781818305949493,-0.0795743419070244,-1.25298061304636
-0.374789755816795,-Inf,-0.0726654699716592,-0.0733849773013557,-0.135198366568554
-0.0664921477017302,-Inf,-2.23616095104256,-0.069084994183029,-0.110968758204963
-0.0651297311672714,-Inf,-0.102836824782167,-0.0666744863020951,-0.0957282279175523
-0.0639466021530878,-Inf,-0.0893861622644438,-0.0506733952387469,-0.0849961897109445
-0.0632144159735649,-Inf,-0.0817244651148295,-0.1013760693489,-0.078107865681011
-0.0625313189973415,-Inf,0.0534819423459561,0.0167675846011475,0.0016232488925503
-0.0622000315678418,-Inf,-0.109746302566237,-0.101800084261558,0.0612235798071418
-0.0618754037180874,-Inf,-0.0912799243190806,0.0123112869438072,0.0216598596361766
-0.0618754037180875,-Inf,-0.0812688786656393,-0.112340257998111,-0.14179408774114
-0.0618754037180875,-Inf,-0.0742996258422924,-0.0931101713042971,-0.11304754074068
-0.0618754037180875,-Inf,-0.0698469149841342,-0.0830453291348072,-0.05461636380381
-0.0618754037180875,-Inf,-0.0670400034827125,-0.0758660054013354,-0.0967040933965468
-0.0618754037180875,-Inf,-0.335858100198074,-0.0586954411144606,-0.0843792676876637
-0.0618754037180875,-Inf,-0.0649799074090618,-0.0726442107679703,-0.0774507347288013
-0.0618754037180875,-Inf,-0.0640112109488113,-0.0689436905332389,-0.0727387672543472
-0.0618754037180875,-Inf,-0.0633777435768569,-0.0667318590665255,-0.0694893999907308
-0.0618754037180875,-Inf,-0.0628301889537389,0.19551358197952,-0.0671027765950566
-0.0618754037180875,-Inf,-0.062492097012498,-0.1396313863283,-0.065485000723036
-0.0618754037180875,-Inf,-0.0608617158946017,-0.108880892491639,-0.178781268065602
-0.0481547945726931,-Inf,-0.0623550826481937,-0.0934613146105751,-0.0635013585385606
-0.0662339022130615,-Inf,-0.0621421123618795,0.180851170094921,-0.0627670450273028
-0.0643567836625489,-Inf,-0.413111350470383,-0.150011111987084,0.0712486805299188
-0.063481549038168,-Inf,-0.0620272879278976,-0.116798566392511,-0.102747941125814
-0.0628832793833612,-Inf,-0.0619770514892382,-0.09970415681393,-0.085818094205863
0.233060859459043,-Inf,-0.0619437646275063,-0.267699180777835,-0.0776397511427514
-0.150540931927012,-Inf,-0.0619247593594566,-0.24154050834381,-0.234208876873047
-0.114126416620706,-Inf,-0.0619107400536871,-0.0786382804129783,-0.0698583057043443
0.0934601645456684,-Inf,0.160834343469984,-0.464874818671066,-0.0672786830401894
-0.138757030235435,-Inf,-0.12773625764232,-0.0745741116601124,-0.0658217269900095
-0.110522953142793,-Inf,-0.101268143169174,-0.775017496341505,-0.0647061819266312
-0.0949904554125852,-Inf,-0.0881720073415567,-0.0735545417761824,-0.0638605213107133
-0.0842087168588155,-Inf,-0.0787140720707784,-0.0687386229378722,-0.188852405227826
-0.0775060626927205,-Inf,-0.0733820189414549,-0.0663299992408002,-0.0558817456203201
-0.681786626777931,-Inf,-0.0696858606417869,-0.0640625647820222,-0.0652261076501941
-0.0762019769622964,-Inf,-0.0675916839995674,-0.0629591214835648,-0.0637567897399731
-0.0718549336867091,-Inf,-0.0659820589509667,-0.0618754037180875,-0.0630414965809184
0.0963835362531992,-Inf,-0.0647030561842398,-0.0618754037180875,-0.188312966055677
-0.166601529530895,-Inf,0.00472656255746846,-0.0618754037180875,-0.0622585769048765
-0.761943640892796,-Inf,-0.0844665630620735,-0.0618754037180875,-0.0622424615429516
-0.222345698027552,-Inf,-0.0667840360955112,-0.0552751076826545,-0.0621363087283473
-0.168671222719197,-Inf,-0.0729070920212651,0.0562065153346408,-0.0620596464626894
-0.138169941956739,-Inf,-0.068641854238873,-0.113696234206135,0.220960920375636
-0.113385936331256,-Inf,-0.338480084769697,-0.0926074766971124,-0.143867279353117
-0.0990656013997685,-Inf,-0.0657762719762273,-0.0822265856630211,-0.111575883927533
0.0403610055251762,-Inf,-0.0646696329348975,0.028740683638249,-0.299870874740943
0.0329503400118838,-Inf,-0.0638525043474394,-0.17716301140383,-0.0883894011710213
-0.140490447081208,-Inf,-0.0471783558921015,-0.106023120119389,-0.273498413994634
-0.112416581319285,-Inf,-0.0679336966783982,-0.166392807461358,-0.0770194979150369
-0.0959713434177484,-Inf,-0.0654039882723564,-0.169187220789521,-0.0730300590279176
-0.0840985145952034,-Inf,-0.0641688613874857,-0.0718133136721199,-0.383833049530464
0.106127742551862,-Inf,-0.976477413628467,-0.0747340270637025,-0.0694965649176486
-0.125389467050654,-Inf,-0.0641545041372279,-0.059439445850446,-0.393814297243121
-0.182483923142341,-Inf,-0.0632657409608551,-0.0717279484276164,-0.0666382902763985
-0.16499460659181,-Inf,-0.0628762782996015,-0.0680519957260746,0.203785999026131
-0.127807566806473,-Inf,-0.0625750169267161,-0.0660175343240091,-0.14131683433205
-0.10753274846947,-Inf,-0.0605139469181802,-0.0643899940893641,-0.10982782919149
-0.0921994951863218,-Inf,-0.0627994153046939,-0.063542712640492,-0.0936863571438303
-0.0831573816668238,-Inf,-0.674683531018496,-0.151575347879112,-0.48376231394659
-0.0765218490679334,-Inf,-0.221661145830264,-0.0549249835068632,-0.117308822011827
-0.0722726224414383,-Inf,-0.165357272773963,-0.0645655703308691,0.00678688781325062
-0.0691973578522995,-Inf,-0.134887556169444,0.194837002331333,-0.116877666591276
-0.0668142570203559,-Inf,-0.110383186460161,-0.138139006006233,0.133917419639058
-0.065275904359221,-Inf,-0.0960267428182419,-0.107931030155646,-0.150133392940741
-0.0639042683682374,-Inf,-0.0788818406738546,-0.198858043509213,-0.117530516983189
-0.0630411609739353,-Inf,-0.0800801669486737,0.164182870812115,-0.100002338547607
-0.0623979428397498,-Inf,-0.530697706820999,-0.237203495802502,-0.166136496544203
-0.0621357816410275,-Inf,-0.0774283796289956,-0.12635955257225,-0.287470408425706
-0.0618844123655072,-Inf,-0.0728189154974192,-0.219193561982441,-0.356649308988125
-0.0618810494108353,-Inf,0.0235713759476188,-0.0924195685668285,-0.0764537438956849
-0.0618792075715991,-Inf,-0.0947719899704033,-0.0830696201907513,-0.0723244718821711
-0.0618779612107107,-Inf,-0.0807910631534282,0.187123934982556,-0.159698887852429
-0.0618772628923624,-Inf,-0.074017250365296,-0.147400889695809,-0.0671557182918275
-0.0618767328320285,-Inf,-0.0575793096790536,-0.128660528170146,-0.0650141940552999
-0.0618763157175051,-Inf,-0.0689462058763616,-0.0983588272342556,-0.0638512568612427
-0.0603305838409549,-Inf,-0.0675912030424419,-0.085655217706779,0.0840820789068249
-0.0623687822844238,-Inf,-0.0533197199922601,-0.0779120649221153,-0.106831577610796
0.00610299594430476,-Inf,0.183759889695763,-0.484913876109272,-0.0880818141879995
-0.083330650396479,-Inf,-0.139091957761285,-0.0735350687728609,-0.0791761934579038
-0.0742668024066857,-Inf,-0.112565961882178,-0.0701021041621667,-0.0728722556632578
-0.084229031655845,-Inf,-0.0938036312136404,-0.0672608522127583,-0.0693534097561932
-0.0670557175570661,-Inf,-0.0823252108036055,-0.926534294342667,-0.0669347924079195
-0.0653835996322629,-Inf,-0.0758398389327466,-0.0676056348005665,-0.0417679488853556
-0.064242629709775,-Inf,-0.0713740909801752,-0.0655911489379736,-0.158929147917943
-0.0635986954312646,-Inf,-0.0687707753312514,-0.0636987909226288,-0.121800483394383
-0.515698154774571,-Inf,-0.0668232976487071,-0.0627786290803661,-0.102706659862932
-0.0632069806175137,-Inf,-0.0652793022435693,-0.0618754037180875,-0.0883533276516066
-0.0628106706545921,-Inf,-0.0642607596037569,-0.0618754037180875,0.0229889944684183
-0.564854949947259,-Inf,-0.857222164070035,-0.0618754037180875,0.0958434363142675
-0.0625071785533361,-Inf,-0.0640214269356402,-0.0618754037180875,-0.145304058589276
-0.0474439616453326,-Inf,-0.0629275046176775,-0.0618754037180875,0.00396086419808844
-0.0667065347824352,-Inf,-0.0623852826404464,-0.0554449024739901,-0.0347968568461048
0.103948022446331,-Inf,-0.0618754037180875,0.153870418057063,0.0593435496869647
-0.114162858293325,-Inf,-0.0618754037180875,0.065823270423517,-0.170764660037958
-0.0928986776675234,-Inf,-0.0618754037180875,0.0266433245505649,-0.127041204980004
-0.0738183177379937,-Inf,0.00440944112877864,-0.167839052237608,-0.10688815196688
-0.0777056856294256,-Inf,-0.0825566503286405,-0.130345744003909,-0.0922576954619501
-0.0760190332068612,-Inf,-0.0738024679450187,-0.109816308319875,-0.0829955824752385
0.0684672120356244,-Inf,-0.502295412120478,-0.094303655353558,-0.0768518930829465
-0.490036541986266,-Inf,-0.0694489617279341,-0.0846845078115532,-0.0724653297219646
-0.172174667961094,-Inf,-0.135274238247031,-0.0841518202928501,-0.0692851606138931
-0.128861700761868,-Inf,-0.0655883785920894,-0.25098861302283,-0.0667787471050612
-0.118605766464945,-Inf,-0.0645832321225407,0.146631867263449,-0.668991737480425
-0.101470068324684,-Inf,-0.0633100428891539,-0.132465870675081,-0.0737844654508054
-0.0901965750076165,-Inf,-0.0636875080326028,-0.104883424566715,-0.0687966186793455
-0.222179162244014,-Inf,-0.06308502690646,-0.32853471400005,-0.0646623102006698
-0.296226201496686,-Inf,-0.0626470275424565,-0.0850633964375578,-0.0646349187208624
0.157150190084495,-Inf,-0.172383459740709,-0.0773250963049758,-0.0634429388583578
-0.138880839064009,-Inf,-0.0621686475970198,-0.0721177632438557,-0.0629245410125477
0.0980822838726697,-Inf,-0.0620352513593072,-0.0691832905981881,-0.0626236261307398
-0.150432008770563,-Inf,-0.0619159936850488,-0.0735895706338074,-0.0624067516474965
-0.201644832477183,-Inf,-0.0619044222363342,-0.0655207829379149,-0.0622392796403757
-0.162814150530658,-Inf,-0.0618953158480781,-0.0766250480479333,0.148662850188298
-0.541610238186296,-Inf,-0.0618893848122452,-0.0635285799970167,0.0130185743334302
-0.132193062918218,-Inf,-0.0618842783438108,-0.062943800215408,-0.415559240975138
-0.110654396561511,-Inf,-0.0618811313552306,-0.0623986523128431,0.0699256166919474
-0.097129617917168,-Inf,-0.0671882495066015,-0.0621343460318499,-0.00834613284465978
-0.0869930193884918,-Inf,-0.0618767976432576,-0.0618754037180875,-0.163352201863057
-0.0797762800547425,-Inf,-1.34071167248101,-0.0618754037180875,-0.210713592044925
-0.0745984476651024,-Inf,-0.0618754037180876,-0.0692783165569709,-0.112946749433361
-0.0701178642225618,-Inf,-0.0618754037180875,-0.0618754037180875,-0.190038052950186
-0.0673600353165229,-Inf,-0.0618754037180875,-0.402159850923304,-0.0892670479422114
-0.064829044292876,-Inf,-0.0621753378145015,-0.0618754037180876,-0.361750284118358
-0.0636537520125403,-Inf,-0.0618754037180874,-0.0618754037180875,0.0423976042807329
-0.0625337941308306,-Inf,-0.0862287426427968,-0.0618754037180875,-0.111342967666022
-0.0623678542574019,-Inf,-0.0668769997566203,-0.112254109295167,-0.0922388089373349
-0.0618756337340348,-Inf,-0.0618754037180874,-0.179073267283112,-0.0818698265633224
-0.0618755521681241,-Inf,-0.0618754037180875,-0.135036142615691,-0.0743648819784557
-0.0618754763638582,-Inf,-0.0618754037180875,-0.112148594246012,0.132211349814681
-0.0618754396545611,-Inf,-0.0773315443410245,-0.0947201536330548,-0.126524291104458
-0.0618754037180875,-Inf,-0.129062994648688,-0.0846291899191764,-0.100941617518026
-0.0618754037180875,-Inf,-0.102104245065576,-0.711546420036607,-0.0879993361558872
-0.0618754037180875,-Inf,-0.079930896910779,-0.0836508151099908,-0.0787285311198721
0.0720305884345486,-Inf,-0.112891207079695,-0.0777383878105979,-0.0734345651476163
0.069614168336547,-Inf,-0.0793655267502765,-0.072907531926071,-0.0682833224180799
-0.137652816175217,-Inf,-0.0712269296368725,-0.0696947423623855,-0.168307741553223
-0.10769161018753,-Inf,-0.104907598799343,-0.0668706539928286,-0.066542681757766
-0.239051976508798,-Inf,-1.98469404755618,-0.0651125881595079,-0.0650342322731009
-0.0851024475379828,-Inf,-0.0855008818109526,-0.0634633848498921,-0.0640037143348594
-0.0778238717445956,-Inf,-0.0788616578867759,-0.0626618808125814,-0.0632332075748211
0.061007098924541,-Inf,-0.0729471590826406,-0.0618754037180875,-0.0627547938331367
-0.110144179253824,-Inf,0.0718916588581285,-0.0618754037180875,-0.0623184608124201
-0.0913915757301091,-Inf,-0.0984051194009224,-0.0618754037180875,-0.28670362825271
-0.0816654673666072,-Inf,-0.0918700650013682,-0.0618754037180875,-0.0618987736305913
-0.0746862721362663,-Inf,-0.0805316399353881,-0.0618754037180875,0.127005491505504
-0.0705056429336383,-Inf,-0.0737508762925109,-0.0618754037180875,-0.118385697492825
-0.0675921952903057,-Inf,-0.0698789122506451,-0.0618754037180875,-0.0954182590870514
-0.065811195673498,-Inf,0.171795349410567,-0.0618754037180875,-0.157314674814468
-0.0645248626007725,-Inf,-0.135440546203743,-0.0618754037180875,-0.260765909866216
-0.0551661470645722,-Inf,-0.106666696486966,-0.0618754037180875,-0.0744397738162685
-0.0791144357179444,-Inf,-0.0920220855089426,-0.0618754037180875,-0.203382314003589
-0.0641827644283118,-Inf,-0.0813742926520385,-0.0580940397493363,-0.197673717243118
-0.24767436647089,-Inf,0.174313934340779,-0.301777167603155,-0.424795093777847
-0.0629200866761182,-Inf,-0.142516760418113,-0.383199401056352,0.0349199563215174
-0.0625277182798275,-Inf,-0.11186690833702,-0.552721830744675,-0.0972693505323108
-0.0725097550012204,-Inf,-0.948811073043346,-0.0638349038791746,-0.0827897008388866
-0.0621265911748944,-Inf,-0.114540317625734,0.000619283891477228,-0.0756200430895137
-0.442847253310179,-Inf,-0.0991791487602698,-0.0837511747838389,-0.0703633069422521
-0.569157229601542,-Inf,-0.0875693011010078,-0.0746412207224184,-0.0674919642969657
-0.062085757925941,-Inf,-0.0807063206530121,-0.0701440245398726,-0.0639607991262212
-0.0620089493858331,-Inf,-0.0750688961995164,-0.067222787132459,-0.00188409626847316
-0.0806392861512839,-Inf,-0.0708250263576791,-0.0654996112168586,-0.0835740753131034
-0.0619183840183066,-Inf,-0.067833081806372,-0.892062415728543,-0.0995915317201149
-0.0618966659325381,-Inf,-0.0870966719344295,0.0434591881202565,-0.0704820825386057
-0.0463963427289004,-Inf,-0.0633488355550288,-0.0981372376821035,-0.0673194022857004
-0.0667895464721219,-Inf,-0.0634387501347858,-0.083351682620084,-0.0667707103924992
0.173519129501049,-Inf,-0.062673842483007,-0.0760681269495029,-0.0642875253635711
-0.398254454969558,-Inf,-0.06199730252234,-0.0708844777679362,-0.0635900543268518
-0.118422204416993,-Inf,-0.0619518043539213,-0.0679683405048475,0.106687792127281
-0.133855721822283,-Inf,-0.0619268826152414,-0.0658962335575805,-0.113689167265496
-0.146902917737018,-Inf,-0.0619100165516153,-0.064748063104083,-0.0926106487944373
-0.517996912136513,-Inf,-0.0619005662817349,-0.0638420736237287,-0.082237552185543
-0.155716210090179,-Inf,-0.0618933926623482,-0.06322694774606,-0.313518119113028
-0.132093617004284,-Inf,0.18652403873989,-0.0628253665161892,-0.294611423362788
-0.112230617686043,-Inf,-0.134668901585251,-0.0624787320243434,-0.0713288919065104
-0.0974280067612238,-Inf,-0.105662358320507,-0.0622649791773647,-0.170130036419037
-0.0879461644457094,-Inf,-0.0912145078689435,-0.062066102349575,-0.455796294645598
-0.0804085668109828,-Inf,-0.0807102057666882,-0.0619697521254252,-0.00637914600761194
-0.0746719357507464,-Inf,-0.0747682508649673,-0.0618754037180875,-0.137060180685867
0.126597933840577,-Inf,-0.0706376452121053,-0.0618754037180875,-0.109704633615211
-0.125235904899802,-Inf,-0.0682936594630243,-0.0618754037180875,-0.0947108381165356
-0.0996804174279559,-Inf,0.0644335843963983,0.165088131469873,-0.0821701141561762
-0.0867269494778073,-Inf,-0.104728554763904,-0.128873738963622,-0.0776110228834299
-0.0775802919897299,-Inf,-0.0874331049392072,-0.101984707854475,-0.282899889666565
0.0405579627273906,-Inf,0.08065789263536,-0.0886666195219963,-0.0712696757304247
0.130951117436988,-Inf,-0.119625005388196,-2.19527198721596,-0.0685614697646495
-0.151995024323071,-Inf,-0.0970988020505371,-0.163693830647538,-0.0662994986696509
-0.118944546690402,-Inf,-0.0854110240131882,-0.136666919008229,-0.0648586928159678
-0.100439691707258,-Inf,-0.0772165068126215,-0.119986164445399,-0.595052011258304
-0.0873677713649381,-Inf,-1.04519007510515,-0.105590939262988,0.135035054150739
-0.0793547642281776,-Inf,-0.0810951072116654,-0.0930169159248095,-0.120458695649161
-0.0739767315854802,-Inf,-0.0759771316563437,-0.0843350830502804,-0.0976623574554201
0.0825323705251719,-Inf,0.0925258810846326,-0.0763979703673734,-0.0855195927629198
-0.306934884611106,-Inf,-0.136413494883695,-0.0713613624542237,-0.0769874559468203
-0.481922055502403,-Inf,-0.107399467849478,-0.0665504667302851,0.0838667368899334
-0.100241711639968,-Inf,-0.0922901539992382,-0.0641961731305287,-0.116590313744614
-0.0867030019888495,-Inf,-0.0812766374562869,-0.0618754037180875,-0.0953376106119534
0.020118392584481,-Inf,-0.0748624333974624,-0.0618754037180875,-0.084435002242731
-0.102767044934126,-Inf,-0.0705601225375283,-0.0618754037180875,-0.0764865279367566
-0.0872424521736336,-Inf,-0.0679456579475956,-0.0618754037180875,-0.0719101917021214
-0.158957689331237,-Inf,-0.0662376885511163,-0.0513537025130396,-0.0053903711554388
-0.16220441419334,-Inf,-0.142727060157095,-0.0652213809213349,0.154341930780549
-0.125190650584109,-Inf,-0.0995169205479735,-0.0637788204405419,0.0682134782368017
-0.105213779013265,-Inf,-0.0148680156505473,-0.0631068587470825,-0.118825026008936
-0.0905331088013648,-Inf,-0.091156374431893,-0.0626479209887672,-0.564339367573515
-0.0815396553747126,-Inf,-0.0793353657660098,-0.062396230780312,-0.140537081857529
-0.0752275232641298,-Inf,0.184022359948901,-0.0622257293692419,-0.124184140239944
-0.0713965518505864,-Inf,-0.28539865744943,-0.0621301501333496,-0.105309071899903
-0.0686385417080956,-Inf,-0.167009929896717,-0.0620575600925263,-0.0929056322081323
-0.0940347997297483,-Inf,-0.132341304350222,-0.0487634710867824,-0.0843276979265967
-0.0651224282070899,-Inf,-0.109658108540529,-0.002018482517851,-0.0780302976003718
-0.0639062798342064,-Inf,-0.0945490191002026,-0.187038273519916,-0.0732190208913994
-0.0631068292051015,-Inf,-0.637638018931526,-0.0764117738435148,-0.0696244009073324
-0.0624786489686369,-Inf,-0.0901910700691904,-0.0713403983109045,-0.231766756620747
-0.0621740046502959,-Inf,-0.0825136918372657,-0.0679004182338405,-0.0654137080438864
-0.0618755136765762,-Inf,-0.076427301402347,0.0909798499068391,-0.063701318058567
-0.0618754581124507,-Inf,-0.071908904914884,-0.414281940025065,0.118550592621626
-0.0618754037180875,-Inf,-0.0685315160752825,0.0551509152011063,-0.11632570454413
-0.0618754037180875,-Inf,-0.0660820303273237,-0.134019044962977,-0.0940838245915427
-0.0618754037180875,-Inf,-0.0642217568515294,-0.107454276672192,-0.0855187702100208
-0.0618754037180875,-Inf,-0.0630319404248769,-0.0925791782964096,-0.185276302267868
-0.0618754037180875,-Inf,-0.062157505683417,-0.0821075129560303,-0.0722658063368144
-0.0618754037180875,-Inf,-0.0618754037180875,-0.0761051555425083,-0.0689224829942722
-0.0532185900883896,-Inf,0.0731918462740235,-0.0626682313323743,-0.0670296338849418
-0.0816818896246124,-Inf,-0.104068126741614,-0.164873693576782,-0.0655764828159592
-0.0634686821375304,-Inf,0.0747117126245077,-0.126507583151968,-0.064422921498165
-0.419027112645729,-Inf,-0.124640932531368,-0.106086354621191,-0.0636679723928155
-0.0627984117957461,-Inf,-0.100202895679821,-0.0908395799206918,-0.0630149092869792
-0.062497769313105,-Inf,-0.0877038160958345,-0.0816205085389626,-0.366037482942268
-0.532699922821355,-Inf,-0.0787078520033005,-0.0752546606745566,-0.0939482944224958
-0.153104079197446,-Inf,-0.0736154948041357,-0.0581699083832177,-0.0805833393977007
-0.0651083444797284,-Inf,-0.0699860154639591,-0.0727461417615215,-0.0739802979117368
-0.0686755846805621,-Inf,-0.0677171365524319,-0.0687657037749086,-0.0695371436906571
-0.0632257910021835,-Inf,-0.409537214648637,-0.0666055759366653,-0.0670703601659626
0.205835830186543,-Inf,-0.0658497163175462,-0.0648768763900697,-0.0653834266144484
-0.12812680217472,-Inf,-0.0646172242308516,-0.0638453068529503,-0.44150836777752
-0.113016290751349,-Inf,-0.0635234028102608,-0.0629625708294951,-0.0653079128000919
-0.0960390544789643,-Inf,-0.0628915593951556,-0.0625176227245444,-0.262608591345242
-0.0839483263087542,-Inf,-0.0622944832219694,-0.0621080954830275,-0.0637950149202595
-0.290577421031056,-Inf,0.131387945799982,-0.062035101204851,-0.0630931758631665
-0.0746004529393277,-Inf,-0.119653071200483,-0.0619875469822878,-0.0626681906747849
-0.0711730243003408,-Inf,-0.313440953737238,-1.83000921174327,-0.0645699563002291
0.160139665676061,-Inf,-0.090310516907987,-0.0621446644185773,-0.0621036956495352
-0.0101041279841207,-Inf,-0.0801166149976693,-0.0620071960182972,-0.061926108200225
-0.261252883157924,-Inf,-0.479052286725373,-0.0619406052671903,-0.0619101025244001
-0.512290835258507,-Inf,-0.0746120430122149,-0.0618754037180875,-0.061899767429235
-0.118589419308247,-Inf,-0.0712372082259678,-0.0618754037180875,-0.0618908689349151
-0.100273285497883,-Inf,-0.0686222325938611,-0.0607887787470102,-0.0618853849424651
-0.0883790310855444,-Inf,0.079667676055975,-0.0622220706537259,-0.0618802881833438
-0.0805304785948542,-Inf,-0.109218431280245,-0.0620721476278176,-0.243194473657698
-0.0755143818690818,-Inf,-0.0899737749245431,0.0369822046393912,-0.062990538535305
-0.071524074973275,-Inf,-0.0804535696219753,-0.0924891098353593,-0.0618754037180875
-0.504841295964474,-Inf,-0.371350228515621,-0.0784815696531432,-0.0618754037180875
-0.0688826883267706,-Inf,-0.0724074746915894,-0.0739203438282774,-0.0618754037180875
-0.0704233618910636,-Inf,-0.068731837058743,-0.0694789026050521,-0.243164314360639
-0.0644411845575172,-Inf,-0.0668893656254618,-0.0670259968022701,-0.0618754037180875
-0.0631395650820072,-Inf,-0.0654753262180153,-0.0653470107916419,-0.0618754037180875
-0.27761862170968,-Inf,0.19473885656383,-0.0644015517134476,-0.0618754037180875
-0.0618754037180875,-Inf,-0.138960924112605,-0.0635867619638435,-0.0618754037180875
-0.0618754037180875,-Inf,-0.108510280584723,-0.0631486285356063,-0.0618754037180875
-0.899780153448307,-Inf,-0.0931979359175963,-0.0808601014993275,-0.140867259660738
-0.0618754037180874,-Inf,-0.174423396908828,-0.0624524184792466,-0.502134535568205
-0.062114488050308,-Inf,-0.0769305219523536,-0.0622480364700074,-0.895269163814696
-0.0618754037180875,-Inf,-0.157850544404469,-0.0620606474218951,-0.439755761791467
-0.0618754037180875,-Inf,-0.0699687195358561,-0.0619689107178848,0.205026555540056
0.110409060529122,-Inf,0.131961286037235,-0.0618798562487038,-0.17391240506862
-0.113704218539406,-Inf,-0.574550201615172,-0.0618781232260265,0.146041338604644
-0.0925220591317123,-Inf,-0.464460595373056,-0.0618765551907336,-0.164026809858172
-0.0821831219550689,-Inf,-0.115310381405549,-0.0459946150159692,-0.126581864592901
-0.0748155657445038,-Inf,-0.101608582183216,-0.0900058334777958,-0.106550706976158
0.0231198912312391,-Inf,-0.088902954730423,-0.189834820118326,-0.0915363380728335
-0.0953715529638074,-Inf,-0.0802069675581306,-0.0640322196955703,-0.0828560789254481
-0.0832917544610743,-Inf,-0.0748718562444104,-0.0466588505368785,-0.0765214666995908
-0.0762199843012528,-Inf,-0.0712550949768971,-0.0680370808610491,-0.0707391759741611
0.135984621153695,-Inf,-0.0683589052286674,-0.0654835077143498,-0.0700072022434216
0.00617654831035311,-Inf,-0.0664571890082355,-0.435714443491915,-0.067304924117675
-0.140028746106201,-Inf,-0.0648048181747959,-0.0641062166374248,-1.18912966156977
0.0961897383770577,-Inf,-0.0637743591725368,-0.507234998864568,-0.0687425119549926
-0.10770462846771,-Inf,-0.0628195185995531,0.120082502819059,-0.0661187112211579
-0.132346594742631,-Inf,0.182385556036573,-0.117878085413248,0.0511353841016113
-0.109445353025697,-Inf,-0.133691139049556,-0.0952406468904941,-0.0979449853055873
-0.0940416666118643,-Inf,-0.105037738553089,-0.0840388978369424,-0.082531092135883
-0.0843001012485996,-Inf,0.0534482845169553,-0.0759160881970578,-0.0754521697236924
-0.103954283132125,-Inf,-0.0418715032545944,-2.08687506728406,-0.0704834786103115
-0.0732632682966331,-Inf,-0.177859683661635,-0.112039723943878,-0.0677155208061397
-0.0699001358061161,-Inf,-0.422048587565682,-0.0997355556582596,-0.065820458361564
-0.0673449693501067,-Inf,-0.132460790892682,-0.0896584489417286,0.0978994928479576
-0.0655153905882062,-Inf,-0.110436662297873,-0.0812884935997135,0.0918284632686773
-0.0641100794160089,-Inf,-0.0949711624830319,-0.0757300165639664,-0.935542195185459
-0.083114623957551,-Inf,-0.0864506485678624,-0.0707738752402037,-0.188709776491689
-0.0625009148278053,-Inf,-0.0785000415358603,-0.380527347364993,-0.151551726533807
-0.062183931483943,-Inf,-0.0748653853019304,-0.06571388836432,-0.123902905687921
-0.0619229775807624,-Inf,0.140163200820399,0.0561908480634497,-0.105737643394513
-0.0618754037180875,-Inf,-0.129492399663134,-0.0986583982475163,-0.0931945816207041
-0.55729729370139,-Inf,-0.102544541842528,-0.0833646955897367,-0.0849626722212732
-0.0937829033498291,-Inf,-0.0889272677443224,-0.0760053099109907,-0.106083766416451
-0.0618754037180875,-Inf,-0.0789521710496081,-0.0708333191766152,-0.0738506013975436
-0.0617636759371875,-Inf,-0.0732767023699713,-0.0679555731231889,-0.0618865657864717
-0.0619110601642766,-Inf,0.172304353471846,-0.065984321070138,-0.0697441584949303
-0.0618956348911832,-Inf,-0.468304208575914,-0.0648729230421753,-0.0665246578556041
0.175207085356863,-Inf,-0.126918644408243,-0.0640237689657996,-0.0643982252711868
0.120884111210682,-Inf,-0.106462558015584,-0.0633521800477699,-0.0630570388774853
-0.591931560132736,-Inf,-0.0911390733834697,-0.0629135614565262,-0.0622861571265293
-0.600396148451136,-Inf,0.123464390766773,-0.0625349390636271,-0.0621516647219196
-0.182366543025843,-Inf,-0.134827876097236,-0.0623012614887064,-0.0620762796700433
-0.147695969620021,-Inf,-0.106341812562732,-0.0620838688242676,-0.0620190333925565
-0.124104114273401,-Inf,-0.0933791349523632,-0.0619785197829361,-0.0619739700578869
-0.00688992179322122,-Inf,-0.0823319412697819,-0.0668696315909492,-0.0619446156774668
-0.124639027782889,-Inf,-0.274033041881621,-0.0618754037180875,-0.0619193386175025
-0.103932435105248,-Inf,-0.0734646840250653,-0.0618754037180875,-0.0619037598908688
-0.091133470454161,-Inf,-0.0701813593080512,-0.714563885635681,-0.0618892804360899
-0.0815442694397724,-Inf,-0.0674973689360313,0.0436575104231808,-0.0618822683359492
-0.0749284738027337,-Inf,-0.0656054246982201,-0.00277593209068803,-0.0618754037180875
-0.0701413054069504,-Inf,-0.0642338844749961,-0.111112694686233,-0.0618754037180875
-0.066781312456114,-Inf,-0.0633767521195992,-0.0923824304176839,-0.0618754037180875
-0.0646695781156757,-Inf,-0.0628466239335654,-0.0818531506014975,-0.0618754037180875
-0.063247256826713,-Inf,-0.0623529457555637,-0.0749663908835927,-0.0470701925566757
-0.0628390032937496,-Inf,-0.447897091339402,-0.0707857332992159,-0.0665766990719068
0.0476881229393265,-Inf,-0.0618792985838553,0.0733873708250601,-0.0645526659665486
-0.0961032227175841,-Inf,-0.0618773304392086,-0.109233407565209,-0.0479634665929088
-0.081800848751468,-Inf,-0.0618754037180874,-0.0903506025152424,-0.067918161111871
-0.0749331311288752,-Inf,-0.0620566038454523,-0.0808509084764975,-0.0654351742008244
0.165199545962974,-Inf,-0.0618754037180875,-0.0740554472406076,-0.0642008716511613
-0.135848946835512,-Inf,0.0645223364531943,-0.0701158070296401,-0.0633847818234681
-0.106934033502365,-Inf,-0.1005064503174,-0.0673733334124578,-0.521741158655376
-0.210980311683948,-Inf,-0.254793766700627,-0.0657626421006741,-0.0629810246239323
-0.0842244771927834,-Inf,-0.131653917999744,-0.0645614187896402,-0.341616432862621
-0.0772457515593368,-Inf,-0.104906223796943,-0.0636610638976889,-0.235809485560861
-0.0723869489422191,-Inf,-0.0949672069954514,-0.207850416809778,-0.176034677570626
-0.0694924523599403,-Inf,-0.0810687448269413,-0.0627975567482824,-0.143219141539778
-0.143607075976148,-Inf,-0.0753339651647708,-0.0534883633609518,-0.116438834517469
-0.0667690966293498,-Inf,-0.0712125577292424,-0.0650232595524906,-0.100356534811808
-0.0646178153200736,-Inf,-0.0685902305342311,-0.21494565588044,-0.088572632852429
-0.0635495939518649,-Inf,-0.0666759621962604,-0.0630989867492936,-0.0894374654000121
-0.274117714749055,-Inf,-0.0651044270196216,-0.0607628831663941,-0.0764170221453768
-0.248993995471098,-Inf,-0.0640938314594695,0.122138093476928,-0.0719735081766886
-0.0622657686155897,-Inf,-0.0631950218683307,-0.117926473377385,-0.069026000654546
-0.102990481228294,-Inf,-0.0626817544498307,-0.0952072353558683,0.146794959710886
-0.252897158457853,-Inf,-0.0621959345020781,-1.74491006874537,-0.127666807220617
-0.130564120791093,-Inf,-0.30541685142125,-0.138668255577627,-0.2789125644976
-0.108892952360196,-Inf,-0.0618754037180875,-0.0438384895578673,-0.0929244877761469
-0.0925090872582439,-Inf,-0.0618754037180875,-0.121774122703458,0.17210939392102
-0.0830572679331044,-Inf,-0.237998696680544,-0.107104131476178,-0.147132321766687
-0.0763733165743059,-Inf,-0.519644287638431,-0.0919713028721233,-0.114927166673061
-0.0725481878973287,-Inf,-0.0649715417313096,-0.0824694689321621,-0.0983701947315109
-0.0695757420615295,-Inf,-0.0638804852518377,-0.0763744282672462,-0.0859846478945564
-0.0671936590215855,-Inf,-0.0631340255266648,-0.0715710724220632,-0.425300637013432
-0.0656264713922263,-Inf,-0.0627243054191172,0.142738155824978,-0.975072050308679
0.0559922112329532,-Inf,-0.0638558039129763,-0.127615475591899,-0.101622323883526
-0.100127824360321,-Inf,-0.0622913968270149,-0.101204757064151,-0.0892704238439589
-0.0841343410156559,-Inf,-0.0636581247396697,-0.0875557836335333,-0.0801904823293926
-0.0764124814750716,-Inf,-0.062079891978801,-0.0784470263049901,0.0473623615647994
-0.0708687666291122,-Inf,-0.405015082747702,-0.405126280721115,-0.106023843293196
-0.0679806899644877,-Inf,-0.062003868580196,0.111870708316682,-0.0884205410305525
-0.0660012903708719,-Inf,-0.0619583224279514,-0.123857806852232,-0.0789425984002526
-0.0648854400355189,-Inf,-0.0617971046463576,-0.0998080849930482,-0.0725652592610325
-0.0640328268668756,-Inf,-0.0619334152387666,-0.0873715010694854,-0.0685602655036885
-0.0634879895340902,-Inf,-0.061896930187671,-0.0784602438993667,0.0162355263872024
-0.0629181498485842,-Inf,-0.747166926946375,-0.0731080035729764,-0.0964892549324024
-0.0625378532534768,-Inf,-0.0618926962243931,-0.0694554748339779,-0.0825177724638469
-0.434629515904923,-Inf,-0.0618870548661256,-0.0671725008915557,-0.0744714871153591
-0.912448336451903,-Inf,-0.0618832373322351,-0.0655659481316052,0.0191808113125157
-0.0622273161535195,-Inf,-0.0618810984051894,0.166383845779143,-0.0954597427622973
-0.0618754037180875,-Inf,-0.963563953407427,-0.131281751244635,-0.082033268711254
-0.0618754037180875,-Inf,-0.0618822861867022,-0.103607789523089,-0.0753231451206183
-0.0618754037180875,-Inf,-0.0701728259044804,-0.0897885956846143,-0.0705923297953612
0.0623932229148326,-Inf,-0.0618784966469762,-0.0796871756682032,-0.0677438571922049
-0.257767881510447,-Inf,-0.0618773998687616,-0.0740015497980615,-0.0658791869652383
-0.0879516878466575,-Inf,-0.0618763805592313,-0.0700066920096178,-0.0647154375406134
-0.0790884091788029,-Inf,-0.0618758869430486,-0.0678282270397735,-0.0638716584107253
0.168998446290991,-Inf,-0.0618754037180875,-0.0661528661204813,-0.0631772212977129
-0.139158356835924,-Inf,-0.0618754037180875,-0.256097124952462,-0.0627534968274899
-0.10922625777839,-Inf,-0.0618754037180875,-0.309101493853431,-0.0623781465562961
-0.0868029760935337,-Inf,-0.0618754037180875,-0.0639158660918022,-0.0621994455918326
-0.0852076601816491,-Inf,-0.0618754037180875,-0.063194511965798,-0.0620340249782539
-0.0776099680237829,-Inf,-0.0618754037180875,-0.0625215594324685,0.0931557634919738
-0.0726096826184665,-Inf,-0.0618754037180875,0.125587071900207,-0.127097749322944
-0.0695506113829608,-Inf,-0.0618754037180875,-0.118064715435519,-0.0943822717660634
-0.262838214086034,-Inf,-0.0618754037180875,-0.525966152116368,-0.0831000620586838
-0.0663167792198578,-Inf,-0.0618754037180875,-0.0961490413874171,-0.112122321279695
-0.0649517004134479,-Inf,-0.0618754037180875,-0.0285825563720794,-0.0713988104211369
-0.0637577026981326,-Inf,-0.0618754037180875,-0.0938165193818323,-0.0683312934285617
-0.785957361068447,-Inf,-0.0618754037180875,-0.0820356741483684,-0.0665544769724392
-0.0631596157469976,-Inf,-0.715850405940078,-0.0759456964296386,-0.0652399227496007
-0.0625340677509263,-Inf,-0.0618754037180875,-0.0714571233403196,0.0817067083236275
-0.0545472981036155,-Inf,-3.39269034385484,-0.0684503836935726,-0.10764476586406
-0.0642619285366639,-Inf,-0.0618754037180875,-0.0664313831668818,-0.860546833083927
-0.0632296356315794,-Inf,-0.0618754037180875,-0.0649585967845282,-0.10093184195084
-0.0627407664355376,-Inf,-0.0602200851818287,-0.0639694358845793,-0.0869808009931994
-0.0624181019571343,-Inf,0.211608180209059,0.132400227857722,-0.0790185533380128
-0.0622412176056879,-Inf,-0.141698573915559,-0.147860524685558,-0.0733453735531078
0.137043763946328,-Inf,-0.110189760025909,-0.0978368984466045,-0.0702768073559468
-0.121392137739227,-Inf,-0.0943696775261788,-0.0858117750036794,-0.0679250766589829
-0.0973123762955893,-Inf,-0.0827962074816106,-0.0771468093304615,-0.0661950597034578
-0.0854571126295516,-Inf,-0.0762217728469918,-0.0776477386155354,-0.0648158179798553
0.0896356257117152,-Inf,-0.0716408723828084,-0.951242295111127,-0.0637463327157902
-0.121236421065881,-Inf,-0.0690343044091319,-0.0744043900248643,-0.0630847439322975
-0.937504550171725,-Inf,-0.0670240791582734,-0.07092950648213,-0.507859449265798
-0.120020429728424,-Inf,-0.0654239662166245,-0.0681358250314837,-0.0623330753474816
-0.101157006402331,-Inf,-0.0643736118894064,-0.0663668521847337,-0.0618754037180875
0.0581427718878425,-Inf,-0.0634644784768271,-0.168302231582262,-0.0618754037180875
-0.123823859162807,-Inf,0.255882333524986,0.171713740942178,-0.988684149555918
-0.10131621031694,-Inf,-1.56123350877762,-0.132056190758664,-0.0618754037180875
-0.0889264792329951,-Inf,-0.313144399173182,-0.103936124787006,-0.0618754037180875
-0.0794271770036764,-Inf,-0.26503400127609,-0.0897291221619412,-0.0618754037180875
-0.0738754250428018,-Inf,-0.214063166258669,-0.0168700922971272,-0.0618754037180875
-0.0695995070219688,-Inf,-0.145786697240013,0.148853950821429,-0.0618754037180875
-0.0673329279017594,-Inf,-0.157819411656087,-0.412688506566201,-0.113150028690322
-0.291586297993176,-Inf,-0.0765773122335352,-0.134337148257219,-0.0623686048617103
-0.0372948133186547,-Inf,-0.134116385684116,-0.11195900333394,-0.0621553423510403
-0.155845219618113,-Inf,-0.111886925005943,-0.0951920417620934,-0.0620562738315014
-0.081522218412051,-Inf,-0.0977708898428691,-0.0850662644586243,-0.276015039596259
-0.11571681223639,-Inf,-0.0853640497390466,-0.070792447161869,-0.0619700242217221
-0.097364122811299,-Inf,-0.0776002177924572,-0.346926765721337,-0.0619390259414563
-0.0861815720365915,-Inf,-0.0705467998391207,-0.0741372251329054,-0.0619216564568695
-0.0788099407893129,-Inf,-0.10925408366058,-0.0701904491461404,-0.0619084708172264
-0.0740751074066928,-Inf,-0.0635513776149377,-0.0673527814191717,-0.0618980940091067
-0.0704056322281545,-Inf,-0.0630067275849312,-0.0654017767053947,-0.281429750993794
-0.0679066694854124,-Inf,-0.0626562688708291,-0.0641090120977995,-0.0618879993213984
-0.0659401677288671,-Inf,0.0433930013546041,-0.0630473278431095,-0.0618835328796388
-0.0645285765982734,-Inf,-0.0946958802376114,-0.0624594549518074,-0.0643290314612496
-0.0634274665437823,-Inf,-0.0809475354385854,-0.061989595334849,-0.311906789478033
-0.062698721234264,-Inf,-0.0743733934445429,-0.603530050849347,-0.0618754037180875
-0.0621707191719183,-Inf,-0.0697509345930613,-0.0619628891307174,-0.0618754037180875
-0.0603550210229993,-Inf,-0.0672168019317375,0.157665211396831,-0.0618754037180875
-0.0624272477505627,-Inf,-0.0654827485331188,-0.126888579494841,-0.0618754037180875
-0.306185268649675,-Inf,0.0443071968802636,-0.100731277782166,-0.0618754037180875
-0.0621147065877481,-Inf,-0.0970817316898858,-0.0877937819570985,-0.0618754037180875
-0.0620254022160038,-Inf,-0.0771280655972087,-0.078467470637654,-0.0618754037180875
-0.0619764792238037,-Inf,-0.0772835974668353,-0.0133861380721029,-0.0618754037180875
-0.353053901757931,-Inf,-0.0715546289542013,0.14294152125176,-0.0618754037180875
-0.175559173254154,-Inf,-0.0684056914560605,-0.143789569157765,0.255556508451949
-0.132643114278582,-Inf,-0.0661932189303295,-0.113008903391175,-0.152679409163596
-0.13542604346625,-Inf,-0.0649623113964009,-0.0949760899715142,-0.117315760566264
-0.0943535493572309,-Inf,-0.0640128342591093,-0.0849285833179833,-0.0993939358314238
-0.0843669325965054,-Inf,-0.063352443187901,-0.0775890501631912,-0.686323397037088
-0.0772863158645607,-Inf,-0.0629155448706412,-0.492127845288863,-0.168293931911117
-0.0732262412695683,-Inf,-0.0625412844760666,-0.0735992234567167,-0.0846745828369521
-0.0700683326078402,-Inf,-0.0623092458267718,-0.0701645113390168,-0.0787817650141983
-0.0675340256813485,-Inf,-0.06209471319649,-0.0674248196328204,-0.0741392939703455
0.185051663508645,-Inf,-0.0619884733773999,-0.171432743466012,0.0723278032695134
-0.137460959730536,-Inf,-0.0618849675146199,-0.064622114585602,-0.110689953869514
-0.107619946486596,-Inf,0.202591037358205,-0.0635993536676834,-0.0910478937832323
-0.0923447902190013,-Inf,-0.138936220258809,-0.0627274957395457,-0.0811802709677602
-0.0813568825280837,-Inf,-0.108391928157022,-0.0622582419532664,-1.93879859281763
-0.0849539953328881,-Inf,-0.093115860495254,0.149348353711964,-0.114018406725712
-0.0708654680105104,-Inf,-0.0819629988241504,-0.124574492623407,-0.0960224930107928
-0.068461841935533,-Inf,-0.0756407577663374,-0.0992788608465977,-0.087440061789909
-0.0666107409522973,-Inf,-0.0733036130781751,0.0656081050563997,-0.0805576237297322
-0.0651376717890059,-Inf,-0.112818041694199,-0.54168638068957,-0.0748978969776017
-0.0641723084561485,-Inf,-0.193180070389353,-0.1196577271112,-0.0711207704242201
-0.429688654133001,-Inf,-0.145593698896053,-0.101487323260651,-0.0677890190064737
-0.0632371712757848,-Inf,-0.108319824838797,0.0892754038168377,-0.0657112917980614
0.158895656933611,-Inf,-0.103724851085467,-0.131875504513215,-0.0637592194420848
-0.127650443202586,-Inf,-0.0906002482942046,-0.105792464207516,-0.0628093967303489
-0.526537845807816,-Inf,-0.0813364826221468,-0.0921949766761741,-0.0618773959722475
-0.10216646048447,-Inf,-0.0678916997598443,-0.0819213381921751,-0.0618766683070072
-0.0879788320685327,-Inf,-0.0742677650790207,-0.0756163702621507,-0.0618762198720691
-0.0798550457233876,-Inf,-0.0701488744786378,-0.0711001696415915,-0.0618758031128318
-0.0741481743290795,-Inf,-0.0589051112882622,-0.0683004427556426,-0.0618756012910787
-0.308532114371478,-Inf,-0.0683396326616539,-0.066193410449295,-0.0618754037180874
-0.0701218650539624,-Inf,-1.4978820927847,-0.379390999746009,-0.0618754037180876
0.131420889296084,-Inf,-0.0716368127540553,-0.0643475414627226,-0.0618754037180874
-0.124684434351863,-Inf,-0.0676539298254126,-0.0633520912503924,-0.0618754037180876
-0.0995930364446845,-Inf,-0.0645264548536405,-0.0628271265087798,-0.0618754037180874
-0.0870168004668967,-Inf,-0.0636345948769849,-0.165649720080543,-0.0618754037180876
-0.0762283846861058,-Inf,0.0465148076905448,-0.704995378859217,-0.0618754037180874
-0.0730482637044879,-Inf,-0.109444871047835,-0.0618857682476448,-0.068633472162587
-0.526192224922824,-Inf,-0.158852879117528,-0.0618823722706936,-0.0618754037180874
-0.348541844824792,-Inf,-0.081814542219534,-0.0618804695403575,0.0476552436623648
-0.0698209043245338,-Inf,-0.0745712368380258,-0.0618790252578241,-0.0955461579377356
-0.177109632192956,-Inf,0.0371351020370876,-0.0618778887183666,-0.0814958693288941
-0.0661895589532386,-Inf,-0.100375914919327,-0.0778039493656488,-0.0747571561662616
-0.0646348466434079,-Inf,-0.0852652312618563,0.166874924609794,-0.070033709989035
-0.0636665963468049,-Inf,-0.0775378175519144,-0.129693775580265,-0.0674099051392878
-0.0627657259364795,-Inf,-0.071990945603067,-0.102520343434912,-0.065613767896475
0.171783076574017,-Inf,-0.068806176217045,-0.089033832459927,-0.0646018081832354
-0.130828479795447,-Inf,-0.0665089489633276,-0.079283508355207,-0.0638290594298057
-0.103222488499191,-Inf,-0.0651834341606008,-0.073777410967026,0.094563476743029
-0.0829212863932356,-Inf,-0.181625246312548,-0.069960366027537,-0.110424976670057
-0.0816186965562117,-Inf,-0.0635453058953012,-0.0677936906569482,-0.0905655241172747
-0.0751680891092557,-Inf,-0.0629372786803477,-0.0661272673698952,-0.0808550790840847
-0.00911443203257752,-Inf,-0.062550016225905,-0.064803650231527,0.147924619652419
-0.0874211125866329,-Inf,-0.0623110336975128,-0.0639357976651807,-0.134446645270215
-0.0811007386779343,-Inf,-0.0620886535231201,-0.348687616613728,-0.106233658245246
-0.0723710121674169,-Inf,-0.0619809111275652,-0.0630007617394767,0.102320854190643
-0.0687541578545546,-Inf,0.0941678689338883,-0.0624265884179014,-0.137055146674775
-0.0664627859794615,-Inf,-0.147571036221333,-0.0621474527462058,-0.109144745701369
-0.0649376185443075,-Inf,-0.12054816815123,0.104716158894953,-0.0940268174865986
-0.0639024152589681,-Inf,-0.0972685389521796,-0.194068194343606,-0.0833274175223261
-0.65293076394091,-Inf,-0.0847119885404088,-0.579383934785479,-0.0767983381965853
-0.0632952368780265,-Inf,-0.0775611669490056,0.0333614898939816,-1.34029131439129
-0.0628644237171266,-Inf,-0.0725616177395126,-0.122209192803212,-0.0880494995695237
-0.0625007634668352,-Inf,-0.0697160639455099,0.00657236111736483,0.118481524252539
-0.0622725307024388,-Inf,-0.0675185663279844,-0.11980651293384,0.0161091107343807
-0.0620697999425191,-Inf,-0.0657660789007528,0.0138386860975711,-0.145519245468671
-0.0619715817803682,-Inf,-0.0646162280840138,-0.119878331886852,-0.115656805098372
-0.0618754037180875,-Inf,-0.0636190524611534,-0.0913444614748758,0.0244991620382431
0.141001656142764,-Inf,0.140459354308197,-0.0891037480993915,-0.120519508321961
-0.122265288135946,-Inf,0.12692873095742,-0.0797589987760216,-0.0988998481241163
-0.659468037579949,-Inf,-0.0310512275450877,0.13539824081309,-0.803422108673673
-0.104231377714475,-Inf,-0.163048004198941,-0.131347786816521,-0.0969747105576834
-0.0893641234090411,-Inf,-0.486111504403309,-0.104451389198567,-0.086682878674598
-0.0808316160758997,-Inf,-0.12778498847512,-0.0904976519911427,-0.0791478304838491
-0.0748254888110076,-Inf,-0.107536659829722,0.0793325433494866,-0.0741744106142134
-0.0713958693031192,-Inf,-0.0943397732807171,-0.131599700931783,-0.0705967643802042
-0.0687375161049568,-Inf,0.160278741301857,-0.1966175199658,-0.0673538461234368
0.122493062745036,-Inf,-0.148289837134945,-0.151463492989445,-0.0653141759967408
-0.108687222533059,-Inf,0.0731646814886117,-0.475940050860013,-0.059207798430857
-0.10118641220828,-Inf,-0.468382164242228,-0.122295143589745,-0.064323791714113
-0.0877774291981707,-Inf,-0.261243680725485,-0.104730963914868,-0.0631887652805367
-0.0783279408572121,-Inf,-0.204565698807781,-0.0922369046567706,-0.0626501831013164
-0.0729251243279692,-Inf,-0.192743385229175,-0.547988649197619,-0.062208498659844
-0.773723908340699,-Inf,-0.137346076151606,-0.0870704900495328,-0.0620998919653446
-0.0726119537071753,-Inf,-0.116030349214698,-0.0794104333134044,-0.0620263645783493
-0.0696336559613364,-Inf,-0.100745917695019,-0.0736079391391445,-0.0619851590756045
-0.0672539097988376,-Inf,-0.111847567909076,0.0741902886499543,-0.0619538745074092
-0.0656611935084552,-Inf,-0.0828379797153565,-0.109660970582043,0.0418886722464867
-0.0643090419043629,-Inf,-0.0764804793649599,-0.0897100920892198,-0.0938879278358888
-0.0634466302812563,-Inf,-0.0955308912151461,-0.0797232273647775,-0.0805072600704781
0.199272864041911,-Inf,-0.0680473478785647,-0.0727012166169964,-0.0740979899648963
-0.0247620823850266,-Inf,-0.0652229900310237,-0.0692360387951776,-0.0696100021913247
-0.627616384460979,-Inf,-0.0635226522759108,-0.0670764528021325,-0.0671192756301786
-0.14529475498035,-Inf,-0.062462223866379,-0.0655116788942995,-0.0654141335439217
-0.118698752763304,-Inf,-0.0618754037180875,-0.0644830827461896,-0.0644557679291879
-0.100817859640827,-Inf,-0.0618754037180875,-0.0636686573146445,-0.0637241795847426
-0.0946321498173192,-Inf,-0.172309537568433,0.109670085785236,-0.0631459588396395
-0.0815082130787479,-Inf,-0.0618754037180876,-0.10434349348152,-0.0627684612351816
-0.0762478544618905,-Inf,-0.0618754037180875,-0.0961376550550735,-0.0624426876346523
-0.072027899076477,-Inf,-0.0618754037180875,-0.0843031201055654,-0.186626658014194
-0.068997970992186,-Inf,-0.0618754037180875,-0.076198075809821,-0.0620784517528314
-0.0666204919973717,-Inf,-0.141933169033761,-0.0715015099960387,-0.0619758629367459
-0.00314431932027642,-Inf,-0.0618754037180875,-0.0697930185038845,-0.0618754037180875
-0.0828131509841442,-Inf,-0.0618754037180875,-0.36805263494688,-0.0618754037180875
-0.073828371208297,-Inf,-0.0618754037180875,-0.066490677370646,0.220625816273175
-0.0693445407096172,-Inf,-0.0605873919999628,-0.0650651771178114,-0.136272844293214
-0.613308934189752,-Inf,-0.00602460265700353,0.116424239065561,-0.113547360827177
-0.0672374349413681,-Inf,-0.0797140754326641,-0.11730020309141,-0.0965294848411241
-0.0654967458796709,-Inf,-0.0721577651280829,-0.094845169032433,-0.283522940918782
-0.0850736301860692,-Inf,0.120852574176013,-0.0836418482372379,-0.0806011774264204
-0.0638069118940228,-Inf,-0.120963583789182,-0.0757034333803938,-0.0729276819444177
0.185426818515433,-Inf,-0.0985841284841554,-0.0711652932551851,-0.0717931008879922
-0.312794344999045,-Inf,-0.0863632758783006,-0.0681621365926578,-0.241376553795735
-0.11508920890975,-Inf,-0.0777192171765167,-0.0664704834220576,-0.144733228692316
-0.0978181973478534,-Inf,-0.0727402481031305,-0.0651733882217203,-0.112996403001443
-0.0850184306710582,-Inf,-0.0692608367481926,-0.0641446910726837,-0.715779665854558
-0.0777376491777488,-Inf,-0.273030910877102,0.203362050216165,-0.10363601022406
-0.0726118413541172,-Inf,-0.0665813351770049,-0.140400578808619,0.136849545875205
-0.0697532583680401,-Inf,0.203665342197229,-0.28922143997963,-0.145354204586417
0.0743827991833739,-Inf,-0.141907439427255,-0.100070346039335,-0.114722101472989
-0.108562626440403,-Inf,0.0575101012728771,-0.0866204438526537,-0.0984061954017355
-0.0898586005898989,-Inf,-0.14143159093505,-0.181437881308028,-0.086011306966172
-0.080347507762526,-Inf,-0.111729918574891,-0.0746534838024741,-0.0786518594907855
-0.0736594379784254,-Inf,-0.095941195700206,-0.171411421114474,-0.0988505243092305
-0.0696930176034052,-Inf,-0.0843313703360567,-0.0693580714813178,-0.411842799872514
-0.0670708093830417,-Inf,-0.0777834774367472,-0.184435244675069,-0.131547158444114
-0.0654756926030187,-Inf,0.149364117897214,-0.0659743903443947,-0.10967117682339
-0.0644571960402907,-Inf,-0.134431167780043,-0.0720897298246227,-0.418465916480549
-0.623444698708473,-Inf,-0.244025757865974,-0.0635772822579367,-0.0915621300446633
-0.0640616097376492,-Inf,-0.34654805910711,-0.0627098794734237,-0.082253203707496
-0.0632655857236793,-Inf,-0.27905998734605,-0.336884551955886,-0.0764400376797882
-0.0627736406067217,-Inf,-0.085658878991785,-0.0618764526339895,-0.0721835895079587
-0.0544047142766458,-Inf,-0.0779943062398445,-0.0618759191693898,-0.0686449641702203
-0.0646097435357943,-Inf,-0.0731784433569147,-0.0618755597156252,-0.0666560329234436
-0.0631986568607314,-Inf,-0.062045793390111,-0.345133502649958,-0.0649218172044321
-0.0628358543901843,-Inf,-0.0697013708771521,-0.935883365626119,-0.063846467863712
-0.0624757253309716,-Inf,-0.347677573459795,-0.0618754037180875,-0.0628413846657471
-0.557844796471302,-Inf,-0.0662796114350632,-0.0618754037180875,-0.0623536011860048
-0.108101790136541,-Inf,-0.381673323139741,-0.0618754037180875,-0.0683879149378541
-0.0622136314087892,-Inf,-0.706182225368701,-0.060544865171299,-0.0618754037180875
-0.0621168778877761,-Inf,-0.0640994425625458,-0.062209789235962,-0.0618754037180875
-0.0620413829664365,-Inf,-0.0625449796814312,-0.0621450327905297,-0.0618754037180875
-0.0619920164137445,-Inf,-0.0623543542695048,-0.0620473516945655,-0.0618754037180875
-0.0619495967862551,-Inf,0.0535643053576281,-0.0619834916263742,-0.0618754037180875
-0.0619234157259178,-Inf,-0.097600568315,-0.0619477393892382,0.0516890234027558
-0.0618991258088986,-Inf,-0.082741978093469,-0.0619240502259826,-0.0967377926709084
-0.0618872875026589,-Inf,-0.0755894665120434,-0.290728411004952,-0.0822096616722233
-0.0618757153628845,-Inf,-0.0705542471343179,-0.0619070143574785,-0.238057764472989
-0.0618755578828368,-Inf,0.0406774482504104,-0.0618971731321051,-0.0718429294418586
-0.0618754037180875,-Inf,-0.09889434694538,0.189006145063328,-0.0686475729809065
-0.324569145977405,-Inf,-0.0841050299142945,-0.135334558460919,-0.0664545274783751
-0.587510610558489,-Inf,-0.0766933533349055,-0.0936462720948806,-0.0523094795047349
-0.1676025744163,-Inf,-0.071394019005783,-0.0952085359210933,-0.0683518939438039
0.0534280398137097,-Inf,0.0996422067766524,-0.0830983409923261,0.138189978444854
-0.162216740256825,-Inf,-0.116372472364072,-0.0763652207554962,-0.12490035250558
-0.128674404254273,-Inf,-0.0947635612183474,-0.0716653901058579,-0.0996345180745928
-0.108409812661367,-Inf,0.087415538502946,-0.427201950320057,-0.087070722440071
-0.0945165721957289,-Inf,-0.125902095933358,-0.0961772439354287,-0.0779615818492948
-0.085197528763465,-Inf,-0.101479122121598,-0.0670807313055427,-0.0728438906253249
-0.0780415716859344,-Inf,0.0887681569553141,-0.051607960581227,-0.0692575097045734
-0.0735764312057356,-Inf,-0.130685286147523,0.208452810640103,-0.0672674649949985
-0.0698287092232579,-Inf,-0.104965388948864,-0.14559148866309,-0.0657461613056813
-0.263790103473931,-Inf,-0.0910417613515292,-0.112778051078292,0.10856322087718
-0.0657925579689786,-Inf,-0.0812774845269116,-0.0960712401227436,-0.115588875983016
-0.0641556632780434,-Inf,-0.0752871411763036,-0.0837641388032871,-0.655850862588179
-0.0628611777894106,-Inf,-0.0721871415253152,-0.0768915346380534,-0.121340503625724
-0.0623581581496074,-Inf,0.141622054090931,-0.479880269784154,-0.0864288520674985
-0.0621142992768169,-Inf,-0.142900142108604,-0.0731798439334411,-0.0786487387911011
-0.0618754037180876,-Inf,-0.111313820787618,-0.0700259676622944,-0.0730944933334007
-0.053099890915881,-Inf,-0.301769582593478,-0.0675105785067514,0.126301450487347
-0.0646677413398668,-Inf,-0.0899122593531602,-0.0658397064050133,-0.12912487434881
-0.858663238483151,-Inf,-0.0799461646710038,-0.0644010727163035,-0.100722396059648
-0.0641514647709579,-Inf,-0.0740588465724737,-0.0634980065336379,-0.616313194089829
-0.0633044391032207,-Inf,-0.0707307178254829,-0.0536680921179885,-0.0904606843191365
-0.06283938173863,-Inf,-0.0681080229395311,-0.065122656990962,-0.0815206683944323
-0.0625240479225877,-Inf,-0.0661746248550827,-0.0635048411671624,-0.0749429394404061
-0.0623472000923369,-Inf,0.133255121555947,-1.81385281153977,-0.0712567736277336
-0.0622128244317885,-Inf,-0.122634945136921,-0.0656891513229923,-0.502042220815221
-0.0621069976423747,-Inf,-0.421916921707167,-0.0662224024489753,-0.0687116596708656
-0.324538609980473,-Inf,-0.0952119509618857,-0.0649992219722453,-0.0667034083979371
-0.211726164563373,-Inf,-0.405457301005101,-0.0631439280090726,-0.0578762980416536
-0.1580941019001,-Inf,-0.0817860584325044,-0.0627832510356551,-0.0661093483696508
-0.129324007897926,-Inf,-0.0754885397595996,-0.0624988186396375,-0.0641305654877836
-0.106579906283802,-Inf,-0.0718891130400043,-0.0569476608937568,-0.735871673172557
-0.093142395189142,-Inf,-0.0689976636105477,-0.0638618061551639,-0.0628966185791481
-0.0834608654746936,-Inf,-0.0668914557366373,-0.0630258408353555,-0.0625640447872681
-0.0778646928093865,-Inf,-0.810182786054606,-0.0522439605324095,-0.0623386716970522
-0.0734648158969607,-Inf,-0.0666178470782299,-0.0656002694370404,-0.0622123113067437
-0.0699061331298912,-Inf,-0.0649476537824586,-0.0640121925812845,-0.0563116565166075
-0.0142837975049934,-Inf,-0.0633851446456895,-0.0632650877552455,-0.0638889944597875
-0.0820601253765453,-Inf,0.13687934321102,-0.0627651382463183,-0.0630418923645918
-0.0737875255266656,-Inf,-0.121335113007118,-0.0624806425100182,-0.0626283313649984
-0.104215298601219,-Inf,-0.0972537039125668,-0.0622838168038824,-0.0623489227339877
-0.0665595252408397,-Inf,-0.0854123021540556,-0.0621708269233348,-0.0621858081545957
-0.0650494044695594,-Inf,-0.0953927912031264,0.133377746298254,-0.0620800244932743
-0.0637774783765747,-Inf,0.0292727929846853,-0.120330470600357,-0.0620158165123555
-0.0617529398095279,-Inf,-0.0998012335546526,-0.0966405077032768,-0.0619757960152586
-0.0633404042067874,-Inf,-0.0851329290773064,-0.0849901027728716,-0.0619442957529371
-0.0628241640042425,-Inf,-0.077536787288159,-0.076636725171084,-0.0619237775575017
0.216993523199764,-Inf,-0.0720318553013766,-0.0748477053793415,-0.0619061103125481
0.0962441646765903,-Inf,-0.0688479519303928,-0.0689146133515562,-0.0618952219499147
-0.173744678718596,-Inf,-0.0665245218526519,-0.0668727349213833,-0.0618851021448793
-0.13494778534944,-Inf,-0.0650810021463886,-0.0654633343510328,-0.0618802013788804
-0.111482414897978,-Inf,-0.151307463455971,-0.0643448032086167,-0.0618754037180875
-0.0951833160672402,-Inf,-0.0634726714664792,-0.0636128884829902,-0.282612087440612
0.102206244378215,-Inf,-0.0628622758517413,-0.0629798435888893,-0.0618754037180874
-0.132191315776502,-Inf,-0.0625022288534597,-0.0625888464486824,-0.0618754037180875
-0.106410174766312,-Inf,0.21475338237561,-0.0622247208435317,-0.0618754037180875
-0.0923742969922788,-Inf,-0.217464715333079,-0.0525744188540334,-0.0618754037180875
-0.0820028610402099,-Inf,-0.114516611594061,-0.766610442389209,-0.0618754037180875
-0.918593239381146,-Inf,-0.0973540899682479,-0.0653359771447186,-0.0618754037180875
-0.0835107908431648,-Inf,-0.0847689285088304,-0.116788903296447,-0.0852859892989164
-0.0758287510100082,-Inf,-0.0776010750006453,-0.063359044881415,-0.0618754037180875
-0.64709282544262,-Inf,-0.229834910286957,-0.0628762626998926,-0.59580580304139
0.00148393381328781,-Inf,-0.0710811686918747,-0.0625488852699708,-0.0618754037180874
-0.0926211686485375,-Inf,-0.0685087868265062,0.23618819543776,-0.0618754037180875
-0.0802520162448831,-Inf,-0.274885440752543,-0.1481254877635,-0.0618754037180875
-0.0739298878466989,-Inf,-0.0658508183393021,-0.114371792003882,-0.0618754037180875
-0.0690946920577186,-Inf,-0.0644070294962951,-0.0973241617370285,-0.0618754037180875
-0.0665069859341432,-Inf,-0.354928536874845,-0.119563980820065,-0.0618754037180875
-0.0645084270651111,-Inf,-0.0629491609940299,-0.678530951951447,-0.0618754037180875
-0.0637922524839745,-Inf,-0.0624069974264872,-0.332651803043056,-0.0618754037180875
-0.0632476605340854,-Inf,-0.0618754037180875,-0.261091155755635,-0.9986517309345
-0.0628171281423516,-Inf,-0.0618754037180875,-0.217329634613374,-0.0618754037180876
-0.0625364664586588,-Inf,-0.0618754037180875,-0.174550675374035,-0.0618754037180875
-0.0622941189515323,-Inf,-0.0618754037180875,-0.146107275950686,0.253679865419877
-0.0621451620046706,-Inf,-0.743710513504591,-0.122323263778656,-0.152201598723664
-0.0620065247534417,-Inf,-0.0618754037180876,-0.107574258790991,-0.117002094336407
0.176638693773816,-Inf,-0.0618754037180875,-0.0946626742496755,0.0798768983318962
-0.101712482180729,-Inf,-0.0618754037180875,-0.0844965913213769,-1.63169252867458
0.0939851953257958,-Inf,-0.0618754037180875,0.0647429834405009,-0.293968440160477
-0.15738413152358,-Inf,0.132714933952977,-0.0819171746551352,-0.232520237591036
-0.122653787157052,-Inf,-0.119964927880764,-0.102743912541214,-0.211339569332925
-0.10354825218821,-Inf,-0.0963992297026857,-0.16512125088483,-0.17864980700047
-0.0896224213222185,-Inf,0.195107152312449,-0.0792577223483795,-0.149379168081698
-0.0814366962953944,-Inf,-0.155003152554482,-0.0724736941545449,-0.129492576969151
0.175539490655497,-Inf,-0.768367418595351,-0.0690686506446609,-0.111014779033985
0.0625063636081941,-Inf,-0.139425829898372,-0.0670351830403414,-0.0963315241613903
-0.166979195231904,-Inf,-0.114996867828852,0.114295694954199,-0.0844199491408893
-0.495951239070368,-Inf,-0.0997189500417402,-0.118131314233831,-0.0757255211140449
-0.129913606851477,-Inf,-0.0882456563682783,-0.0955682469089637,-0.184440597413088
0.0145734578176964,-Inf,-0.0813698379476448,-0.0842684213237767,0.0231221438494332
-0.128995859677026,-Inf,-0.0757690939308444,-0.0279264703719372,-0.0914002684486654
-0.105619744152927,-Inf,-0.0714306331329156,-0.0943816817317555,-0.0780057338136256
0.0984705338102954,-Inf,-0.0686035516704856,0.0853263283278818,-0.0724182244504147
-0.137190603619695,-Inf,-0.0658957461901886,-0.120159074244442,-0.0685326697784628
0.0278226994383712,-Inf,-0.0642504105331375,-0.112328165226215,-0.066368294512476
-0.133086383413412,-Inf,-0.0630396998795927,-0.0861261134239513,-0.0649075442510401
-0.106965017061621,-Inf,-0.0624518602745815,-0.0776528999864836,-0.115723203100277
-0.00419802104411049,-Inf,-0.0618754037180875,-0.0726743850536503,-0.0635422739611815
-0.119764590852081,-Inf,-0.183752371817509,0.155042302230559,-0.0630207698857971
-0.0984865486927264,-Inf,-0.126288821236955,-0.13257007060869,-0.0626803816163291
-0.0865972334269544,-Inf,-0.100355716085145,-0.104941279293563,-0.0623867012679891
-0.0784312038485785,-Inf,-0.0875431025135227,0.148782754621154,-0.0622055289404049
-0.0733973637545624,-Inf,-0.0783035833681691,-0.450393530892397,-0.0620369940827211
-0.0694872302649337,-Inf,-0.285105506047944,-0.135790495390173,-0.0619553490314936
-0.0684131867678161,-Inf,-0.0712996760533875,-0.113081479684485,-0.0618754037180874
-0.0655191163860152,-Inf,-0.0687825658459782,-0.0962695157583194,-0.0618754037180874
-0.064279345892511,-Inf,-0.0668426991666245,-0.0859870964756794,0.0973468071101602
-0.330417984518627,-Inf,-0.0652981441156532,-0.0783698782383674,-0.109991164471098
-0.43924081361787,-Inf,-0.0642856241342293,-0.0739414495682124,-0.0902410902571059
-0.062798488187441,-Inf,-0.0634083148790829,-0.070368014759756,-0.0806356556963336
0.156921661732819,-Inf,-0.0630845345324083,-0.0676721986317739,-0.0738142717870067
-0.126963311560648,-Inf,-0.0623606169450667,-0.0657202821214821,-0.0700004501971917
-0.100668132608341,-Inf,-0.0621155164761579,-0.0642444045046422,-0.0673755520162251
-0.447510010169442,-Inf,0.107723153904469,-0.0632264659526095,-0.0658928133724448
-0.0767499167616932,-Inf,-0.112943560831887,-0.0625372276240794,-0.0647573498319125
-0.0810051649971279,-Inf,-1.02369013160966,-0.0622029573326885,-0.0638577250691466
0.0766470324443439,-Inf,-0.113424122740943,-0.0823615800218605,-0.0632695982582465
0.0576503545618246,-Inf,-0.0955897307737962,-0.0618754037180875,-0.0627613807313751
-0.143506290378217,-Inf,-0.0852490335957014,-0.0618754037180875,-0.0624476215469185
-0.114024053784264,-Inf,-0.0779033012682222,-0.0618754037180875,-0.0621555445765068
-0.0979821101227144,-Inf,-0.0736902864678287,-0.0618754037180875,-0.0620140130549958
-0.0850930088256864,-Inf,-0.0704081824244349,0.239919497660815,-0.0618754037180875
-0.115837529511531,-Inf,-0.0677727481483504,-0.148677616552084,-0.0618754037180875
-0.0732219288446068,-Inf,-0.0660369732617518,-0.47371034269364,0.21554152349068
-0.070025538076552,-Inf,-0.0645259812015921,-0.113348186509471,-0.142345491107665
-0.0674569605620117,-Inf,-0.0634974166492874,-0.0955379098637103,-0.110586846632037
-0.0657524354747841,-Inf,-0.0627448645068731,-0.0852120692320859,-0.0946511906823338
-0.0645076476779369,-Inf,-0.0623079349452226,-0.0778774506648529,0.190674667669935
-0.063556915289539,-Inf,-0.0618862230400361,-0.891151307091501,-0.153260625053095
-0.0628694705659215,-Inf,-0.0618821841652038,-0.081273383573544,-0.10526486645543
-0.0623636863302362,-Inf,-0.0618799721303656,-0.0754067928139561,-0.105322895461792
-0.0620496689819782,-Inf,-0.0618784752580757,-0.0714867780775322,-0.0903995427940615
-0.0618754037180875,-Inf,-0.046986892806808,-0.0179133188318919,-0.0815470730011351
-0.0618754037180875,-Inf,-0.0666053016222018,-0.0814508312004313,-0.529065251915172
-0.0618754037180875,-Inf,-0.0645692031324339,-0.072850234817752,-0.0592066709820997
-0.0618754037180875,-Inf,-0.0636194102905709,-0.0687382310552407,-0.152642057812383
-0.209876155439655,-Inf,-0.0629699180213391,-0.0656017104688835,-0.983648090841955
-0.0983263687837749,-Inf,-0.0462638573781047,-0.0643938881557809,-0.126603152886531
-0.245955320928519,-Inf,-0.0675553835916009,-0.178999261838987,-0.141218139156306
-0.0618754037180875,-Inf,-0.423208973334458,-0.0922380831163038,-0.141317514256651
-0.0618754037180875,-Inf,-0.0649843661702861,-0.062897039466539,-0.102397069302081
-0.0530697852806333,-Inf,-0.0638505968500045,-0.0625770240284373,-0.0909054919164188
0.0792555300494575,-Inf,-0.761559445780696,-0.0623683250692623,-0.0814304886395423
-0.107041991914319,-Inf,-0.203159558022484,-0.0621884125278204,-0.0756386582241068
-0.329909620201699,-Inf,-0.152248531319773,-0.0620774685289076,-0.0710990792123535
-0.392533919832626,-Inf,0.0683518317527171,-0.061974301379101,-0.0679161079124676
-0.0814903476350048,-Inf,-0.155969225260951,-0.228045922323117,-0.065309946435048
-0.07531042229403,-Inf,-0.123652461632847,-0.0618754037180875,-0.0636833011563701
-0.071038278133604,-Inf,-0.104620419812554,-0.0618754037180875,-0.0624273231337062
-0.217353956078489,-Inf,-0.0915154304190712,-0.0618754037180875,-0.143649559630537
-0.0674670442595975,-Inf,-0.0828845712421568,-0.110872070585257,-0.0619574770760446
-0.0657337578702259,-Inf,-0.0763728118085811,-0.0618754037180875,-0.0619160063270659
-0.361591409604721,-Inf,-0.0723321985975768,-0.259364677697641,-0.0618754037180875
-0.0641959017002072,-Inf,-0.0690205641094115,-0.0618754037180875,-0.0618754037180875
-0.364105915426711,-Inf,-0.0666787704630325,-0.0618754037180875,-0.0521242304481616
-0.0628603392580432,-Inf,-0.0648256499426325,-0.0618754037180875,-0.0170698920971284
-0.0623496645715419,-Inf,-0.0636118621770438,-0.0618754037180875,-0.0786241211284617
-0.0641860480370532,-Inf,-0.0626766231602026,-0.0618754037180875,-0.0716400257047344
-0.164801160679992,-Inf,-0.282265596785159,-0.432737258475845,-0.0682123961066769
-0.12535711533477,-Inf,-0.199294091858803,0.217390971084378,0.0584223532354987
-0.105133749328656,-Inf,-0.149041402527841,-0.14282989335211,-0.102394702108561
-0.0899710005714796,-Inf,-0.122507673549762,-0.711843044395811,-0.085901824463663
-0.0812601654927226,-Inf,-0.101836949845017,0.0736922044216096,-0.0778483363677578
0.1702903618888,-Inf,-0.0897289946642383,-0.15547545136511,-0.0721266222304818
-0.142118098755646,-Inf,-0.0810483860830252,-0.123171753901599,0.044934665751365
-0.111713579025147,-Inf,-0.0760474282085236,-0.104267202529342,-0.101178703606175
-0.0956984076400568,-Inf,-0.0721314707498076,-0.091144955003075,-0.233672553487069
0.0415535790207581,-Inf,-0.0689742141981539,-0.0827404366296657,-0.0802267001003711
-0.114064083016172,-Inf,-0.0668899382342441,-0.0762866274665366,0.0383970863156238
-0.0941978262506655,-Inf,-0.0650715474540497,-0.072311673432168,-0.103748006369058
-0.499863735299909,-Inf,-0.06394359334016,0.133963518625045,-0.0871691645856127
-0.0838997770153887,-Inf,-0.0628891227148627,-0.126454565760647,-0.0789184937152861
-0.076755091007413,-Inf,-0.0623772498203573,-0.0992293358120856,-0.0729253954925465
-0.0721498343417729,-Inf,-1.03699665853089,-0.0880273561732006,-0.0693756300371883
-0.0841036879767934,-Inf,-0.0618754037180875,-0.0783292752361043,-0.0669171719090142
-0.0669935501568965,-Inf,-0.0618754037180875,-0.0729670355541805,-0.0654516689879747
-0.380664582400274,-Inf,-0.0618754037180875,-0.0693272847530711,-0.0643896088836181
-0.711467068206366,-Inf,-0.0618754037180875,0.10212962070861,-0.0635121521592606
-0.0648593215885183,-Inf,-0.0618754037180875,-0.116247019337626,-0.0629786611761388
0.0348250071159496,-Inf,0.156243734579802,-0.0945098424123257,-0.0625043079455473
-0.0931929528177499,-Inf,-0.126460571536753,-0.0836749939151229,-0.0622815023682178
-0.0800248320503133,-Inf,-0.100463738855132,-0.593940749207171,-0.0620741929592969
-0.0734856617943484,-Inf,-0.0876175102272494,-0.294279271930045,-0.0619737555603347
-0.0692207786229077,-Inf,-0.078352221978104,-0.224701038442253,-0.439819254202317
-0.0668550136401059,-Inf,-0.0731318855178036,-0.184354642531546,-0.0618754037180876
-0.0652373916286954,-Inf,-0.0698024819560368,-0.147877448969328,0.234950907098323
0.104778139696568,-Inf,-0.0674678234146979,-0.124414627376797,-0.147396296653709
-0.114363626672354,-Inf,-0.0658926472655977,-0.106444707454991,-0.6650184415423
0.0710381006517383,-Inf,-0.0646412823093244,-0.0950922266445229,-0.123551317392115
-0.129904617035241,-Inf,-0.0638219850865169,-0.0860831452883999,-0.144049394163029
-0.103796913427806,-Inf,0.0630275241257073,-0.0783971904117466,-0.0914715191977034
0.0349817410112219,-Inf,-0.101163695965678,-0.0655445195316028,-0.0822781851943729
-0.117150509181241,-Inf,-0.130188371062761,-0.204818019988898,-0.0769729488612111
-0.0967909951485045,-Inf,-0.0776252477298402,-0.0615381131473695,-0.723517082711301
-0.0855424545386388,-Inf,0.117594842012372,-0.0677739579146655,-0.204821848772212
-0.0777491210900912,-Inf,0.112193925039021,-0.0650542700451009,-0.166902068651688
-0.0729458819697289,-Inf,-0.163472314241741,-0.0631913978441516,-0.1277032668055
-0.0693777732890464,-Inf,-0.171623619487458,-0.0627204761674187,-0.170053876717674
0.137599460916559,-Inf,-0.108519152983969,-0.0624610344762213,-0.0921461381588175
-0.1259261701903,-Inf,-0.0930524468772172,-0.0622784167015542,-0.0822148858499393
-0.100429659963358,-Inf,-0.0834723047232558,-0.0621617973292546,-0.0746861645019888
0.160462063074932,-Inf,-0.0769858808766889,-0.0620786833812041,-0.0712922984048539
-0.559731115861414,-Inf,-0.65240232391083,-0.0620110794667961,-0.0686622576681512
-0.150131853094708,-Inf,-0.0757443188196692,-0.0619679528941914,-0.0665591310705515
-0.123634847606339,-Inf,-0.0714975409335723,-0.0619296723951833,-0.0651771363985725
-0.103664823110488,-Inf,-0.447548467208404,-0.0619081698115231,-0.0639768545578406
-0.0912711783785976,-Inf,0.0553452762971148,-0.0549959007439016,-0.0632340077601421
-0.0822187490092261,-Inf,-0.0925308543344181,-0.0640759546223563,-0.0625409257530177
-0.0768254833253181,-Inf,-0.0888192759415881,-0.0631227013809222,0.172356639692207
-0.0724665052436683,-Inf,-0.0789324380682442,-0.0626819175117164,-0.130934431286913
-0.0691315938346961,-Inf,-0.0723563815684252,-0.0547995739392817,-0.103288267382706
-0.0667427852961392,-Inf,-0.0689389097230883,-0.0646279445130332,-0.0895679168820205
-0.0648936229929603,-Inf,-0.0666538395129212,-0.0634761636468133,-0.0796292956777791
-0.0636370640349606,-Inf,-0.0652324748753868,-0.0629293097804084,-0.0740174791914138
-0.0627386250778746,-Inf,-0.0643914965807348,-0.0625511160688988,-0.083649314634322
-0.0623026984314261,-Inf,-0.0636094201530838,-0.0623324050132633,-0.139577079865103
-0.0618754037180875,-Inf,-0.0630905977096339,-0.060477628467799,-0.0666014192714122
-0.497911702559602,-Inf,-0.0626563298580918,0.217433964286273,-0.0651312242202214
-0.0618754037180875,-Inf,-1.0434102655962,-0.143421330976784,-0.0641677562282562
-0.0618754037180875,-Inf,-0.0627775724136047,-0.479031321914265,-0.274770672004171
-0.0618754037180875,-Inf,-0.0527664016169655,-0.0510887433750394,-0.0686629478593454
-0.0618754037180875,-Inf,-0.0649106056557449,-0.110723641636819,-0.0656553606658057
-0.0618754037180875,-Inf,-0.0635882721104492,-0.307935371934172,-0.064237475750613
-0.538181347766059,-Inf,-0.0629835856349783,-0.0891106320561389,0.126615409346797
-0.0618754037180875,-Inf,-0.0625705376094897,0.115142804743575,-0.355367379459771
0.0814487495907427,-Inf,-0.0610961527750326,-0.132453268680962,-0.105447403137034
-0.105425022217737,-Inf,-0.0625882152715225,-0.098753051880163,0.140846365744293
-0.428323454016145,-Inf,-0.0623302101304036,0.145504204510586,-0.146189810124204
-0.0856907930648793,-Inf,-0.0621849190676971,-0.14966496699383,-0.370507121481698
-0.0770946974396227,-Inf,-0.062079148938848,-0.117223771382281,-0.108762991624028
-0.0722617169886364,-Inf,-0.0620158856686466,-0.12055618546914,-0.0934770612289865
-0.0689196852061606,-Inf,-0.0619669046587023,-0.153279110583412,-0.0840621636614368
-0.0670275750692014,-Inf,-0.061937846027073,-0.12245602242722,-0.0771351223353793
-0.0655749978929327,-Inf,-0.0619127648210219,-0.102412805193256,-0.073007746538834
-0.0644218962028123,-Inf,-0.0618980153582616,-0.0894418333064811,-0.0696703075299147
-0.0636672493740541,-Inf,-0.0618857929414351,-0.0809850819047462,-0.067186879346365
-0.0630144490021975,-Inf,-0.0618819983520289,-0.0750781255016513,-0.0653765861935451
-0.0626112217138,-Inf,-0.0618796598524457,-0.344389384780201,0.190934216108187
-0.0622356822670415,-Inf,-0.0618774865138428,-0.070347019160143,-0.137420001659752
-0.145168057779208,-Inf,-0.35182639151096,-0.00321051003340531,-0.107337250356375
-0.0618754037180875,-Inf,-0.0618754037180875,-0.0853578775219993,-0.0922994846326402
-0.0618754037180875,-Inf,-0.0618754037180875,-1.06817268187053,-0.0812562409559507
-0.0534159139962665,-Inf,-0.0618754037180875,-0.0855622278372285,-0.0751484723962165
-0.0645674737454882,-Inf,-0.0618754037180875,-0.0765799293451819,-0.0708995068487696
-0.0634060479760078,-Inf,-0.0618754037180875,-0.0716279184320752,-0.0684869756756553
-0.0628653817254512,-Inf,-0.0618754037180875,-0.0679665038512328,-1.07738553278973
-0.232868436230819,-Inf,-0.0618754037180875,-0.066326449622568,-0.0708994852665352
-0.0465383580118462,-Inf,-0.0618754037180875,-0.0650694785619964,-0.0682604769774416
-0.282826902448299,-Inf,-0.0618754037180875,-0.06407274736689,-0.0659495952807723
-0.0657285291712652,-Inf,-0.0618754037180875,-0.0634209794425175,-0.0645136874200779
-0.0643929409186799,-Inf,-0.275954343828274,-0.0628575040530901,-0.0631690196914716
-0.269408993237584,-Inf,-0.0618754037180875,-0.0733509335111042,-0.0625159499631666
-0.0632018086659975,-Inf,-0.0618754037180875,-0.0621893630003929,-0.0618754037180875
-0.0627634025587751,-Inf,-0.0618754037180875,-0.0707065127923257,-0.0618754037180875
-0.0530708342564211,-Inf,-0.520007587743242,-0.0618754037180875,-0.493108083875937
-0.0653225015045794,-Inf,-1.92389306028321,-0.0619482898765334,-0.0618754037180875
-0.0638843385797231,-Inf,-0.0618754037180874,-0.0618754037180875,-0.0605940342047977
-0.0631832400047297,-Inf,-0.0618754037180875,-0.0618754037180875,-0.05564997523851
-0.539277464697574,-Inf,-0.0618754037180875,-0.0618754037180875,-0.0642188763314504
0.0195203042642752,-Inf,-0.0618754037180875,-0.0618754037180875,-0.0632256547170422
-0.0879484806030373,-Inf,0.0934112832155957,-0.0618754037180875,-0.0627456978307396
-1.94463345395668,-Inf,-0.108865643792939,-0.0618754037180875,-0.0624256099184551
0.0507459839637492,-Inf,-0.0895523652073982,-0.0618754037180875,0.182370404505129
-0.154132776836027,-Inf,-0.0801695702264249,-0.0618754037180875,-0.133855814323721
-0.122745526826731,-Inf,-0.0735131890166221,-0.0618754037180875,-0.105178782512233
-0.104005119883869,-Inf,-0.0697935343593584,-0.0541617559955238,-0.0908893914877345
-0.0912044791104279,-Inf,-2.04214875203376,-0.0726279318527126,-0.0805042502880813
-0.0826685426900504,-Inf,-0.894788021784835,-0.0632828294996471,0.110008055384649
-0.0762173204972235,-Inf,-0.109264621140479,-0.0627855950527947,-0.473077656518062
-0.0721820408920161,-Inf,-0.091368540388995,-0.0624462363253544,-0.117344292200643
-0.0688906864465471,-Inf,-0.0831065737565868,-0.0715212244869873,-0.0999982781988297
-0.0665819101571249,-Inf,-0.0799134584628421,-0.0621366031904045,-0.0869019917675606
-0.0647345995602167,-Inf,-0.0735756124386643,-0.0620653256014445,-0.0791261179545941
-0.0635465467525954,-Inf,-0.0808043356608722,-0.0620111997741368,-0.0736165913558495
-0.0626178393626225,-Inf,-0.0650235547591167,-0.0457317426864647,-0.070329672605958
-0.0622389242584871,-Inf,-0.0622686701239662,-0.0670935057334286,-0.0676692711485407
-0.0620552792343238,-Inf,-0.0621484189758298,-0.0669302930435922,-0.0641957212318988
-0.0618754037180876,-Inf,-0.0620725514554167,-0.5655058769407,0.195108259701532
-0.060199580264142,-Inf,-0.0620140376846036,-0.0638727093630348,-0.139305113711827
0.164899402928457,-Inf,-0.0619714294465913,-0.0538734126216322,-0.131107459064683
-0.129226260598008,-Inf,-0.672966657890868,-0.16441758873789,-0.0939431661389156
-0.102228547465779,-Inf,-0.0219901144793105,-0.0644609534934133,-0.0824519657037673
-0.0888316211320132,-Inf,-0.0744998485584223,-0.0465089891603269,-0.0758221802542746
-0.0791520650615739,-Inf,-0.0691063816434034,-0.068397069396186,-0.408699399742984
-0.0736862067433587,-Inf,-0.0665675161872796,-0.390594455254645,-0.0716349610213413
-1.3993988047568,-Inf,-0.180994523344745,-0.0653412815023277,-0.0689101434721301
-0.0842518090207231,-Inf,-0.0641115487876547,-0.0778346598308619,-0.627578767471698
0.0207397221626526,-Inf,-0.0633816705168093,-0.791810632646399,0.169765682486367
-0.102987617312044,-Inf,-0.0629718108173255,-0.0639699602780174,-0.135005552897168
-0.087443259491302,-Inf,0.0837218007666463,-0.0633398213001494,-0.106139175088856
0.0669430675841022,-Inf,-0.106793696640436,-1.70951358142995,-0.0911934757448043
-0.115793918228682,-Inf,-0.0883550921789272,-0.065510840454326,0.14864797849807
-0.0943296179278083,-Inf,-0.0793566108585464,-0.0643214374004192,-0.140021846473279
-0.083312220683289,-Inf,-0.0729928686978489,-0.0633942189364402,-0.110256341322801
-0.0754094829761785,-Inf,-0.0694087215856505,-0.0627726317118446,0.15347368096694
-0.0711155726153464,-Inf,-0.0657377620675086,-0.0639958893967653,-0.15300320152703
-0.0682434034530956,-Inf,-0.0659477408295795,-0.0620931851970389,-0.119654398076736
-0.0664959600679685,-Inf,-0.0647390078693061,-0.0618754037180875,-0.781855798285958
-0.0651225263170806,-Inf,-0.0638361083959834,-0.0618754037180875,-0.123184692779411
-0.0640869443083588,-Inf,-0.063243485480263,-1.83735485128479,-0.0981041042151898
-0.0633565256480009,-Inf,-0.0627482982483263,-0.0618754037180875,-0.0894706925552863
-0.0627928503208205,-Inf,-0.0624408102411052,-0.0618754037180875,-0.0857585471148995
-0.171435134886381,-Inf,0.181388250902831,-0.0618754037180875,-0.0782733484187821
-0.0621696789179045,-Inf,-0.13348255171591,-0.0618754037180875,-0.0730674104474818
-0.062021320311168,-Inf,0.00815080796993428,-0.0618754037180875,-0.0693907533029613
-0.0618761893658115,-Inf,-0.123146327290103,-0.0618754037180875,-0.0612932599124473
-0.0618759024096936,-Inf,-0.100042955755258,-0.0618754037180875,0.120264808355062
-0.263945154828048,-Inf,-0.0878277753912738,-0.0618754037180875,-0.119956238964138
-0.0618755964893289,-Inf,-0.079051912336672,-0.0618754037180875,-0.096436548514572
-0.061875499078343,-Inf,-0.0740628202022062,-0.0618754037180875,-0.0845347075027841
-0.0618754037180875,-Inf,-0.0704149747767964,-0.0618754037180875,-0.0763503878840938
0.208123833240422,-Inf,-0.0679488488628113,-0.00594325256169025,-0.0717362352292172
-0.140396016852479,-Inf,-0.0662010575823123,-0.0793885185323616,-0.0685486351995828
-0.10933025241812,-Inf,-0.0629890528594896,-0.0718611942847482,-0.0667469416945764
-0.175040173043943,-Inf,-0.0643743567344171,-0.0684655042040345,-0.0530204098892742
-0.0841525566181466,-Inf,-0.063298809924322,0.170045011131003,-0.0681778840238495
-0.077169627719037,-Inf,-0.0627302298253471,-0.133717121366611,0.0767380834555597
-0.0722914247855516,-Inf,-0.0622177218598056,-0.105315700371411,-0.056094063850818
-0.0695160212114464,-Inf,0.0198457542378502,-0.0911125260661837,-0.106206779478203
-0.77170289908114,-Inf,-0.0873517044439872,-0.0807556723269725,-0.0900052910468358
-0.0695561404971263,-Inf,-2.12502368648362,-0.0748117152954717,-0.080112872398132
-0.0673037318933767,-Inf,-0.139296856954826,-0.0706870842783043,-0.0739270618530355
-0.507548889788216,-Inf,-0.113654742602322,-0.0682886526412652,-0.372165988444793
-0.0653634505946358,-Inf,-0.0983431431827135,-0.0664656058929109,-0.06976716011964
-0.0635867641837103,-Inf,-0.0871588073686604,-0.0650007436550077,-0.004689038429097
-0.0627230649458199,-Inf,-0.0797831344159304,-0.274236246269067,-0.0853447260297013
-0.0618754037180875,-Inf,-0.0757808832520032,-0.0635518308252452,-0.075935758662609
0.0605109197084161,-Inf,-0.0714908114858996,-0.0629588202970598,-0.393741705706045
-0.0993321182378571,-Inf,-0.0686635143852869,-0.0624059710361129,-0.0701489261623225
-0.0837683843354475,-Inf,-0.0792777767789864,0.172214056589939,-0.0671479542909616
-0.076276477518926,-Inf,-0.0783135731673205,0.0203039662934599,-0.0652786386441694
-0.0710073155522999,-Inf,-0.0632979741387778,0.0527654733751838,-0.064141285243124
-0.0680754697178581,-Inf,-0.0625870774968784,-0.16718421808366,0.145727094319048
-0.0577435628660451,-Inf,-0.0618915282739266,-0.130486062841686,-0.011324513559417
-0.0675637360480082,-Inf,-0.0618864680584111,-0.612533384467975,-0.131616307913271
0.102346362807232,-Inf,-0.0618831723706168,-0.114810396740708,-0.106624302697792
-0.114671476343312,-Inf,-0.0618803349153672,-0.0999433738135685,-0.0932094328012401
-0.0933576436261501,-Inf,-0.05002112976528,-0.0892428100271251,-0.51150442802852
0.0811576664889804,-Inf,-0.0656459895100167,-0.0818771054559841,-0.0826280318511072
-0.90227910694916,-Inf,-0.0640209693054281,-0.38422184462257,0.0602093532536552
0.0210921072658585,-Inf,0.130571680614737,-0.0752836994045316,-0.113314801936998
-0.16598449256419,-Inf,0.0474690943362025,-0.0709916271553295,-0.0936181202172805
-0.130731837294939,-Inf,-0.159697484117871,-1.02911211740997,-0.0832816921261086
-0.11050913299986,-Inf,-0.123429256107376,-0.0703745218545217,-0.0757271564338858
0.121029352962527,-Inf,-0.104562599844521,-0.0654550712143395,-0.0712025804869554
-0.146324766821645,-Inf,-0.0902716494082595,-0.0336431492561772,-0.0679574152636793
-0.115726461502611,-Inf,-0.081454164614642,-0.0712145930072884,-0.0660257043272895
-0.258215111677119,-Inf,-0.0756275274327547,-0.0672134199147345,-0.29726543450874
-0.0908171387793434,-Inf,-0.0719179929005244,-0.0653385582045034,-0.064077420642782
-0.0816046324539126,-Inf,-0.308442762793045,0.0905080721006817,0.12990763073898
-0.404946731164803,-Inf,-0.0681768321989254,-0.109976096648183,-0.120474011939794
-0.0328550067777207,-Inf,-0.0661685599014752,-0.0903743598717444,-0.378676715953712
-0.0835608708044056,-Inf,-0.0646189446474801,-0.0808012482304058,-0.0926464357527892
0.0555021393884915,-Inf,-0.0635078592185594,-0.0739816683802183,-0.0816016713802528
-0.109518340137021,-Inf,-0.0626797638553469,-0.0701216607802221,-0.306656003634424
-0.0904954889196929,-Inf,-0.0643722723561399,-0.067468314175813,-0.158663665568272
-0.0807582023910443,-Inf,0.163533977622347,0.121715580296649,-0.123397115959396
-0.0738020969360668,-Inf,-0.128452863217058,-0.120574988152555,-0.134648082321785
-0.069946957786215,-Inf,-0.101718272943165,-0.0970751696240861,-0.0908124295449282
-0.0658576247882608,-Inf,-0.0884826475081494,-0.0853837367886994,-0.089990592980616
-0.0661175436428581,-Inf,-0.0789181819377894,-0.0768908378569163,-0.0804045721617645
-0.0648510378738182,-Inf,-0.0735241172180146,0.0953808880625526,-0.0718242088690016
-0.0638947046001784,-Inf,-0.697987139118039,-0.118419705850642,-0.0686839389222038
-0.0632713758013631,-Inf,-0.0727527648446928,-0.096389459460424,-0.0664218627390831
-0.0627453140237778,-Inf,-0.648830845697501,-0.0850533916740037,-0.0576726458574728
-0.0624283513929204,-Inf,-0.0715710362247804,-0.0768744834443921,-0.0720416157750988
-0.0621394106270663,-Inf,0.153985195279831,-0.0721739848150101,-0.329742069994312
0.0690573905723036,-Inf,-0.131463392319458,-0.0687992789023142,0.155953579375136
-0.101884421539147,-Inf,-0.103928762280543,-0.0668553932001784,-0.127733195294732
-0.085310159984845,-Inf,-0.0895227979237009,0.134537532862842,-0.101208596227875
-0.0773104233785954,-Inf,-0.0795080462482208,-0.123417835003078,-0.0881400896290043
-0.85642617243531,-Inf,-0.0734944023721638,0.11029415072812,0.0879271647698361
-0.0765180784987395,-Inf,-0.0697635115543545,-0.159167015586476,-0.122356256825615
-0.0718413599639935,-Inf,-0.0782565142799932,-0.12305521851732,-0.0990141449844685
-0.0691813017006579,-Inf,-0.0660667600545396,0.124643785258727,-0.104316880398034
-0.0671312570646409,-Inf,-0.0647615245993872,-0.378200866546459,-0.0788540729804386
-0.0537370239469444,-Inf,-0.0639068900442483,-0.135558731121382,-0.3234972624608
-0.0561550735162083,-Inf,-0.0631672070205471,-0.113389285869449,-0.192898665622683
-0.0694017121836006,-Inf,-0.385393338654246,-0.0970189024309012,-0.06102606519233
-0.0664638682280775,-Inf,-0.1775085187325,-0.0867220043672856,-0.0727749698928085
-0.064660941911162,-Inf,-0.133914257255599,-0.0789411687826795,-0.0686904439694107
-0.0635984477551148,-Inf,-0.111101255758577,-0.0742400964883873,-0.0663785572838694
-0.062866878018331,-Inf,-0.0940074612068927,0.0748820734239297,-0.0645763020893317
-0.0625640351916383,-Inf,-0.084121814763511,0.115256630124055,-0.0636577799919705
0.200572715284845,-Inf,-0.0771156322447767,-0.153690153970196,-0.174785075716226
0.0884853503744476,-Inf,-0.0742099746085113,0.103021609556429,-0.0626043753470622
-0.162147571584421,-Inf,-0.0144407232384661,-0.160962442031389,-0.0622120584250244
-0.264732802975592,-Inf,-0.0846650181580322,-0.125218759556718,-0.0621081826263259
-0.11678869184159,-Inf,-0.07577926277585,-0.105601235393774,-0.0620338037812325
-0.0989359224584914,-Inf,-0.0709170305613109,-0.34392754751062,-0.0619764699276548
-0.0875628868565661,-Inf,-0.0676300651418802,-0.331299155938901,-0.0619358229378316
-0.0800746141460392,-Inf,0.177011383189465,-0.601936622193112,-0.0619050522026311
-0.0751937646174703,-Inf,-0.134998716374317,-0.091334706465474,-0.427794902880626
-0.0823291496277703,-Inf,-0.105944344042287,0.0389166414290269,-0.0784098790446787
-0.0685710987139815,-Inf,-0.0914968614749282,-0.112471305875746,-0.145749843140907
-0.325927442739258,-Inf,-0.0809506574494217,-0.0932765976391919,0.108330619494127
-0.0720599342522519,-Inf,-0.0749538020110354,-0.0820468275036156,-0.156582195903533
-0.0677730379390819,-Inf,-0.0843434406001124,-0.074436311199425,-0.121757953260864
-0.483661255659034,-Inf,-0.0684412321046892,-0.0648918540153655,0.0344762761318625
-0.0647169413154394,-Inf,0.158738356994167,-0.0682992815803519,-0.355423326955815
-0.345652232871243,-Inf,-0.371104635877527,-0.064829398619211,-0.116420868302692
-0.0502642333831836,-Inf,-0.392682202410266,-0.0650102789428408,-0.0997625987807403
0.0795071122080565,-Inf,-0.165295193029689,-0.0639598473667876,-0.0878077914066161
-0.109096936752455,-Inf,-0.131957694165867,-0.0633211177704625,-0.0801821706445846
-0.5408882630867,-Inf,-0.108621403546543,-0.0628019314279778,-0.0743338087982242
-0.0911617822547442,-Inf,-0.0933199294446102,-0.0760801746479006,-0.0707676442932925
-0.0807487561741137,-Inf,-0.0842269657114811,-0.0622154734390816,-0.0677622343884471
-0.0747844486406619,-Inf,-0.0777141037755483,-0.0620676820949832,-0.0657390315696548
-0.070646287789034,-Inf,-0.0731849724681448,-0.0619335330014256,-0.0641291829745075
-0.0682691645653423,-Inf,-0.0699608787765458,0.0346855220425868,-0.487308963569146
-0.0664231507280855,-Inf,-0.0672374362972961,-0.114986039304723,0.111995941166747
-0.132140548047714,-Inf,-0.0655000024250515,-0.0933120079195433,-0.114915837514394
-0.0642245937013506,-Inf,-0.0639219575255853,-0.082719204962764,-0.093234684695102
-0.323712311541061,-Inf,-0.0630659103202862,-0.0751599989128199,-0.0825123049250792
-0.0631138589954665,-Inf,-0.0622455181291356,-0.070926245901353,-0.53402547939395
-0.062399989546044,-Inf,-0.0620585428849182,-0.068006421558126,-0.0760930674608387
-0.0621902598331378,-Inf,-0.728576687470366,-0.172376157632095,-0.0715494340145717
-0.0618903071398098,-Inf,-0.0618754037180875,-0.0659807290612448,-0.0689671570758415
-0.0618850308124102,-Inf,-0.0618754037180875,-0.0646390435134638,-0.066976259833953
-0.0647045615099759,-Inf,-0.0618754037180875,-0.0638034469411377,-0.0653905720528535
-0.0490880318235045,-Inf,-0.0618754037180875,-0.0630995903744917,-0.0643509051361651
-0.0659427484737438,-Inf,-0.0618754037180875,0.130702059090092,-0.0634499180491329
-0.0641909288785687,-Inf,-0.0618754037180875,-0.149974234586804,-0.0628928975169638
-0.0633741264736446,-Inf,0.00124509548220305,-0.115527523360901,0.189871868228874
-0.0628158725494309,-Inf,-0.0815907118460766,-0.0980212977586792,-0.139530049750718
-0.0625095796514974,-Inf,-0.0732366856480842,-0.0852140638505095,-0.10873841245044
-0.0623019863290709,-Inf,-0.395664654427042,-0.0779134550523798,-0.0931750138215277
-0.4182410276227,-Inf,-0.0683546447984481,-0.0728043365745276,-0.418406050138093
-0.0621919993169795,-Inf,-0.0662646414444452,-0.0698950953129421,-0.0876920345059049
0.208999773514124,-Inf,0.108317182143393,-0.214678949764323,-0.0788300665201031
-0.140809820051455,-Inf,-0.109275537451118,-0.066486177805944,-0.0740533724714311
-0.109605537987223,-Inf,-0.0961326383522193,0.0243328679460331,-0.507636893577772
-0.093964015094171,-Inf,0.0344582499591845,-0.00756036368375011,-0.0710646487767331
-0.08251509239876,-Inf,-0.11173482112967,-0.163618961488376,-0.068325639803146
-0.0760206581585636,-Inf,-0.0927266479894652,-0.367360597682559,-0.0661052936100447
-0.0714900764335988,-Inf,-0.0184315281353846,-0.119440588602267,-0.0646682207300132
-0.0845874895194423,-Inf,-0.0950502426243557,-0.101003086507022,-0.0633707597725893
-0.0834272814489373,-Inf,-0.0827943759926952,-0.0890956826446344,-0.0794732173258932
-0.0654829236032477,-Inf,-0.526494669296762,-0.0814706288220918,-0.087242713896862
-0.0644161424705864,-Inf,-0.0767574632979162,-0.0762236650400125,-0.0619919553113709
-0.0634914978327413,-Inf,0.178128643964641,-0.0720171970308416,-0.0619324445549009
-0.0629198032649957,-Inf,-0.140991398366741,-0.0689878035464995,-0.0619036219306938
-0.062386890628765,-Inf,0.123706448101635,-0.221810412586823,-0.0618754037180876
-0.0621285232503697,-Inf,-0.158510968315253,-0.424134453694008,-0.0618754037180875
-0.595462609516689,-Inf,-0.122918296378502,-0.064736412732668,-0.0618754037180875
-1.33693084641661,-Inf,-0.103844105287888,-0.679400105472785,-0.0618754037180875
-0.136446838361106,-Inf,-0.153716822634817,-0.0625363736125185,-0.0618754037180875
-0.0618754037180876,-Inf,-0.0826612622200574,-0.0618754037180875,-0.0618754037180875
-0.0618754037180875,-Inf,-0.0763162141501805,-0.0618754037180875,-0.0618754037180875
-0.0618754037180875,-Inf,-0.0722687392962156,-0.0618754037180875,-0.0618754037180875
-0.0545068115845564,-Inf,-0.0692675354719759,-0.0618754037180875,0.177810720072023
-0.0642211882237251,-Inf,-0.477964541524691,-0.0618754037180875,-0.132317910817474
-0.0632087961266397,-Inf,-0.0670525627817958,-0.0618754037180875,-0.104165898391679
-0.0627376646045937,-Inf,-0.0649629161747492,-0.216988316020364,-0.444821635280229
-0.062416155328945,-Inf,-0.0637650539932397,-0.0618754037180876,-0.0878565145770007
-0.200423022170535,-Inf,-0.0626276995249312,-0.0618754037180874,-0.56034229300917
-0.0621568791884474,-Inf,-0.0622477593810059,-0.0618754037180875,-0.0816990865658717
-0.0620800721545089,-Inf,-0.0618754037180875,-0.0618754037180875,-0.076536981006226
-0.0620217455585068,-Inf,0.233849041417909,-0.0679167099812005,-0.574382923235221
-0.0619758315204141,-Inf,-0.650073010680058,-0.0618754037180875,-0.074044563483656
-0.0619459228831674,-Inf,-0.149043784063247,-0.063219839347164,-0.0705090704828566
-0.110163076916277,-Inf,-0.506462822296913,-0.0618754037180875,-0.0673945670985592
-0.982625870335994,-Inf,-0.121108423729156,-0.0618754037180875,0.162175424575245
-0.00853856441336632,-Inf,-0.103858924225486,-0.0618754037180875,-0.130470338954581
-0.0786199614539005,-Inf,-0.0911272342921303,-0.0618754037180875,-0.102954533900647
-0.071491856912553,-Inf,-0.083690326442073,-0.0618754037180875,-0.0888229299383408
-0.0681367484492256,-Inf,-0.0777677186294378,-0.0617720769952065,0.0658400415334038
-0.0658194188835766,-Inf,-0.0729282070111831,-0.0619083791718332,0.110846233647707
-0.0645415169657017,-Inf,-0.0697095354278055,-0.0618941136789005,-0.157528946126815
0.190812532393193,-Inf,-0.066880165135216,-0.318185627422734,-0.123472030168759
0.0842936321347032,-Inf,-0.0651187773474858,-0.0618851907624787,-0.506099857354044
-0.11823004207331,-Inf,-0.0634664282650477,-0.0618819978800205,-0.107505317271708
-0.142619769024039,-Inf,-0.0626633899142557,-0.0618798372641735,0.0238876268840994
-0.115876307503423,-Inf,-0.0618754037180875,-0.0618786266983251,-0.118246972900541
-0.0983047533397902,-Inf,-0.0618754037180875,-0.0618777078124548,-0.0983933754553867
-0.0871534741707412,-Inf,-0.0618754037180875,0.21904797024667,-0.0868584144630248
-0.0794679621192031,-Inf,-0.0618754037180875,-0.145178558507261,-0.0784284630617675
-0.0746086989960623,-Inf,-0.0618754037180875,-0.11127761211462,-0.0730749286372171
-0.070945077266572,-Inf,-0.0618754037180875,-0.0951355624861956,-0.0693258331170589
-0.0682376434105401,-Inf,-0.0618754037180875,-0.0832975743883398,-0.0669495229620662
-0.117112063204733,-Inf,-0.0618754037180875,-0.0765719185043594,-0.065109056339814
-0.0648425214008688,-Inf,0.0906422444412311,-0.610595533148513,-0.0638284770723545
-0.0636417475149448,-Inf,-0.108071829469697,-0.0744803483720528,-0.0630019969881601
-0.0627958024170989,-Inf,-0.171749282164512,-0.0709849970137975,-0.861066577466718
-0.0622163944038945,-Inf,-0.0814055200608156,-0.0681744904046485,-0.097802728679575
-0.0619279076623158,-Inf,-0.0743120964683425,-0.0663219971484255,-0.062422746798993
-0.0618754037180875,-Inf,-0.0703428054609147,-0.0647081798350994,0.0750138272816592
0.0936388055802074,-Inf,-0.067608956184052,-0.0637079192807347,-0.165614331867642
-0.108930799083787,-Inf,-0.0660641438675709,-0.0609052369203168,-0.0879716902013643
-1.82049209460877,-Inf,-0.278763343347025,-0.0629151948164765,-0.0791022320629206
-0.170011221198117,-Inf,-0.0739468523530137,-0.0622137774368119,-0.0728254305524653
-0.136133208394891,-Inf,-0.055172099012582,-0.988221201303819,0.13149233017711
-0.115209019847874,-Inf,-0.254726665477789,-1.61630964495374,-0.126067637847072
-0.0994026263342948,-Inf,-0.0646397716226771,0.00676344088977676,-0.100943656789697
-0.0591635889579183,-Inf,-0.0549305483307972,0.0133690220039238,-0.0881825620119343
-0.0918518066006345,-Inf,-0.183154751911739,-0.104243832658341,-0.0788688259630016
-0.0817633070710687,-Inf,-0.0641987322005233,-0.0877623675779191,-0.0735384257280413
-0.0757494827619754,-Inf,-0.0633941836054698,-0.0788220114971999,-0.0124780058044587
-0.0707520811479249,-Inf,-0.0537602487929575,-0.0729003270818077,0.0472454568221135
-0.0677148916702666,-Inf,-0.0654488968496249,-0.0693608622799506,-0.115269733756897
-0.0650438572906078,-Inf,-0.467498615636164,-0.0670631327162356,-0.094651337045648
-0.06370160178803,-Inf,-0.0639678998720026,-0.0656257177590028,-0.0835691406202609
-0.0624464262678881,-Inf,-0.803682948374965,-0.0645224028658228,0.164100054627112
-0.0622674110973747,-Inf,-0.0637807647128812,-0.063630869153452,-0.140457021204263
-0.0621507347969189,-Inf,-0.0631464630207925,-0.0631377546391965,-0.110236315628554
-0.0620502099478565,-Inf,-0.0627627750630234,-0.0626800434016789,-0.0947923503314984
-0.00959001059924054,-Inf,-0.0624774197063275,-0.0623576365942324,0.180471228405244
-0.0783551205479752,-Inf,-0.0622681690694941,-0.0621131601071322,-0.150972420770627
-0.0713438791892161,-Inf,-0.062140675011783,-0.0619651728190041,-0.117586451856082
-0.0680223525558803,-Inf,-0.0620277862038925,-0.0618775968716567,-0.100208839845868
-0.0899286038989422,-Inf,-0.0619737621919401,-0.0618769980348716,-0.673188796564742
-0.0645565435020169,-Inf,-0.0619235401140238,-0.0618765434865381,-0.0448640407438998
-0.063682092184782,-Inf,-0.0618992167280487,-0.0618761857939992,-0.0981049428324893
-0.0631908284741233,-Inf,-0.0618754037180876,-0.0618759528355824,-0.0860099882007822
-0.0628168542820086,-Inf,-0.0618754037180875,-0.0618757522715474,0.134246596468396
-0.0625219121751901,-Inf,-0.0618754037180875,-0.0618756286710944,-0.134524902382223
-0.0623295850796035,-Inf,-0.0446943977590607,-0.0618755138014924,-0.106671029108249
-0.048120370548011,-Inf,-0.0673266991495715,-0.0618754581742443,-0.0917005140169053
-0.06652035827006,-Inf,-1.85552343220442,-0.0603402960882025,-0.0691133601584132
-0.0645060392070876,-Inf,-0.0739913826795434,-0.062365075701101,-0.0786058323353856
-0.063564657281119,-Inf,-0.0695439089117651,-0.0621533384472515,0.168526514330681
-0.0629073746309432,-Inf,-0.0670754853534141,-0.0620549788004373,-0.139012722031028
-0.0625713042398116,-Inf,-0.0653868929912234,-0.061987958506767,-0.304470861450406
-0.124583390040969,-Inf,-0.0644358443245561,-0.0619512456486574,-0.101021143401062
-0.0622377340319795,-Inf,-0.0637098733465179,0.169238920013635,-0.0874025487496023
-0.062134511844803,-Inf,-0.0631361117752671,-0.130046247711723,-0.0793701890994064
-0.0620532348432443,-Inf,-0.0627615324218512,-0.103083747322497,-0.242883712031732
-0.0620002827695261,-Inf,-0.0623333778245951,0.201252965403628,-0.477545538351492
-0.0619546790092202,-Inf,-0.0622723020820144,-0.159962021526155,-0.0725979250151682
-0.483564182479023,-Inf,0.10049421707806,-0.123746339187296,-0.0689327833786156
-0.398833351638752,-Inf,0.0381697623576459,-0.104259930359972,-0.0818367315169938
-0.390967635161687,-Inf,-0.0151882813492681,-0.0901244138975165,-0.0651286426722354
-0.154547787010948,-Inf,-0.139440726174181,-0.0815938570707759,-0.241032516623617
-0.126652801152933,-Inf,-0.111871087425072,-0.0754091655030242,-0.0630913097713722
-0.104719439391976,-Inf,-0.0955124090549191,-0.0717616362663279,-0.062478611815212
-0.0792381422432248,-Inf,-0.0844464405942904,-2.13216121759123,-0.0618783776395266
-0.086337503912594,-Inf,-0.0776433202224311,-0.0999858216440474,-0.0618775656168839
-0.0793775346878153,-Inf,-0.0730787246488916,-0.0881024686065992,-0.0618769492486027
-0.066492667905947,-Inf,-0.069937693760788,-0.078420152424109,-0.0618764642164717
0.141735583658303,-Inf,-0.0675725594916782,-0.0716251405955864,0.157645107295049
-0.0152802782144294,-Inf,-0.0657652287922776,-0.0666814164431556,-0.126844575668668
-0.136824795333482,-Inf,-1.80642844438514,0.040825835869304,-0.100705401396401
-0.110342206096581,-Inf,-0.0709338591896924,-0.0942295924076953,-0.0877839765308579
-0.0937197952569477,-Inf,-0.0669479371742854,-0.0807088223361076,-0.0786113279766952
-0.0830192749590119,-Inf,-0.0640478476696568,-0.0742323061215787,0.117350776267391
-0.0760460074371647,-Inf,0.0364789884861783,-0.0696979411346165,-0.125568638799541
-0.0719294650284656,-Inf,-0.0924378261763205,-0.0671806236920355,-0.186084178014771
-0.933120441544701,-Inf,-0.0686025953510531,-0.0654582065382442,-0.0907498816902332
-0.233575880614646,-Inf,-0.0769430707014081,-0.0904629587931335,-0.0806529689124427
-0.0987442539104996,-Inf,-0.0594235840967609,-0.0638201457796028,-0.0748108800129142
-0.163282791857697,-Inf,-0.0718656924526973,-0.0632092224545521,-0.0705903826458726
-0.04916417821153,-Inf,-0.267988363101127,-0.0628122280139758,-0.219914227511949
-0.13146327536303,-Inf,-0.0672449176770146,-0.0624704406280707,-0.0669049170815403
-0.107583788194815,-Inf,-0.0538694273173985,-0.151845615546767,-0.0652482028515423
-0.0201338908547607,-Inf,-0.273053927211018,-0.212467624657546,-0.0640812987833613
-0.129698534809048,-Inf,-0.0666333641282768,-0.0619948868371707,-0.0632781283589794
-0.105261001440428,-Inf,-0.0650071439226222,-0.0618770255159601,-0.0627817541285208
-0.0917345868839321,-Inf,-0.0639120332596085,-0.0618765165490005,-0.108963774672312
-0.0815354203522671,-Inf,-0.307512593721651,-0.0618761850681921,-0.188552209559836
-0.075358344967364,-Inf,-0.0530307684203325,-0.0618758996817683,0.211321545896952
-0.0705398269846809,-Inf,-0.065623411608937,-0.0556386103632797,-0.141237728429059
-0.0678371003312969,-Inf,-0.0640808106187329,-0.0638619044778918,0.139845853587402
-0.0655377828224761,-Inf,-0.063291421412852,-0.0630042421343674,-0.377762841745904
-0.0643404328314279,-Inf,-0.062775276351978,-0.0627071383046422,-0.141074663596389
-0.0633984280976046,-Inf,0.114242997423257,-0.0623330882137524,-0.117260993194294
-0.0628925025882841,-Inf,0.0462928554049926,-0.0621838908604136,-0.0861981107158941
-0.0408040126893881,-Inf,-0.138915673370184,-0.0620828656080586,-0.512719246860417
-0.113736183202085,-Inf,-0.110750218076567,-0.0605473170416366,0.0729520203462983
-0.092520106441194,-Inf,-0.0943791996751628,-0.0624549054970714,-0.132643851451402
0.107503100371088,-Inf,-0.0834055141569598,-0.0622171524407159,-0.107289603882618
0.0448404646706842,-Inf,-0.0766320475345646,-0.0621003761129588,-0.0927294279850373
-0.151369717194442,-Inf,-0.0722429952748427,-0.0620168366800839,-0.134285088156157
-0.119850056301085,-Inf,-0.0694203691094783,-0.061969771205675,-0.0761142824186186
-0.101191619647682,-Inf,-0.0672113454929833,-0.0619349612772737,-0.0713223357333024
-0.0883309881757012,-Inf,-0.0655823202253655,-0.0619162820128233,-0.362618136243116
-0.0801239701226517,-Inf,-0.0643844708828208,-0.0619009447178799,-0.0673963915882569
-0.074667608113,-Inf,-0.0786474438997034,-0.0528577902994725,-0.065189237614672
-0.109265576816817,-Inf,-0.109812380630438,-0.0647623292608245,-0.0641996218851187
-0.0686707875562454,-Inf,-0.0900529790917719,-0.0658837524026561,-0.0822116351811681
-0.0664863634997792,-Inf,-0.0803473775631098,-0.0629403451973864,-0.0628310012959268
-0.064945790244734,-Inf,-0.0735189154688717,0.0184634376046934,-0.607037815885786
0.133217846378076,-Inf,-0.0697974688205012,-0.0874475348478207,-0.0622640033162504
-0.121582963108254,-Inf,-0.0672372308465415,-0.076725072260715,-0.0618754037180875
-0.0973326777267937,-Inf,-0.0657913113369297,-0.0716098884561738,-0.0618754037180875
-0.0853115155137481,-Inf,-0.0646842906814574,-0.565640413903628,-0.0618754037180875
-0.0767419355491227,-Inf,-0.0638073527204967,-0.0687585325804324,-0.0557626621958825
-0.0720179357366759,-Inf,-0.0632341123405496,-0.0665351832781448,0.158430745387182
-0.0687529065330216,-Inf,-0.0610343746388911,-2.75576867911675,-0.128536296941224
-0.0669048279947734,-Inf,-0.0630328321702885,-0.098226646927461,-0.101849059677098
-0.0654864091868427,-Inf,-0.418442263471614,-0.0874503111981806,-0.0886417247353013
-0.604969603385965,-Inf,-0.636397632217586,-0.0801496905832319,-0.0789900682675117
-0.0648798061393129,-Inf,-1.11951702509111,-0.0735257725980897,-0.0735735612499314
-0.0637871473434171,-Inf,-0.0625550789304803,-0.0694671509842221,-0.0698287027021197
-0.0631111674395946,-Inf,-0.0563870933301348,-0.0656116229086867,-0.0676953259755894
-0.0624806961177829,-Inf,-0.0641002518509863,-0.0637288133216243,-0.0660539881584225
0.191526056183848,-Inf,-0.0631888582388237,-0.0618754037180876,-0.0647538677129949
-0.140043700117694,-Inf,-0.0627343002061303,-0.0618754037180875,-0.063898119938453
-0.109103585118286,-Inf,-0.0624263339653586,-0.0618754037180875,-0.0631617831253382
-0.101771591861826,-Inf,-0.0622423053052373,-0.0618754037180875,-0.0627033666677386
-0.0914603105149952,-Inf,-0.0621202041011178,-0.0618754037180875,-0.330754242754501
-0.340733350946864,-Inf,-0.0620422563732573,-0.0618754037180875,-0.0621346973120375
-0.0199172267811234,-Inf,-0.0619896481015118,-0.938076246090483,-0.0618754037180874
-0.14505627011049,-Inf,-0.0619460106839281,-0.0618754037180875,-0.0618754037180874
-0.116280227626075,-Inf,-0.0620803892134119,-0.0618754037180875,-0.0536007270185575
-0.099711842662386,-Inf,-0.0619068796607078,-0.0618754037180875,-0.391115187352673
-0.0875871937619635,-Inf,-0.337046992660018,-0.0618754037180875,-0.0639515478390385
-0.0801135909968767,-Inf,-0.0618884939150959,-0.0618754037180875,-0.0632187995490707
-0.494800387599313,-Inf,0.109730690007346,-0.0618754037180875,-0.0627182205749236
-0.0752233635294749,-Inf,-0.123620945493662,-0.0628024297206996,-0.0624436598403575
0.073488139392704,-Inf,-0.134144961701758,-0.0618754037180875,-0.0622576469017402
-0.13179520350869,-Inf,-0.0872880635935806,-0.0607143932205772,-0.0621533672783538
-0.17162731618492,-Inf,-0.0781369156983378,-0.0622457925542805,-0.0620741654651303
-0.0919858225055796,-Inf,-0.0729827687519892,0.144420624893837,-0.0620118109662892
-0.0810956891806888,-Inf,-0.100454056385956,-0.117857855378432,-0.061971190139909
-0.207696709814769,-Inf,0.0886510707251622,-0.00338967867729657,-0.0619362090798102
-0.0720741320884165,-Inf,-0.11282405087226,-0.11548169627421,-0.0619146488580045
-0.069116549964547,-Inf,-0.0924311535427031,-0.0951121738218369,0.16069584827998
-0.0670661537599764,-Inf,-0.0822700093638066,0.127517532728916,-0.12769061955689
-0.0654425966173477,-Inf,-0.0049173634946693,-0.137529993394809,-0.101233471407943
-0.0630398135992804,-Inf,-0.107941303101694,-0.109258847599209,-0.521576148813502
-0.0639016502051907,-Inf,-0.0804940682614387,0.0368701249022858,-0.0880078149282914
-0.0631557221352255,-Inf,-0.0744713245895838,0.0202199919619252,-0.977731016477665
-0.0625488185558807,-Inf,-0.0700827547301106,-0.152141850326552,0.15227915895251
-0.0622344077943776,-Inf,0.174750189804221,-0.120911820080833,-0.152615530996738
-0.0620200704433165,-Inf,-0.457949329097067,-0.102174280793735,-0.120352611941578
-0.0619280089582407,-Inf,-0.660638224867159,-0.0890421985451405,-0.154272201764088
-0.211066540033949,-Inf,-0.136552356254457,-0.0805612101727209,-0.0831171703719547
-0.0619053011943712,-Inf,-0.111683111317283,0.152226274572411,-0.759553539580133
0.0685355993699549,-Inf,-0.0968280800601778,-0.140392996763036,-0.0901715043017516
-0.295017205785458,-Inf,-0.0857883732425005,-0.110343100140675,0.0311311751359684
-0.347131804788725,-Inf,-0.0795423692038132,-0.0946105030701832,-0.108460751610442
-0.086305867122752,-Inf,-0.074550057373465,0.0391454460037148,-0.0896945641208485
-0.0774250031217561,-Inf,-0.0706036106262681,-0.112438543738831,-0.0806723579363865
-0.0724893738740845,-Inf,0.0590612394519963,-0.093037645284133,0.0652826916245183
-0.0676667246430561,-Inf,-0.104220198256431,-0.0830680893376194,-0.111609425346553
-0.0675851222466755,-Inf,-0.0870064694700385,-0.0757940123128045,-0.0916905471668881
-0.0660399795849301,-Inf,-1.11511691341043,-0.150509019704892,-0.0817895505020079
-0.0646435758126839,-Inf,-0.0907292969426679,-0.0689033910719754,-0.0745091391351337
-0.0638110113273547,-Inf,-0.0806450287523141,-0.0667998587298804,-0.0705009045647175
-0.0631100662302098,-Inf,-0.0746959918870747,-0.0653072145910633,-0.0677487339651937
-0.0626749561278559,-Inf,-0.0712996030613051,-0.778283620823274,-0.0660714024116622
-0.440127932555845,-Inf,-0.0686675650599862,-0.258700171441068,-0.0648341807834414
-0.0621773412346009,-Inf,-0.0665628148750645,-0.193457556951056,0.13563546322693
-0.061900128174677,-Inf,-0.0651797436449028,-0.157110482521309,-0.122481163269396
-0.0618927638082191,-Inf,-0.0639785184818476,-0.126275430848933,-0.0979942300663816
-0.0618864232224424,-Inf,-0.0632350853637717,-0.107620536272697,-0.0980505101508361
-0.0618825156612594,-Inf,-0.0625414541598679,-0.0935637812437787,-0.781080940767519
-0.0618788840491358,-Inf,0.123007948549277,-0.0855577444008751,-0.0832781717778874
-0.0618771253756904,-Inf,-0.123788404621623,-0.0791558189634661,-0.0763629890737893
-0.0618754037180875,-Inf,-0.0987864890334447,-0.0739078112087357,-0.0725404890171853
-0.0618754037180875,-Inf,-0.0863893755627048,-0.0704109785162978,-0.0695701361603904
-0.0618754037180875,-Inf,-0.0776216165754182,-0.067331562031099,-0.0671897620329839
-0.0618754037180875,-Inf,-0.0726235116132092,-0.0654127044863836,-0.0598757030555005
-0.0618754037180875,-Inf,-0.0788591870450739,-0.0636111513456864,-0.0660835001703674
-0.0618754037180875,-Inf,-0.0672607226138937,-0.0627352740641112,-0.0644570132414105
-0.546055957151159,-Inf,-0.0657429529416944,-0.0618756489019366,-0.0633050280198206
-0.0618754037180874,-Inf,-0.0645378268341787,-0.0617973464442169,0.167695784834471
-0.0618754037180876,-Inf,-0.0637490743499829,-0.0619004428833526,-0.0351599133461403
-0.0618754037180875,-Inf,-0.0630666959726907,-0.061889604986447,-0.129419812922487
-0.819905463089416,-Inf,-0.0626450616345349,-0.0618845524968999,-0.104313802549127
-0.0618754037180875,-Inf,-0.0622524596179035,-0.0618811372314189,-0.0909825235813477
-0.572537430419353,-Inf,0.146805191960196,-0.0618792667420593,-0.0813488394764093
0.214677398194133,-Inf,-0.123919813849681,-0.0618780009936582,-0.07519150790265
-0.142166554266661,-Inf,-0.0988687820058936,-0.0618772918127191,-0.0852892663754428
-0.110473853499217,-Inf,-0.0865202393446877,0.178600899280882,-0.073054638740227
-0.0929567743416268,-Inf,-0.0776355293332829,-0.132531914878604,-0.0691871353304475
-0.0834168602973809,-Inf,-0.0726357292325426,-0.104301942300288,-0.0668732949719508
0.203574560564832,-Inf,-0.379380312223899,-0.0902701531058804,-0.0651380630012305
-0.151267200353879,-Inf,-0.0691654576337919,-0.0800901186132812,-0.0640056956561333
-0.956634966914369,-Inf,-0.0671197872168637,-0.0742364520353643,-0.0631381571800726
-0.152785421662888,-Inf,-0.0654899205401659,-0.0709844863407416,-0.0626042166958671
-0.124090871320891,-Inf,-0.0644210855408974,-0.0680976233597354,-0.0622064614409216
-0.106338647262083,-Inf,-0.0634946485378544,-0.196403303146243,-0.0620374666279864
-0.0926921884117672,-Inf,-0.0630905686544534,-0.0691759431650536,0.0143271082290468
-0.093048183216589,-Inf,-0.141248814762474,-0.136437771304292,-0.0856722424530823
0.128325449059814,-Inf,-0.130095568756655,-0.0635913524527392,-0.0756386399266105
-0.1326506189895,-Inf,0.149984858560109,-0.0629847833036392,-0.956412450467886
-0.105297702796918,-Inf,-0.158475572302617,-0.251077600997616,-0.0756760500035367
-0.0908835981463029,-Inf,-0.262218786513964,0.00947338665816951,-0.0712642189871293
-0.0881945840536306,-Inf,-0.109994278386641,-0.0842035621967272,-0.0690188327802313
-0.0742415510408564,-Inf,-0.0938413781265441,-0.264885197791071,-0.0665297399964298
0.16961513651792,-Inf,-0.0844730891234025,-0.29232165178554,-0.0652160882354408
-0.136910284468486,-Inf,-0.0776383200130736,-0.0699083490832654,-0.648894795571966
-0.107805999401422,-Inf,-0.415558168418632,-0.0673242886295213,-0.0650468852998402
-0.0928502489256664,-Inf,-0.242423991869197,-0.0655554786943521,-0.0637235266032809
-0.0819759749434927,-Inf,-0.182586298152154,-0.0645590712026835,-0.0630699799631883
-0.0755805350984012,-Inf,-0.148857904663344,-0.0637982022046555,-0.0827917920992841
-0.0711659981194719,-Inf,-0.120283053561937,-0.512486843917069,-0.0621709165996058
-1.17198151744076,-Inf,-0.102939614375624,-0.063331311427641,-0.0618754037180875
-0.0760776897721829,-Inf,-0.0896041376998098,-0.0628006446794325,-0.240007197160799
-0.0713595529844338,-Inf,-0.0822080218981311,-0.062472999907817,0.124986723052693
-0.0612619641252611,-Inf,-0.0761765436812167,-0.2076334752139,-0.117807176402748
-0.0684712351629787,-Inf,-0.0718080905403423,-0.120488865574659,-0.0950585219059867
-0.0659717793178761,-Inf,-0.412132084277953,-0.0966211964693192,-0.343808449549164
-0.0777068249002379,-Inf,-0.0682102312501459,0.103840127561542,-0.0801481964753889
-0.0631065915754083,-Inf,-0.0659852495194674,-0.131269538040794,-0.0743778614651264
-0.0622461517955588,-Inf,0.0206600114020261,-0.104943307223238,0.180077484225615
-0.0621247499361418,-Inf,-0.0890344567286177,-0.0909634178143097,-0.140414705701729
-0.0620567050742361,-Inf,-0.0770757233023501,-0.0811922523737444,-0.110150392144679
-0.0620050350521853,-Inf,-0.0718184355473293,-0.0752994623168902,-0.0945081964785276
-0.061964362600459,-Inf,-0.0681573987917276,-1.2773820764981,-0.0830965736446603
-0.0619378689391668,-Inf,-0.0661303152122867,-0.0843186681333588,-0.0763527356430338
-0.061915055652445,-Inf,-0.064746364748266,-0.077774559415166,-0.646986956517452
-0.0619009955176543,-Inf,-0.0639676358321963,-0.0676011651034237,0.145174984564779
-0.0618879276033604,-Inf,-0.0633738149514567,-0.0252146912764074,-0.134423343605705
-0.0618815991022992,-Inf,-0.0629048692827814,-0.0814224782217016,-0.106224120400468
-0.0618754037180875,-Inf,-0.062598853777462,-0.0731840212619721,-0.0919078291781075
-0.0618754037180875,-Inf,-0.325773198958817,-0.0688517076873907,-0.0811979562282332
-0.0618754037180875,-Inf,-0.0623010878995827,-0.066130579210299,-0.0750374971711062
-0.0618754037180875,-Inf,-0.0620868731675479,-0.064348018609907,-0.0705275635343182
-0.0618754037180875,-Inf,-0.0620888545800198,-0.0635507486890582,-0.0680276394120747
-0.0618754037180875,-Inf,0.103699970720953,-0.0630935400781458,-0.0660143963809274
-0.0618754037180875,-Inf,-0.111809487872692,-0.0627445602348329,-0.0746411703075862
-0.0618754037180875,-Inf,-0.0913569879039511,-0.0624732189728862,-0.0639013393106261
-0.0618754037180875,-Inf,-0.0813922806548898,-0.0607893691846178,-0.0631635026934264
-0.0618754037180875,-Inf,-0.0743037803428774,-0.0626196777460964,-0.0627076118415097
-0.0618754037180875,-Inf,-0.0703371094747151,-0.0625016309890331,-0.640980674093048
-0.0618754037180875,-Inf,-0.0676051138520673,-0.0621337428634209,-0.519017104930578
-0.0618754037180875,-Inf,-0.0660612310410221,-0.062024320966768,-0.0664996867508855
-0.0617540488053978,-Inf,-0.0648785576098106,-0.0619497167483069,-0.0718574112443192
-0.0619141324093571,-Inf,-0.0493640523577184,-0.0619253704772867,-0.0637723468123872
-0.0621308530786635,-Inf,-0.422235990817568,-0.0619117286386432,-0.0631555179329356
-0.513334746271334,-Inf,-0.0669478131926872,-0.0617836899926349,-0.0627369984348906
0.0164196770459696,-Inf,-0.0651649505017782,-0.0457838850611161,-0.134171090767211
-0.0862167139085304,-Inf,-0.0638258438558544,-1.08630401177146,-0.0623570614210614
-0.0790796309094997,-Inf,-0.0631171673761081,-0.0700471558553955,-0.0622060371463415
-0.0711062638040759,-Inf,-0.0625726723386396,-0.0671889812809656,-0.062107615934403
-1.01959217439164,-Inf,-0.0623825887423635,-0.0652190016282794,-0.0620228288156937
-0.0636090673344356,-Inf,-0.0622381448011496,-0.0641332248842772,-0.0619705619535384
0.0968761948842703,-Inf,-0.0621243819857203,-0.0641141666176386,-0.0619219738142067
0.0922420946070445,-Inf,-0.0620502552963871,-0.0495405137361232,-0.0602986683953561
-0.154022460129903,-Inf,-0.0619864069317848,-0.0669300031204468,-0.0623856917132464
-0.120804412328905,-Inf,-0.0619470506329299,-0.0648482156061939,-0.0621650446467671
-0.101649064810941,-Inf,-0.0619104668450366,-0.0644873027907362,-0.63640452583238
-0.0881190906852926,-Inf,-0.371805517061237,-0.0631065755501601,-0.0620837286592167
-0.577916959431184,-Inf,-0.0618754037180875,-0.062698739154744,-0.0620157889689143
-0.0826798515381005,-Inf,-0.161546789116709,-0.0471338954416181,0.000386112690271989
-0.0770534891874487,-Inf,-0.0732526217495451,-0.0670830327342174,-0.0814227461083239
-0.0725268813139871,-Inf,-0.178627469850759,-0.487092503414844,-0.0731482001286826
-0.0692994582094448,-Inf,-0.141675263361657,-0.0648479189192708,-0.0692272180682262
0.219471883396428,-Inf,-0.115863077115711,-0.0637611631193561,-0.0665129234306577
-1.26409741106713,-Inf,0.0300316608365019,-0.0631412726149672,-0.0650112375388995
-0.230169523993063,-Inf,-0.124814725644952,-0.0627244655112914,-0.0639888948287839
-0.186863364199249,-Inf,-1.18502041044567,-0.0624763742594899,-0.0634123441755561
-0.117628485734243,-Inf,-0.14953968925482,-0.0622976737346615,-0.0629745710647226
-0.131880197835865,-Inf,-0.12395597898917,-0.0621535666627895,-0.0626287282080502
-0.110724332735429,-Inf,-0.106731667506078,-0.0620707558613694,-0.0624046729953858
-0.0404810839488916,-Inf,-0.0927522454201903,-0.0619994236401908,-0.0622115037264682
-0.105561912042023,-Inf,-0.0836931582619085,-0.0619554531118351,-0.0620923793205901
-0.0906648121022539,-Inf,-0.0760119183726816,-0.0619145791609474,-0.0619816004269384
-0.0819144190148679,-Inf,-0.0706518822154011,-0.0618947836268936,-0.522010185286544
-0.107788807126565,-Inf,-0.0667013641083906,-0.685854439006035,-0.0618754037180874
-0.0708309948208989,-Inf,-0.0646411075720768,-0.0618754037180874,-0.0618754037180875
-0.0670106232479065,-Inf,-0.0636644630901324,0.103150232998665,0.244390771471582
-0.0650276755617319,-Inf,-0.0627528016508763,-1.73593040512537,-0.149826652065596
-0.0632156307791829,-Inf,-0.0623099825215255,-0.220787447614365,-0.115446699277175
-0.0627877278306117,-Inf,-0.270249749534994,-0.179821875188821,-0.93997632787183
-0.0624883691129938,-Inf,0.0735710461883684,-0.143575593846911,-0.116973835789286
-0.0622556233719571,-Inf,-0.10314367235197,-0.120943454645725,-0.100787570056772
-0.062100223925581,-Inf,-0.086070252280964,-0.103645959371272,-0.0889156212397449
-0.0619854405394348,-Inf,-0.077821280532058,-0.0933745613245137,-0.0820016555894213
-0.0619298413031514,-Inf,-0.071999729927158,-0.085018099647243,-0.076515950220638
-0.0618754037180876,-Inf,-0.0687549828373305,-0.078070850176947,-0.0720467629475204
-0.0618754037180875,-Inf,-0.06652757447267,-0.124863935244672,-1.61020995164444
-0.0618754037180875,-Inf,-0.0652709379996843,-0.71650460231295,-0.0862493599700708
-0.0618754037180875,-Inf,-0.0643099364800857,-0.0715473240406642,-0.0359746039470288
-0.0618754037180875,-Inf,0.165770826910624,-0.0666427799080472,-0.0828679739111048
-0.0618754037180875,-Inf,-0.130725923973622,-0.0642421624606903,-0.0735367021103609
-0.0618754037180875,-Inf,-0.103101980077517,-0.0618754037180875,-0.0672528567198075
-0.0618754037180875,-Inf,-0.0894386072366707,-0.0618754037180875,-0.0652796815293401
-0.0618754037180875,-Inf,-0.0794830445111636,-0.0618754037180875,-0.0641909066533124
-0.0618754037180875,-Inf,-0.485111966561489,-0.0618754037180875,-0.0634441348294612
-0.0618754037180875,-Inf,-0.0740848155325948,-0.0618754037180875,0.109389821389352
-0.0618754037180875,-Inf,-0.0708455560957326,-0.0617911851513229,-0.0201546753186973
-0.0618754037180875,-Inf,0.0568087639370519,-0.092048429719576,-0.120215086698614
-0.0618754037180875,-Inf,-0.104227332599738,-0.0618911204130985,-0.098993586332305
-0.0618754037180875,-Inf,-0.0872931158433845,-0.0618855561655859,-0.224855991088108
-0.0618754037180875,-Inf,-0.0786108166315158,-0.0618817662328877,0.0906338901188423
-0.0618754037180875,-Inf,-0.0725439138884874,-0.0618796905416652,-0.124604156618432
-0.0624276518924918,-Inf,-0.0688974979626917,-0.0618782859332072,-0.100856108453175
-0.061758325846031,-Inf,-0.110650322653973,0.0851065412677614,0.0793039389852408
-0.0619127675071829,-Inf,-0.0651831479779222,-0.10648213208161,-0.127975512266142
-0.0618966036518147,-Inf,-0.0642468137503157,0.0529809774085145,-0.103236769965103
-0.331090208828295,-Inf,-0.0635058540008803,-0.453362228611306,-0.0898137056179789
-0.0618866373044084,-Inf,-0.06302177856013,-0.112721774125376,-0.0804035673993799
-0.0618829725176151,-Inf,-0.0626037496081058,-0.0965683810022851,-0.0745952204664641
-0.0618804925601891,-Inf,-0.0623457527477937,-0.0847205607099522,-0.0704336213301167
-0.0618791030699129,-Inf,-0.0621056551644829,-0.0779440824480571,0.0552677387593692
-0.0569765480027431,-Inf,-0.0619893243021917,-0.0730476651362135,-0.103388335786308
-0.384177767288474,-Inf,-0.0618754037180875,-0.0699230130287422,-0.0866474539108973
-0.832586202011457,-Inf,-0.0618754037180875,-0.213494367217357,-0.0863633063922868
0.168427990196369,-Inf,-0.0618754037180875,-0.0663634420650184,-0.0723243811905677
-0.134705706215394,-Inf,-0.0618754037180875,-0.0649622597567805,-0.0688510780158249
-0.036551754673677,-Inf,-0.0618754037180875,-0.0637131603470815,0.167799106407714
-0.112279852130471,-Inf,-0.0618754037180875,0.114168409382417,0.0362528669025525
-0.0932752437938615,-Inf,0.249292539876897,-0.115478205886227,-0.151534318511309
-0.0832743809582102,-Inf,-0.764147546024883,-0.273452785569444,-0.290660923377703
-0.0761330692729101,-Inf,-0.483009449446983,-0.085580481528007,-0.108209071847108
-0.0720571396809924,-Inf,-0.16301241875285,-0.0783330896660526,-0.093025497845882
-0.0690237007550176,-Inf,-0.130901598693047,-0.0716008850461664,-0.0833825842471218
-2.1237373046048,-Inf,-0.111222896975899,-0.0699283583794867,-0.0770397402849023
-0.0898487806980145,-Inf,-0.653399500333468,0.187080146140941,0.177873926313536
-0.0805119482663041,-Inf,-0.108175314729213,-0.139817754690552,-0.1355711376681
-0.0742998667851255,-Inf,-0.0958950670006429,-0.109380123939991,-0.111513315890026
-0.274784784850118,-Inf,0.00673311317220306,0.169701381480746,-0.0965655791791478
-0.06673608504753,-Inf,-0.106667988731955,-0.155826012087687,-0.084285295750481
-0.0632037947908732,-Inf,-0.0893379329614895,-0.121308670177271,-0.0770071450379096
-0.559901338922329,-Inf,-0.080098069298079,-0.102455130316928,-0.0719438872800898
-0.0618754037180875,-Inf,-0.0724471809626538,-0.0889700424232473,-0.0689731053724023
-0.0618754037180875,-Inf,-0.0684392473616308,0.0523609860360279,-0.0668415258915404
-0.0618754037180875,-Inf,-0.0651525843808863,0.0682685693665371,-0.0501593529682798
-0.0618754037180875,-Inf,-0.0642645109680224,-0.145425587560553,0.208857934577446
-0.0618754037180875,-Inf,-0.0635868668318993,-0.115412408270103,-0.14453554575473
-0.0618754037180875,-Inf,-0.0630514555111107,-1.28688745025155,-0.522449356142722
-0.0618754037180875,-Inf,-0.0627019694684505,-0.142629124551956,-0.27309968648186
-0.0618754037180875,-Inf,-0.0624004224863421,-0.119568171663247,-0.209442765090261
-0.0618754037180875,-Inf,-0.0622143920329608,-0.102886915728024,-0.171338836872043
-0.0618754037180875,-Inf,-0.273039523467015,-0.00408156733380415,-0.138874060727562
-0.0618754037180875,-Inf,-0.0619767815137096,-0.109000479370173,0.0111183870529787
-0.0618754037180875,-Inf,-0.0618754037180875,-0.0915901011845015,-0.138838497487487
-0.0618754037180875,-Inf,-0.0618754037180875,-0.0820407219668502,-0.114160145531042
-0.0618754037180875,-Inf,-0.0618754037180875,-0.0676563066294872,-0.0990600846443493
-0.0618754037180875,-Inf,-0.0618754037180875,-0.0724796618007729,-0.0868338778646546
-0.0119741534355192,-Inf,-0.0618754037180875,-0.0681473044977975,-0.0829942514805065
-0.0775324348110765,-Inf,-0.0618754037180875,-0.0657026313957203,-0.0729245322071203
-0.0708690559162277,-Inf,-0.0618754037180875,0.0225616106437204,-0.0885962549515283
-0.0677282175583428,-Inf,-0.620462141840566,-0.0901154856265987,-0.0660820236180383
-0.0655608557253222,-Inf,-0.0618754037180874,-0.0784419638328954,-0.0644810381164466
-0.0643661904260067,-Inf,-0.0618754037180874,-0.0727347195246852,-0.0631851125001277
-0.0635535549605324,-Inf,-0.0618754037180874,-0.0687658306051477,-0.0627076345420702
-0.0630971065224984,-Inf,-0.0618754037180874,-0.0558633378154428,-0.0624128852091268
-0.0627497070740055,-Inf,-0.0618754037180874,-0.0683194581181775,-0.0621385318882099
-0.0624757671527906,-Inf,0.0633844327241915,-0.0120726146134115,0.092417090330321
-0.0622971509757208,-Inf,-0.100173670343857,-0.081554210452281,-0.182212874761183
-0.0621432008519246,-Inf,-0.370489626238477,-0.0734170676794859,-0.10728406325342
-0.062048275414977,-Inf,-0.0815493462502936,-0.0694800592595168,0.0545624410583967
-0.0619600113976725,-Inf,-0.0730141631663188,-0.0666968783224254,-0.075360837461599
-0.0619172601636262,-Inf,-0.0708424602513339,-0.0651426141472683,0.0171480876778566
-0.0618754037180874,-Inf,-0.067902572225538,-0.0640339853296981,-0.157555290407524
-0.0618754037180875,-Inf,-0.0662589860311415,-0.061902505157866,-0.123624002643201
-0.0630091666065441,-Inf,-0.0650063524316149,-0.229252458445759,-0.193295245034306
-0.0618754037180875,-Inf,-0.0640281562598956,-0.0630355835692409,-0.0930768769562239
-0.0618754037180875,-Inf,-0.0633875856936339,-0.27263860497783,-0.0838752610654699
-0.0618754037180875,-Inf,0.159288428614634,-0.0624874566267707,-0.0771499643168763
-0.0618754037180875,-Inf,-0.128091929447534,-0.0622712794284911,-0.0728458374358632
0.019184679660467,-Inf,-0.101452154093356,-0.0620827736456928,-0.0694933330008128
-0.0870388478626494,-Inf,-0.0882591715723225,-0.0618959732009144,-0.0669685408930445
-0.0764392217080669,-Inf,-0.0786872317400294,-0.0619449205044936,-0.140254352806276
0.166233395770213,-Inf,-0.0733638135405363,-0.0619193539560217,-0.0640549381102719
-0.171551950618848,-Inf,-0.0696735552039829,-0.0619052567081372,-0.0631963929075029
-0.130602587195798,-Inf,0.226219133091917,-0.061894260100862,-0.0624410323479149
-1.11035414311393,-Inf,-0.149938271024553,-0.061887779487113,-0.0621268138198482
-0.148614942089067,-Inf,-0.115937126973135,-0.0618823546135908,-0.0618754037180876
-1.06231605881873,-Inf,-0.0985583182856052,-0.0618796057257902,-0.235381085907293
-0.180900689139633,-Inf,-0.0855841652918794,-0.247172783499862,-0.231900792430024
-0.141704250450244,-Inf,-1.79362964835236,-0.0618768145571685,-0.0618754037180875
-0.140499301536078,-Inf,-0.124311497225191,-0.0618763943084189,0.186188986016126
-0.118740765767152,-Inf,0.00614453791656276,-0.063157595971006,-0.134483076901969
-0.102941721067825,-Inf,-0.129114042900562,-0.061875810046732,-0.105622602937904
-0.0886000673242521,-Inf,-0.106142844234317,-0.0632224047629484,-0.0911845756035585
-0.0790241096725702,-Inf,-0.0928911457247532,-0.0618755022138672,-0.0806912976587181
-0.0705607472197456,-Inf,-0.0819528617768351,-0.343048758761043,-0.300575878565627
-0.066357543030658,-Inf,-0.0753209315061206,-0.0692650439639906,-0.0795000826577034
-0.0622293654781384,-Inf,-0.0697052476678705,-0.0660925164521178,-0.0713504051272418
-0.0621175613990814,-Inf,-0.366242872582424,-0.582529977232522,-0.0677250714151842
-0.06204546437155,-Inf,0.0626338028126881,-0.0647589907538242,-0.0659092445702444
-0.0619833650262406,-Inf,-0.102785274394512,-0.0638229451472924,-0.0647173957324284
-0.0619450870635951,-Inf,-0.0861203221348188,-0.0631869501465439,-0.0636836617729735
-0.0619095058482673,-Inf,-0.0778391306084521,-0.062829913765874,0.210944900298497
-0.0618922738188164,-Inf,-0.072028184159507,-0.463582679663304,-0.141917285999811
0.0516647802492698,-Inf,-0.0686658328475495,-1.46043256769515,-0.122962966852788
-0.0967306410190864,-Inf,-0.0664154705343904,-0.0638677031690984,-0.402316947785011
0.0330582969265493,-Inf,-0.0650842648341492,-0.0631420818086431,-0.0993655959586769
-0.109562306790742,-Inf,-0.0641757262567975,0.211215391831037,-0.63255300871329
-0.0907352806473972,-Inf,-0.0580368076117258,-0.000478319203532705,0.068683316751032
-0.0811971035352694,-Inf,-0.0647098209397435,-0.148874444519886,-0.128325274284937
-0.0744311959607142,-Inf,-0.0635619664923871,-0.118445875996775,-0.104393494759067
-0.0706254493792194,-Inf,0.0988563519003491,-0.45513540013851,-0.0908790668633997
-0.0679191822500902,-Inf,-0.111288112400022,-0.0982303772764329,-0.220818243215429
-0.0662111636830564,-Inf,-0.0910603658419684,-0.0871081200265545,-0.0769259911186203
0.0822067736100847,-Inf,-0.0811306436026916,-0.0799660843222788,-0.0720110582441673
-0.108412350319018,-Inf,-0.0741514629616846,-0.111795342662977,0.158749514354007
-0.0895034148628407,-Inf,-0.0702374746072404,-0.0715847620710063,-0.132791818693968
-0.168562859828054,-Inf,-0.0675383808461765,-0.0686773567943628,-0.104493704594522
-0.0745110050731924,-Inf,-0.0660107856125607,-0.0664266907353926,-0.0905062212993584
0.0553444193692759,-Inf,-0.064838767080016,-0.705962707629663,-0.0802488766121202
-0.105504209036712,-Inf,-0.0639127304894038,-0.0650141243970006,-0.0672515992577936
-0.0882840111488112,-Inf,-0.0633045176779664,-0.0634226110807758,-0.0724944622001286
-0.0795809279084044,-Inf,-0.0627823608840572,-0.0622899679681428,-0.0692214914071768
-0.0733006612967527,-Inf,-0.0624583625204732,-0.0618754037180875,-0.0669536573857915
-0.0697027586471745,-Inf,-0.0621608053217938,0.0699985662340683,-0.0653240734398411
-0.0671210633307016,-Inf,-0.0620166165451685,0.00344444627005483,-0.0642886990272908
-0.0656346878101512,-Inf,-0.29526768790773,-0.840878455986197,-0.336708242793875
-0.0644438317635195,-Inf,-0.0619200051336252,-0.170608134805119,-0.0639158224126269
-0.0635884381935316,-Inf,-0.061900710370324,-0.137758122405543,-0.0629827002147588
-0.0629833811533133,-Inf,-0.0618917510790169,-0.11449577775623,-0.273309803380101
-0.062579331817872,-Inf,-0.0489311848095297,-0.0989161506641425,-0.146270875592029
0.00870281541530975,-Inf,-0.0666720672502889,-0.0886679426693944,-0.544660015974458
-0.0842139165172522,-Inf,-0.0646079009949427,-0.0816337222710377,-0.0621058660680818
-0.0747596001212006,-Inf,-0.0636448327788003,0.0627143359535384,0.0609954174814172
-0.0702179980761019,-Inf,-0.0629861863613076,-0.124342524798989,-0.0996099313168103
-0.0671393442468634,-Inf,-0.0626245295628487,-0.100072080714105,-0.083935622143613
0.227307677717226,-Inf,-0.0623794362202828,-0.0873098899399441,-0.0763915422543582
-0.148290487209881,-Inf,-0.524856687176455,-0.0778968376446836,-0.0710814576642097
-0.114772247938683,-Inf,0.180990187149722,-0.0723778384600004,-0.0681255064479469
-0.244547696715253,-Inf,0.0220474753479395,-0.0674278084665408,-0.066096776199289
-0.0887854607242616,-Inf,0.0984109915715017,-0.068620383398625,-0.0649535535010804
-0.0804495587707241,-Inf,0.0584381047005365,-0.0653975257827349,0.179078316417344
-0.912906158136428,-Inf,-0.197179849064843,-0.064291272680986,-0.134527693360508
-0.284437977634942,-Inf,-0.153500839922239,-0.0635653112606151,-0.105751532596803
-0.218277305479149,-Inf,-1.08700450305279,-0.0629527497032936,-0.0912656820453496
-0.178618627758207,-Inf,-0.181945181552585,-0.0625728151835649,-0.0807559721956331
-0.143852843717305,-Inf,-0.153165492156163,-0.0622256800911053,-0.0747251728569245
-0.120632197375501,-Inf,-0.130603064516406,-0.0620546629641873,-0.0705728285025768
-0.103173906729351,-Inf,-0.114116134880052,-0.061888633058427,-0.0681729732048735
-0.107717354766272,-Inf,-0.0998935338573746,-0.0618846925084401,0.224266600035329
-0.0833709832888479,-Inf,-0.0886044821156535,-0.0618812998389994,-0.517842881287756
-0.0758590914287959,-Inf,-0.244894780331179,-0.0618792090344394,-0.139621608082273
-0.0718119229581066,-Inf,-0.0749815893812979,-0.0618772658994516,-0.0614015109033731
-0.0682342762024726,-Inf,-0.0690871624370429,-0.0618763249048315,-0.112559070187779
-0.066000957507934,-Inf,-0.0651536709042614,-0.0618754037180875,-0.0953610230693429
-0.0639005586785852,-Inf,-0.0629960580596203,-0.365163049658645,-0.0846467156502092
-0.0628787586609791,-Inf,-0.0618754037180876,-0.0618754037180876,-0.0778365955323918
-0.0618754693360125,-Inf,-0.0618754037180874,-0.0618754037180875,-0.0732629945822507
-0.0618754361780201,-Inf,-0.0618754037180875,-0.0618754037180875,-0.0696181336203448
-0.0618754037180876,-Inf,-0.213306107952199,-0.0533623777311598,-0.067506292195019
-0.0618754037180875,-Inf,-0.0618754037180875,-0.0645844612183534,-0.0655820745657064
-0.0618754037180875,-Inf,-0.0618754037180875,0.16878642941477,-0.0643180916557349
-0.0618754037180875,-Inf,-0.0618754037180875,-0.131141450259969,-0.793119934174689
-0.0618754037180875,-Inf,-0.0618754037180875,-0.103471780758839,-0.0634181972840636
-0.168686903040107,-Inf,-0.0618754037180875,-0.0897107601060681,-0.0623170675971448
-0.0618754037180875,-Inf,-0.0618754037180875,-0.0797407818493698,-0.11818112114694
-0.191322287457282,-Inf,0.139939381733337,-0.0741089932361164,-0.0619907110012887
-0.0618754037180875,-Inf,-0.121971174236518,-0.34870629886717,-0.0618781860992137
-0.0618754037180875,-Inf,-0.103647548017881,-0.624130007409421,-0.37329827416991
-0.0618754037180875,-Inf,-0.0858287450849087,-0.159140078312381,-0.0618770968345378
0.130716884630265,-Inf,-0.0771846025870547,-0.130606741646149,-0.0618764964401554
0.0545981528987573,-Inf,-0.300846105757189,-0.108123590084772,-0.0618759384548538
-0.144392810902338,-Inf,-0.0707898163452376,-0.0940344795672824,-0.0618756682422319
-0.114362431339517,-Inf,-0.0684059872671165,-0.0839799953648453,-0.0617735033957034
-0.263864986005307,-Inf,-0.0665703581005761,-0.0776263040012269,-0.0619079239694362
-0.089456267239178,-Inf,-0.0651097407348387,-0.0730073915743777,-0.67262487435298
-0.0808800782127025,-Inf,-0.0641525884348449,-0.0691478637658834,0.153618228623341
-0.0752789869695457,-Inf,-0.0633235458313369,-0.0670133883293439,-0.125759061833795
-0.0716645712389806,-Inf,-0.062811134974805,-0.0651504985705762,0.091623032504569
-0.239366363432997,-Inf,-0.0623336340377638,-0.0639948268968578,-0.141349522074358
-0.067612290823206,-Inf,-0.06210215913292,0.129076837731442,-0.0835488209990039
-0.0657650402381551,-Inf,-0.0618754037180875,-0.119690019186933,-0.110545880805775
-0.0643682419661678,-Inf,-0.0618754037180875,-0.095964191600356,-0.0931296093282641
-0.0633369858980871,-Inf,-0.0618754037180875,-0.0845296069943756,0.0680013739879604
-0.0625941033365772,-Inf,-0.0618754037180875,-0.552749880621293,-0.121142823097429
-0.0621154834461538,-Inf,0.0955221927056957,-0.570726541882147,-0.0990138930349019
0.132355278937798,-Inf,-0.109622699323237,0.068268593925994,-0.092141549510358
-0.119864936642635,-Inf,-0.0899262152796958,-0.118637403434498,-0.0785485738501997
-0.096336939992536,-Inf,-0.0804225014766266,0.0843290346575339,-0.073359880390333
-0.0847845242024168,-Inf,-0.0736765493595953,-0.137468272760904,-0.0694801806887665
-0.0748320231062607,-Inf,-0.0878067283601043,-0.109207069610082,-0.0672455455005796
-0.176005297249891,-Inf,-0.0674094907211403,-0.0939381616303411,-0.0653983737192066
-0.0697154762863128,-Inf,0.107196572211048,0.129273866573185,-0.0642186252453345
-0.0675857318055972,-Inf,0.0743639465595787,-0.26036104790578,-0.217955630133816
-0.0659580925147775,-Inf,-0.147467860295721,-0.168936024426561,-0.0629605289018533
-0.0646847576176286,-Inf,-0.11640153152921,-0.133409402007132,-0.0625426730583679
-0.80952652225758,-Inf,-0.0983596450260164,-0.110833704261328,-0.0622021021063185
-0.0645356491165201,-Inf,-0.0860370868583379,-0.0951421628873387,-0.0620370546215952
-0.0636028693543037,-Inf,-0.289421496702196,-0.084965983569738,-0.0618754037180875
-0.0627356341662737,-Inf,-0.265849694092737,0.0426183209076502,-0.0618754037180875
-0.0623111923631813,-Inf,-0.546066142886551,-0.110208477987694,0.084737590934644
-0.0618968350797704,-Inf,-1.18982453861425,-0.0915546401922225,-0.500585072268065
-1.34416958392929,-Inf,-0.039762354138563,-0.0818086880508383,-0.100920745074499
-0.0618998045853475,-Inf,-0.0991639209567103,-0.0746454397413444,-0.0879324532592184
-0.06197172073107,-Inf,-0.0851861168217721,-0.0704568504397026,0.206452095231741
-0.0618754037180876,-Inf,0.0112398616653492,-0.0674596155225478,-0.15362937454032
-0.0618754037180875,-Inf,-0.00400466665602748,-0.0656596308499466,-0.118977853145415
-0.0114790642726471,-Inf,-0.109207021352222,-0.0643238166995079,-0.101133901446263
-0.0776850966159493,-Inf,-0.0904937653223126,-0.0634381543413088,-0.0877429202405179
-0.0697401782136846,-Inf,-0.0807530386237769,-0.0629741153294696,-1.09586617329019
-0.0681699756558573,-Inf,-0.0743084895557114,-0.0625734396980354,-0.0961379935502445
-0.0658171815886302,-Inf,-0.0703455408471265,-0.0623261680587867,-0.087051624709086
-0.0645337937888043,-Inf,-0.0677918308480663,-0.062096064590734,-0.344937478989118
-0.063660134409975,-Inf,-0.0661301805896253,-0.0619845784298999,-0.0778199063591093
-0.0631699953167034,-Inf,-0.0648630572545993,0.067821390708733,-0.0729235543048933
-0.0627993262736457,-Inf,-0.0639109560399645,-0.101469745181421,-0.0684937253518048
-0.0625115430835621,-Inf,-0.0632374424899068,-0.0850575900270205,-0.0661701781223572
-0.0623226785103748,-Inf,-0.0627172628486244,-0.0771409598374645,-0.0639838426544037
-0.0621605157255409,-Inf,-0.0623709606000573,-0.0715623744710014,-0.0634704975305393
-0.0620602881506709,-Inf,-0.0621188032043072,-0.0808890737044901,-0.0618754037180875
-0.06196739005587,-Inf,-0.0619588659982787,-0.0663796502452826,-0.0618754037180875
-0.061921896759541,-Inf,-0.0618754037180875,-0.554780206752558,-0.0618754037180875
-0.0618774700717359,-Inf,-0.0618754037180875,-0.0657235179165092,-0.0618754037180875
-0.0618764259052474,-Inf,-0.0618754037180875,-0.0645244576247421,-0.0618754037180875
-0.0618754037180876,-Inf,0.135448068260366,-0.0637395799975939,-0.0618754037180875
-0.0618754037180876,-Inf,-0.120725157066543,-0.063060498479759,-0.0618754037180875
-0.0618754037180876,-Inf,-0.413893717800032,-0.0626409984912707,0.173494186764282
-0.0524731429898489,-Inf,-0.093974466360994,-0.388504327782436,-0.131152949254382
-0.0648665315181541,-Inf,0.018715505782816,-0.169304158816484,-0.103426755618507
-0.0635764841673627,-Inf,-0.0957795976788969,-0.128212449229953,-0.0896637862283543
-0.265102204867735,-Inf,-0.0925511575003864,-0.107190985965765,-0.0796921747070138
-0.780512940581732,-Inf,-0.0826804994680905,-0.0913579968252216,-0.0740611324941956
-0.144422039029398,-Inf,-0.075781612531015,-0.0822412682177832,-0.0701526458027204
-0.119586201007489,-Inf,-0.071354511239213,-0.0758051519352783,-0.0681018169989956
-0.0995942968695927,-Inf,-0.068402494419896,-0.0721248422027225,0.0933120187816134
-0.024940936497562,-Inf,-0.064924153117545,-0.0692675956797865,-0.112766282945958
-0.098905774234614,-Inf,-0.0654819468608703,-0.0669795034284187,-0.312409197551162
-0.0863511890528645,-Inf,-0.0641142701844905,0.197367123323645,-0.0870448699010132
0.0788046878991568,-Inf,-0.0633312955352053,-0.140406589300902,-0.368949171563665
-0.11974557745078,-Inf,-0.0626555760779213,-0.109492791190765,-0.0763827757171289
-0.0975426374805752,-Inf,-0.0623813090892368,-0.440647572179143,-0.161164464372423
-0.0856379137941665,-Inf,-0.0621459057314199,-0.0908179041951085,-0.0694206420302464
-0.0773121715418221,-Inf,-0.062020466405261,-0.0815366943567125,-0.0672059621035658
-0.0721445410643349,-Inf,-0.0619104413497263,-0.0753152030604436,-0.415011222944139
-0.0686974489142224,-Inf,0.178694911458373,-0.07176011276624,0.167681743369168
-0.0665237963981263,-Inf,-0.369658412230377,-0.0690022957776033,-0.132632933859648
-1.88628635466495,-Inf,-0.115998037760719,-0.209239756227644,-0.10453146466235
-0.075865839248571,-Inf,-0.0984608680643284,-0.0658763678873755,-0.0902102133341463
-0.0715129625567951,-Inf,-0.0855039698432069,-0.292045676096222,-0.0799589038973189
-0.0679429466437266,-Inf,-0.0781155625803529,-0.0639449299995929,-0.0740110838852712
-0.106898569604802,-Inf,-0.0729434879583619,-0.0628897135365898,-0.0570925789816035
-0.0651452404659262,-Inf,-0.0699989496578642,-0.0623775439695891,0.129772106353804
-0.0635968825693232,-Inf,-0.501747515267645,-0.427147567075095,0.00490450668733108
-0.0623796772167713,-Inf,-1.22337624401451,-0.412016203850654,-0.138774048143347
-0.0621915577819047,-Inf,0.105157922686722,-0.0618754037180875,-0.111465360938704
-0.0620884716945287,-Inf,-0.119546040509469,-0.0618754037180875,-0.0948185802917268
0.0821546146381927,-Inf,-0.100907377050763,-0.0618754037180875,-0.0838439915624596
-0.105764438621213,-Inf,-0.0870097826625607,0.129204351525844,-0.0768154778135707
-0.0876753957105152,-Inf,-0.0776129930732254,-0.107731336329711,-0.072371730973726
-0.0692920611593571,-Inf,-0.072608879487495,-0.364250179600617,-0.0693640316128298
-0.0756878746527445,-Inf,-0.0685275890904021,-0.0939457539938311,-0.43006539986407
-0.0709567007899723,-Inf,-0.0667252627145344,-0.0825665433458368,-0.0671620950438379
-0.0679801815565562,-Inf,-0.137606521125777,-0.075972482117774,-0.0654257411206184
-0.059967449226748,-Inf,-0.0578004202733765,-0.0714681073721051,0.204655101309501
-0.0669369167450674,-Inf,-0.0538052803660126,-0.0688626431402607,-0.887592509507207
-0.0651159921132726,-Inf,-0.199035065480637,-0.06690725722878,-0.165638656982311
-0.0641011464991199,-Inf,-0.109926939024815,-0.065354328455984,-0.13465974667598
-0.238243914854519,-Inf,-0.103478420325114,-0.0643207224721406,-0.110091727762713
-0.0629990987983167,-Inf,-0.0864113480084382,-0.0634439804601836,-0.0553626193663912
-0.0671654730454163,-Inf,-0.0779477620759653,-0.0628875797584563,-0.0973538097444462
-0.062269945855833,-Inf,-0.0721418267923224,-0.0623848433723677,-0.0772790496389635
-0.0620465519969238,-Inf,-0.0688890398477305,-0.0621272072247635,-0.0819797301173323
-0.0619848580551098,-Inf,-0.0666372204127702,-0.0618891714150007,-0.0752547758033254
-0.0619481352712455,-Inf,-0.0653374564858019,-0.0618754037180875,-0.0711914567694722
-0.0619153266223875,-Inf,-0.064349457367135,-0.492679680608705,-0.0679063403602743
-0.0619011704104139,-Inf,-0.0635678062948282,-0.0619310963943308,0.0354758478595572
-0.0618880131924522,-Inf,-0.063054162888671,-0.0619070037788444,-0.095291120592824
-0.0618816414423793,-Inf,-0.0626143101108454,-0.0618958165435118,-0.0813912504360069
0.131521086910712,-Inf,-0.0623438110924124,-0.0618881964941906,-0.0743491356916079
-0.119632385047645,-Inf,-0.0620982117254713,-0.0618840230566768,-0.0697850052377089
-0.0961923000208628,-Inf,-0.0619856409284356,-0.0618811988896295,-0.0672367636372992
-0.0846855880298397,-Inf,-0.0618754037180876,-0.0601463992818692,-0.0654665446923623
-0.0764402100506078,-Inf,-0.0618754037180875,-0.0606643136367041,-0.0644733681899181
0.0954708795941566,-Inf,-0.0618754037180875,-0.0609570714251927,-0.0637041317264182
-0.118275837892668,-Inf,-0.566750289236114,-0.0629720693385248,-0.0631291655980308
-0.0963411624663165,-Inf,-0.0618754037180875,-0.0625354089087201,-0.0627512090324535
-0.0851063203225495,-Inf,-0.0618754037180875,-0.0623015163632229,-0.253338809695647
-0.109805960396622,-Inf,-0.0618754037180875,-0.859365974885292,-0.119036261780963
-0.0725498576194849,-Inf,-0.343972610105834,-0.0622962363980804,-0.0957844871138452
-0.0690528922330208,-Inf,-0.0966638989466101,-0.0621693042327061,-0.0843707168121981
-1.04544087666084,-Inf,-0.0538964561578585,-0.0620852578708329,-0.0761604790632039
-0.0713411859425634,-Inf,-0.0644149661844403,-0.0620229252036607,-0.0716164635872741
-0.0682452583867336,-Inf,-0.0633191631034416,-0.0619757380393525,-0.0684784668035153
-0.0660488849802938,-Inf,-0.0628091201762842,-0.0619425038431414,-0.0667030195948757
-0.0559887962321893,-Inf,-0.0624610014764001,-0.0619163123387277,-0.0680593874736598
-0.300347599929599,-Inf,-0.0668441873626149,-0.0618987516101765,-0.166293975769196
-0.0648935156532222,-Inf,-0.0621421117649241,-0.0618853110766372,-0.126739864759746
-0.063668998788047,-Inf,0.0147225855071084,-1.05670342615669,-0.106105476788412
-0.466496795933494,-Inf,-0.0858803128416312,-0.268276717518552,-0.0906509083500527
-0.246761090581915,-Inf,-0.0757717296861043,-0.201216658061413,-0.0815761665497515
-0.184409934979481,-Inf,-0.0709607860935451,-0.163444420859538,0.166272673201926
-0.149903992690992,-Inf,-0.0676120333197876,-0.131222672446261,-0.140976684142286
-0.121327417552256,-Inf,-0.0657579694901468,-0.111466476597093,-0.111085322449308
-0.104027947170343,-Inf,-0.0644893900445729,-0.0966559504498699,-0.0951813741161163
-0.0865900063156024,-Inf,-1.82745736106531,-0.0879407361252074,-0.334102284928559
-0.00408114716426733,-Inf,-0.0698174862844317,-0.080934799039076,-0.0809145446809067
-0.10289951062258,-Inf,-0.0673617447585792,-0.0751667579217734,-0.0749002028680559
-0.0878151668100406,-Inf,-0.0657455813486017,-0.0713143326574496,-0.0710364334626603
-0.0795842937697021,-Inf,-0.0643397998440817,-0.0603888225500441,-0.068287491215078
-0.0731991670636898,-Inf,-0.0634691312358932,-0.068166893046246,-0.0660099028833753
-0.0762717988536708,-Inf,-0.0626562395135417,-0.0651571234502177,-0.0807366098218113
-0.0664513700464836,-Inf,-0.0622618937554163,-0.0637104760931317,-0.385951451844377
-0.0648489279832885,-Inf,-0.0618754037180876,0.212058113809345,-0.387614882941894
-0.0634478841048864,-Inf,-0.0618754037180875,-0.141885807623357,-0.0630167809136449
-0.0629567623742174,-Inf,-0.923187737541075,-0.110324164960512,-0.0624417704937171
0.103406079384862,-Inf,-0.0980081678505914,0.0641468795411079,-0.0618783528725345
-0.363329925037599,-Inf,-0.0623713449972895,-0.128607557569468,-0.0618772905928518
-0.100409647228327,-Inf,-0.0618754037180876,-1.14827005840755,-0.0618764805526847
-0.0875214449658944,-Inf,-0.0618754037180874,-0.272454015876867,-0.0618759330313531
-0.0988703310398802,-Inf,-0.0467271318040392,-0.130277992519402,-0.0538811284254626
-0.0732413576596914,-Inf,-0.0666850731466518,-0.111650226606171,-0.0644198802298822
-0.069590471898192,-Inf,-0.0646146154556778,-0.0970142620557829,-0.063321962353218
-0.0675214749882925,-Inf,-0.0636488151175695,-0.0878221021766614,-0.0628109326807595
-0.0796079235438785,-Inf,-0.108850246688886,-0.0800515218197738,-0.805514557565324
-0.0647065480332479,-Inf,-0.151608570946182,-0.0742881430237101,-0.0627070876800607
-0.0638680289764904,-Inf,-0.0624532866168365,-0.0698394565149561,-0.0624349675864652
-0.0631422892905964,-Inf,-1.47564299930699,0.0169438809216205,-0.0622823755019846
-0.0626938921018407,-Inf,0.105607480500013,-0.0893416582447902,-0.0621664468081639
-0.0622761848508805,-Inf,-0.122631815448408,0.0333790576881533,-0.129584424577967
0.19295517789159,-Inf,-0.10695640607985,0.0466191403856152,-0.0620254781397641
-0.136429037012349,-Inf,-0.0917259825377872,-0.131633922698712,0.0677297449297878
-0.106785605669216,-Inf,-0.0813244018750175,-0.105833998752537,-0.105951690605977
-0.0919958706390053,-Inf,-0.0750938625917828,-0.0911888137848977,-0.0876783909726743
0.174914608476544,-Inf,-0.0709692923918096,-0.081341629039863,-0.0789902017629524
-0.147766703836351,-Inf,-0.0684482884147065,-0.0763717606557787,-0.072741538760067
-0.115331208642343,-Inf,-0.0665694993120585,-0.0712281035348662,-0.250528490911506
-0.098650988737806,-Inf,-0.0651293806125797,-0.0686716201706032,-0.0678690319191094
-0.0861679401912281,-Inf,-0.0641236469130295,-0.066650364561694,-0.0662546835147557
-0.502199078249782,-Inf,-0.0633169050733145,-0.0651689396655459,-0.0650176768254758
-0.0794299802732065,-Inf,0.194661788002245,-0.064069252915367,-0.0640374216015477
-0.0746255182991031,-Inf,-0.137439549500891,0.0968541778256913,-0.0633962501645559
-0.0693877458736138,-Inf,-0.107378263537537,-0.018484381950376,0.0996879928979441
-0.0683535407782925,-Inf,-0.0923050144991494,-0.130524250797892,-0.111492179779798
-0.756880803733414,-Inf,0.163427598302899,-0.10990551860892,-0.0911168709315334
-0.0670037469222111,-Inf,-0.144957499202015,-0.0866548090768203,-0.0811858402845867
-0.0651925843026541,-Inf,-0.113526557929416,-0.0782955901181351,-0.0740801702936604
-0.0635469312019175,-Inf,-0.097388481305256,0.068414327809671,-0.374171791918073
-0.0627320711335945,-Inf,-0.0853363063279721,-0.112063493722297,-0.0695059229683195
-0.0619539741688582,-Inf,-0.0780542550285707,-0.092649516271807,-0.0674591899619462
-0.000306036263839607,-Inf,-0.0729948866218687,-0.0825660706041416,-0.065886415714911
-0.0811704625347239,-Inf,-0.150868188008223,-0.0108525178609031,0.146414601411351
-0.0729957644677085,-Inf,0.157165252693631,-0.0907545421705415,-0.126196301775596
-0.0691245957722453,-Inf,-0.13180705315838,-0.0795206366667314,-0.100414937347325
-0.0664456127832686,-Inf,-0.104234855758548,-0.0737499769073992,-0.0875832494210464
-0.0819491052401208,-Inf,-0.0900566142657824,-0.0696166580769455,-0.791335938484548
-0.0639923942778819,-Inf,-0.0799774312331366,-0.067031900807935,-0.0846638756033991
-0.0550402931576424,-Inf,-0.0740820055154004,-0.0653471587202961,-0.0772373789943799
-0.065636670755608,-Inf,-1.70797574592961,-0.972180220956613,-0.073083370219148
-0.874141989330611,-Inf,-0.0922745908027398,-0.0660355114367761,-0.0683787449969446
-0.0652776379787245,-Inf,-0.0841883747864018,-0.0644891164804691,-0.0680759069386973
0.0906820436877217,-Inf,-0.0774790955833127,-0.0635850366539562,-1.49585889267349
-0.109980993097567,-Inf,-0.0729785211302388,-0.0627657387491513,-0.0733862794112908
0.0132072159983531,-Inf,-0.068987630270726,-0.0609754572570865,-0.0693603787666843
-0.111253849774349,-Inf,-0.0664381610709632,-0.0626271437778014,-0.0656622865603577
-0.098031109159674,-Inf,-0.0641599396742259,-0.0622817183273413,-0.0650899670636531
-0.196899058795857,-Inf,-0.0630087188873648,-0.0620480172299033,-0.0629534742756593
-0.0769137654394024,-Inf,-0.0618817893251344,-0.0619835944930608,-0.062008276698428
-0.0724452682519519,-Inf,-0.0618794055506382,-0.0619483048124822,-0.0619666777114345
-0.069227032806699,-Inf,-0.0618780999972757,-0.0718059005000548,-0.0619392269842833
-0.00668567094005273,-Inf,-0.0618772165396714,-0.0619113922748434,-0.0619159445947897
-0.0843383502584545,-Inf,-0.0618767215514436,-0.0619011325015425,-0.0139366926764588
-0.0751924346498885,-Inf,-0.0618763458298066,-0.0618930584258627,-0.0769470432003797
-0.0706557248212102,-Inf,0.158580460956561,-0.595446195707207,0.0893867076193403
-0.067342309455469,-Inf,-0.127100214652649,-0.0618888194427219,-0.115218504750977
-0.0655031872367554,-Inf,-0.100866337191234,0.136404321931664,-0.0937649767751397
-0.362337170982319,-Inf,-0.0878949455000573,-0.589317682797126,0.0625171407460791
-0.0640354175142056,-Inf,-0.078533604077665,-0.118652594318834,-0.11842057150972
-0.0633213851585979,-Inf,-0.0732575339540281,-0.100340610365063,-0.09688077601754
-0.0628688040591527,-Inf,-0.069601528883493,-0.0899614094931833,-0.0854378297036772
-0.062573487738607,-Inf,-0.126791218008099,-0.0794846868448017,-0.113192284558402
-0.0623187667587443,-Inf,-0.066185777457894,-0.0738455882695839,-0.0731265121456694
-0.0621616502287572,-Inf,-0.0648438386880915,-0.0706476433769504,-0.069537815274695
-0.0620155116627804,-Inf,-0.0639649019974097,-0.0681797449538964,-0.0674116529774206
-0.0619447196932835,-Inf,-0.0632039852591139,-0.0662230883607366,-0.0657003771974503
-0.0618754037180875,-Inf,-0.0627337952163384,-0.0649373015512637,-0.064455942935713
0.11557580874361,-Inf,-0.0622957363113803,0.153786434001973,-0.0635378394326756
-0.11516334461928,-Inf,-0.124199136383713,-0.204900948251301,-0.0628915519835294
-0.093422167213167,-Inf,-0.271501304813355,-0.105046836435958,-0.0624393498056278
-0.0827954105842101,-Inf,-0.0726629914325835,-0.220285622622366,-0.0621514932763605
-0.583121142988701,-Inf,0.00468231741603375,-0.320213171900644,-0.0620120081210694
-0.0770225416235003,-Inf,-0.0826398482777204,-0.0796913655929829,-0.434725553854253
-0.0721899699638282,-Inf,0.202514699044167,0.103002573374415,0.203555086214707
-0.0694409314011424,-Inf,-0.148486589078004,-0.122932851383326,-0.142397008675875
-0.71486050694047,-Inf,-0.114974341062783,-0.0994618689170594,-0.110630293969875
-0.255292883952679,-Inf,-0.0978600532825022,-0.0871702409564227,-0.0946560071956886
-0.192259944376037,-Inf,-0.0852439385288845,-0.0783770230775783,-0.0830204150942346
-0.156056773018748,-Inf,-0.0780443599838864,-0.00537224565455713,-0.0683262240158893
-0.125861667284915,-Inf,-0.0729603108320843,-0.0901531217532082,-0.0742751061457431
-0.106774219106239,-Inf,-0.069966516471412,-0.0791672660781116,-0.0705662107681866
-0.0934791330831737,-Inf,-0.43093456592428,-0.073427594714326,-0.0679124323634489
0.0220454842972562,-Inf,-0.0676067239609189,-0.382233232326377,-0.0660985884916022
-0.118381718138474,-Inf,-0.0658913398026515,-0.362460274635269,-0.626485895031855
-0.0923330395481474,-Inf,-0.0643866590490152,-0.0680085145487282,-0.065194581329465
-0.0826838748209509,-Inf,-0.675050882600775,-0.0662063879314775,-0.0640512810824798
-0.0752043834823455,-Inf,-0.0632517390422813,0.213095514555268,-0.063024597831657
-0.0708122797054518,-Inf,-0.0625569514002062,-0.14395732998319,-0.0624858733576145
0.0384666023086005,-Inf,-0.0618754037180876,-0.61241693052082,-0.0620021698660818
-0.0977020660751353,-Inf,-0.0618754037180874,-0.117804218810401,0.112841566214225
-0.0828210569613292,-Inf,-0.0618754037180875,-0.0986102300334449,-0.11446100036911
-0.272950919476391,-Inf,-0.0618754037180875,-0.0872776352156268,-0.0929853771946831
-0.0726953414896057,-Inf,-0.0618754037180875,-0.486939167924276,-1.32698002810636
-0.0691865135633454,-Inf,-1.32154951651561,-0.0810317418173471,-0.108228530293404
-0.0668013972397838,-Inf,-0.0618754037180876,-0.0757986396913964,-0.0943629938809688
0.164835014079129,-Inf,-0.0618754037180874,-0.0715425087920046,-0.0843267523781431
-0.131830289857188,-Inf,-0.0618754037180875,-0.0687192251057887,-0.078518306483784
-0.104044073027893,-Inf,-0.0618754037180875,-0.0662439589226678,-0.0739454185039975
0.0218629962689224,-Inf,-0.0618754037180875,-0.0647049927634995,-0.0702425798700104
-0.121208801136861,-Inf,-0.0618754037180875,-0.0632630194276642,-0.0684552375738132
0.1244139009208,-Inf,-0.0618754037180875,-0.0625625431332229,-0.0759746323264496
-0.149243358813346,-Inf,-0.0618754037180875,-0.0618754037180875,0.162196321140654
-0.360451615499272,-Inf,-0.0618754037180875,-0.0553241515447804,-0.129791399494943
-0.10939441443559,-Inf,-0.0618754037180875,-0.063961569581461,-0.102486465738189
-0.0783496852875586,-Inf,-0.0618754037180875,-0.0677224511259896,-0.0886601976926855
-0.160286101028637,-Inf,-0.0619764891168107,-0.0626455678181979,-0.0790344328467352
-0.125216828129073,-Inf,-0.0618754037180875,-0.0623583622654829,-0.0736047300456319
-0.0215323946739823,-Inf,-0.0618754037180875,-0.0622009328892424,-0.0698395645546313
-0.116130015970561,-Inf,-0.0618754037180875,-0.0620943297296637,-0.0677050283295477
-0.0970471218085906,-Inf,-0.0618754037180875,-0.0620345821501778,-0.0660638959412347
-0.0367902285329947,-Inf,-0.0618754037180875,-0.0619892148967896,-0.0647596049449518
-0.225837410579565,-Inf,-0.0618754037180875,0.217454581985261,-0.0639054635281193
0.097341238367182,-Inf,-0.0618754037180875,0.0810490308765602,-0.132209406477314
0.040486031667646,-Inf,-0.060117110432975,-0.169820950928375,-0.0627689470484287
-0.145608285114761,-Inf,-0.671548657117902,-0.132324631422676,-0.361828934404633
-0.119304968672252,-Inf,-0.0624608387268767,-0.109571591189721,-0.062065351792437
-0.101448694116497,-Inf,-0.0606892199078569,-0.295203619750832,-0.0619080181687439
0.124438254772701,-Inf,-0.0626113850716618,0.0249746520910206,-0.365343342350129
-0.140505593414987,-Inf,0.13153048818024,-0.169867795941561,-0.0932393629093642
-0.111276168417527,-Inf,-0.120012012094264,-0.13497412284774,-0.080118958925874
-0.0959141113227187,-Inf,-0.0964538400357768,-0.114347014317668,-0.0738397009651353
-0.0844006689476745,-Inf,-0.0848724303635662,0.0295093333404004,-0.0694472982037132
-0.0773913832215275,-Inf,-0.0765682076302779,-0.122422480711616,-0.0670098186828705
0.0943915303862804,-Inf,0.0676718953539652,-0.100600560937364,-0.0653425124752743
-0.118813273751368,-Inf,-0.110507674915229,-0.0884686624081814,-0.0644032810904819
-0.0964731183466606,-Inf,-0.0915717972151442,-0.0793514566408455,-0.0636864695018979
-0.0848911846344426,-Inf,-0.0818608540745762,-0.0736072289722193,0.13327821402021
-0.436080318438033,-Inf,-0.0748085778200172,-0.497778088897631,-0.0585789925938829
-0.0760779039596768,-Inf,-0.061461606993094,-0.0701627419729538,-0.1152957343199
-0.0714867383947009,-Inf,-0.0707401040967428,-0.0674227157026167,-0.0962998649170908
-0.0686475267196589,-Inf,-0.0678046494982376,-0.0653435134763784,-0.0842605429413956
-0.0666209158355586,-Inf,-0.242596928275513,0.105416546140635,-0.0768370590684761
-0.064952821679647,-Inf,-0.0649973241064405,-0.113907884827897,-0.0946231886333586
-0.0640418171324408,-Inf,-2.71864584558712,-0.397645775363238,-1.00407161896249
-0.0632529775246851,-Inf,-0.0807381250840369,-0.0895682564086636,-0.0764356658379265
-0.564997888557483,-Inf,-0.0746899950946768,-0.0795670483094842,-0.0720855504694991
-0.0565472924388913,-Inf,-0.0691158452169456,-0.0738146459803418,-0.069013144863374
-0.0641568366986451,-Inf,-0.0660308034792519,-0.0699835319839012,-0.0665973424369729
-0.0629704259261784,-Inf,-0.0632711516739043,-0.220910826187446,-0.0468323318860892
-0.0625833794401727,-Inf,-0.0627623690168648,0.107517381068228,-0.0836425602425861
-0.0623193423841613,-Inf,-0.0624482603078389,-0.11732490243609,-0.0743372370502701
0.169112528808356,-Inf,-0.062155857428335,-0.095182514858896,-0.0702985403662696
-0.198352216681345,-Inf,-0.0620141678816606,-0.0839702928509267,-0.0666914356706019
-0.105817844278318,-Inf,-0.0618754037180875,-0.0760022727796188,-0.0651317677221034
-0.0913324515098778,-Inf,-0.0618754037180875,-0.0713329595068229,-0.064070058833338
0.144754724648298,-Inf,-0.0618754037180875,-0.0682020478360674,-0.0634698106511969
-0.139528553226903,-Inf,-0.0618754037180875,-0.376263022791451,-0.0630149666677238
-0.109992572563562,-Inf,-0.0618754037180875,-0.124465705241462,0.220624724503116
-0.167228323811684,-Inf,-0.0618754037180875,-0.099782528116277,-0.144326867795279
-0.0853729998021464,-Inf,-0.0618754037180875,-0.0873387830527186,-0.82844181261635
-0.0780392479149256,-Inf,-0.0618754037180875,0.0349482135254592,0.031696823592387
-0.0729850871070888,-Inf,-0.0618754037180875,-0.106870384688256,-0.160943911745363
-0.0698175697671091,-Inf,-0.0618754037180875,-0.0892724390133021,-0.0203504232333191
-0.0674900152334012,-Inf,-0.0618754037180875,-0.0804436222525331,-0.13750973116943
-0.0655590001400449,-Inf,-0.0618754037180875,-0.0739702103254749,-0.112384162731922
-0.232365239129708,-Inf,-0.0618754037180875,-0.0701511533420333,-0.0974467836679105
-0.0635811880520684,-Inf,-0.0618754037180875,-0.0675503130069791,-0.0860872959676292
-0.0629778469375605,-Inf,-0.0618754037180875,-0.065863898236928,-0.0791534876339584
-0.182183553128026,-Inf,-0.0618754037180875,-0.0646611120437752,-0.073670151137891
-0.0620682490429142,-Inf,-0.0618754037180875,-0.0636532855203625,-0.070079574038973
-0.313467643855488,-Inf,-0.0618754037180875,-0.0630542861634593,-0.0671895680841511
-0.061900637811218,-Inf,-0.0618754037180875,-0.0625164158262775,-0.678238324930837
-0.0618917042069723,-Inf,-0.0618754037180875,-0.0672806147940682,-0.0653038899176762
-0.0629556922107021,-Inf,-0.0618754037180875,-0.0620790372825345,0.120872589482298
-0.0435043603789288,-Inf,-0.0618754037180875,-0.0619761526751289,-0.11820858921213
0.0921037503877882,-Inf,-0.0618754037180875,-0.0618754037180875,-0.095081689590581
-0.165497894718742,-Inf,0.158369630058131,-0.0618754037180875,-0.0838707289134751
-0.196686112884216,-Inf,-0.12704203316391,-0.0618754037180875,-0.075794110544645
-0.110474039711656,-Inf,-0.100829675030893,-0.0618754037180875,-0.0713636952821529
-0.0944688704273904,-Inf,-0.0878696734986628,-0.0618754037180875,-0.0683057567524236
-0.128222091493343,-Inf,-0.0785170998234158,-0.0618754037180875,-0.066576043615741
-0.0796093990511569,-Inf,-0.0732461133204079,-0.342394660504834,-0.0652494574398646
-0.248774307844212,-Inf,-0.0695937309300874,-0.429317261332466,-0.0641971822804566
-0.296335498230723,-Inf,-0.0755198361825852,-0.0618754037180875,-0.0507285717699096
-0.078111017123087,-Inf,-0.0659657498112018,-0.0618754037180875,-0.0669656664641634
-0.0695721516025233,-Inf,-0.0646917876232731,-0.0618754037180875,0.19757471623766
-0.0658674881089629,-Inf,-0.0677853263723003,-0.382484297548677,-0.139973962782117
-0.44765734394866,-Inf,-0.063140620454209,-0.488064232540081,-0.264737779619679
-0.0635728660883449,-Inf,-0.837019078231909,-0.0618754037180874,-0.0989848417756572
-0.0624524188659694,-Inf,-0.0627438063504002,-0.0618754037180874,-0.0858849579321888
-0.0618754037180875,-Inf,0.23824567575815,-0.0618754037180874,-0.078408217493712
-0.0618754037180875,-Inf,-0.148357262265022,-0.463222456877515,-0.0731614035572369
-0.0618754037180875,-Inf,-0.114487424556621,0.150031327154071,-0.0701503490214204
-0.507345303501043,-Inf,-0.785609193430606,-0.124756240560884,-0.0678311808695783
-0.0618754037180874,-Inf,-0.301787316159966,-0.0993931321564514,-0.0659764914941428
-0.0618754037180874,-Inf,-0.236151195307085,-0.0868806591073025,-0.0647606146772208
-0.0618754037180874,-Inf,-0.194484690561669,-0.0778708230409321,-0.556162036427201
-0.0618754037180874,-Inf,-0.158833355513228,0.0621199820748516,-0.309393155726507
-0.0618754037180874,-Inf,-0.353861979435815,-0.109735702108752,-0.0631103943244136
-0.0618754037180874,-Inf,-0.127141132223656,-0.0768144018607507,-0.0624897240465683
0.0818269186603498,-Inf,-0.111628229430637,-0.0860117701828644,-0.0618896706271317
-0.105534239024945,-Inf,-0.0978087373318191,-0.557171678541688,-0.0618843447861143
-0.0875211241171801,-Inf,-0.0868981277840351,-0.0788767544658417,-0.0689589099312663
0.097041479910572,-Inf,-0.0784477101107573,0.201068774665397,-0.0618794827985433
-0.124211427627911,-Inf,-0.0720905028110107,-0.148173772682013,0.189484262092658
-0.10010628984173,-Inf,-0.0674956367129116,-0.115119604447718,-0.135452623880149
-0.0946532238452606,-Inf,-0.0646372842240548,-0.0979645874015301,-0.0464072497437367
-0.0711080432766808,-Inf,-0.0632444783193491,-0.0710699116109621,-0.109035875707066
-0.0760729245759383,-Inf,-0.0618754037180875,-0.082214948060312,-0.178642550983611
-0.0713037617546471,-Inf,-0.0618754037180875,-0.578169620164247,-0.0838141566526137
-0.0686254491337453,-Inf,-0.0618754037180875,-0.0775367481103226,0.176509597932404
-0.452057156825574,-Inf,-0.0618754037180875,-0.0728172191212645,-0.144671823572589
-0.0665553375201585,-Inf,-0.0608624933260867,-0.0691910150385999,-0.113327376644074
-0.0649999418674189,-Inf,-0.0621985615358547,-0.0669933583343409,-0.0969352132238768
-0.0638496646783567,-Inf,-0.062058802116889,0.154997734686041,-0.0848745617986145
-0.685785281035372,-Inf,-0.0619938891626938,-0.128902102327285,-0.0776002845234934
-0.0630293366303653,-Inf,-0.0619496648088903,-0.356727572350758,-0.0725732198052123
-0.0625015438872827,-Inf,-0.061925440896036,-0.185965983096337,-0.680978974039285
-0.0619931865195832,-Inf,-0.0619090471432254,-0.141886827040285,-0.0716996799148854
0.000197367184138934,-Inf,-0.0618998615284264,-0.117934912036264,-0.112074692623663
0.171809057751612,-Inf,-0.0618928888172693,-0.671912898584218,-0.385714799863056
-0.145284650934222,-Inf,-0.0618874016491799,-0.110008953176259,-0.0658863734588041
-0.113256509923186,-Inf,-0.0618838278833844,-0.0963051183491021,-0.324134291116959
-0.0963990184422453,-Inf,-0.0618807510087659,-0.0871385284381946,-0.063526715279401
-0.0843341520572168,-Inf,-0.0618788548215799,-0.0802190521911649,-0.0626932851271032
-0.077292572300426,-Inf,-0.061877092560307,-0.0743270197995884,-0.0618754037180875
-0.0724837876008438,-Inf,-0.0618762391570484,-0.0704765253769152,-0.0551677452666527
-0.069641035777046,-Inf,-0.0618754037180875,-0.0669828101311461,-0.0640112614408939
-0.0674344125576127,-Inf,0.211683911734706,-0.0649867372862954,-0.0630892693985438
-0.0659608185588998,-Inf,-0.141332986403217,-0.0621217186140457,-0.062660293331125
-0.0645498447632566,-Inf,-0.109933702439497,-0.0627785702893658,-0.0623676023155984
-0.063580131403163,-Inf,-0.0941937221027764,-0.0620493255955925,-0.0622071635384478
-0.0629449165719183,-Inf,-0.0826746998146736,-0.0619877659327136,-0.062098521150251
-0.0623997377203529,-Inf,-0.0761370832062921,-0.0619458267062554,-0.352488608215634
-0.551620081613609,-Inf,0.149717021715303,-0.0619228546272176,-0.0620304900458823
-1.21301889022903,-Inf,-0.133413776650676,-0.061907308148394,-0.06198183325228
-0.0618754037180875,-Inf,-0.573228566850267,-0.061898597293964,-0.054470658194206
-0.0618754037180875,-Inf,-0.109580755625731,-0.0618919849871931,-0.0643035982417256
0.0528472190412682,-Inf,-0.0933827500129153,-0.0618867814500916,-0.0632594163440284
0.0535150440158449,-Inf,-0.0835264262165437,-0.0618833924157867,-0.0627656551723009
-0.125993281088904,-Inf,-0.0766330247668266,-0.0618804745912281,-0.0624317483304724
-0.101693449802548,-Inf,-0.0723547522285397,-0.0618786764229163,-0.0622454359863026
-0.088217579834894,-Inf,-0.0692580610387289,-0.0618770052583963,-0.0621242683704064
-0.0791307792946588,-Inf,-0.0666989446157703,-0.0618761959703587,-0.0843254155933152
-0.0736636183472141,-Inf,-0.0636088753249224,-0.0618754037180875,-0.0620076983044003
-0.0700869915772418,-Inf,-0.0645693514552402,-0.0618754037180875,-0.813581649604447
-0.0678539999163491,-Inf,-0.0635762523232241,-0.0618754037180875,-0.0620105829490344
-0.0661142975709889,-Inf,-0.0627562744436437,-0.0618754037180875,-0.0619612184563955
-0.0648162979270479,-Inf,-0.0623373107896558,-0.0618754037180875,-0.06193079160846
-0.00209361749131101,-Inf,-0.0619581540288822,0.140061610131781,-0.0619025095484074
-0.0824110226155967,-Inf,-0.684750710755611,-0.122005027344461,-0.0618888127249284
-0.0737542953055622,-Inf,-0.0619508103013738,0.163849183364644,-0.0618754037180875
-0.0695081681610662,-Inf,-0.0619293148888896,-0.407446591747013,-0.0618754037180875
-0.066593466057763,-Inf,-1.41086437981462,-0.139747585786303,-0.0618754037180875
-0.0649748922182273,-Inf,-0.0619755001547427,-0.116114909418011,-0.0618754037180875
-0.0639647291251963,-Inf,-0.0619389453074436,-0.0980140704594752,-0.0618754037180875
-0.063396984357358,-Inf,-0.0619164149728182,-0.0874512602894212,-0.0618754037180875
-0.0629645929396444,-Inf,0.0196566336723252,-0.337847285454451,-0.0620656777318722
-0.062623459803235,-Inf,-0.0871967001034299,-0.078717121333694,-0.0618754037180875
-0.0624009691717816,-Inf,-0.0765270209310969,-0.106777935072599,-0.0618754037180875
-0.403737298546448,-Inf,-0.0714551381137491,-0.0704281081995319,-0.0618754037180875
-0.0621785845293345,-Inf,-0.067926067642092,0.0889412134063836,-0.0618754037180875
-0.062023802299452,-Inf,-0.0659728334376931,-0.112510300901811,-0.0618754037180875
-0.535415141992897,-Inf,-0.0646397402741679,-0.602744404436015,-0.0618754037180875
-0.147140999423998,-Inf,0.136682051362586,-0.0945072760211203,-0.646507511711151
-0.113695160621983,-Inf,-0.122879669056085,0.153462755764511,-0.0618754037180875
-0.0968352657584586,-Inf,-0.0982970619600502,-0.142989589370675,0.105333991205379
-0.129103552951222,-Inf,-0.0862533226601364,-0.1436681664736,-0.169410298275422
-0.0780730369750938,-Inf,-0.0774652076305885,-0.0976668050908423,-0.12845763674418
-0.0729151182483031,-Inf,-0.0725056428804889,-0.0855571382473196,-0.107368112687583
-0.0699779271877508,-Inf,-0.0690364300270131,-0.0782127579031192,-2.06151573878729
-0.0677083548682959,-Inf,-0.0670821162360802,-0.0731105451180131,-0.223716126107104
-0.0658975747687376,-Inf,-0.0672179475713395,-0.0699061015736385,-0.164287349157812
-0.0647091797011904,-Inf,-0.0644204773484347,-0.0675520318590762,-0.161545493489542
-0.063678323359459,-Inf,-0.0636662737308715,-0.491853532355092,-0.146622600793312
-0.0630407184258985,-Inf,0.142925693815839,-0.0657422443616784,-0.123924958418825
-0.0624461593525414,-Inf,-0.123748349836208,-0.734893844395102,-0.107472489803006
-0.0621578660792675,-Inf,-0.0987099624696591,-0.0647000710592556,-0.0920887892664658
-0.0618754037180875,-Inf,-0.0787414964637855,-0.0632606007644171,-0.0819738290329756
0.13594896713203,-Inf,-0.0797717842446857,-0.0625613441840464,-0.0722823679479343
-1.04346466991398,-Inf,-0.073850817207325,-0.0618754037180875,-0.0673698542128377
-0.20831900297353,-Inf,-0.0699706347754241,-0.0618754037180875,-0.00556909735380564
-0.175963228184915,-Inf,-0.0677086389414694,-0.0618754037180875,-0.0801597157601323
-0.140491636012797,-Inf,-0.0660424900901582,-0.0618754037180875,-0.0724261093714469
-0.118518255869099,-Inf,-0.0647393578592744,-0.0618754037180875,-0.0687432475418363
-0.101802269806035,-Inf,-0.0638977739445555,-0.0618754037180875,0.0427729242602264
-0.0919017048174511,-Inf,-0.0631767336089655,-0.0618754037180875,-0.172244835343229
-0.0838892464717015,-Inf,-0.0627218130115326,-0.0618754037180875,-0.0167689056897698
-0.0772778854822536,-Inf,-0.752001378984339,-0.0618754037180875,-0.093702844635882
-0.0728361897781852,-Inf,-0.0623227869944102,-0.0631500260635574,-0.0850752611574033
-0.0689035878841056,-Inf,-0.061929894893466,-0.0618754037180875,-0.0772698748567134
-0.0664437414338681,-Inf,-0.0619020706945235,-0.0618754037180875,-0.0720393801483138
-0.0641295093619488,-Inf,-0.0618885956235911,-0.0618754037180875,-0.0689494502980274
-0.062999533006131,-Inf,-0.0617482724410849,-0.0618754037180875,-0.0667755609187626
-0.0618904612476461,-Inf,-1.88211009341057,-0.0618754037180875,-0.0653058178816606
-0.0618828524734459,-Inf,-0.0620175180310343,-0.0618754037180875,-0.0642958383134635
-0.0618754037180875,-Inf,-0.0619672142546336,-0.0618754037180875,-0.133818292796384
-0.0618754037180875,-Inf,-0.0619329449855643,-0.0618754037180875,0.0876597114483121
-0.2842659616412,-Inf,0.0510044213304037,0.1988867520537,-0.108150210616632
-0.509012811023525,-Inf,-0.0965713388123996,-0.137953447533357,-0.0891329121576762
-0.0618754037180874,-Inf,-0.0821137990140127,0.131704156796018,-0.0797810192388257
-0.0618754037180875,-Inf,-0.0751709608039805,-0.15820491715303,0.0450067884502032
-0.0618754037180875,-Inf,-0.0702994192739939,-0.122616648490464,-0.105200352617707
-0.0618754037180875,-Inf,-0.0675916936894349,-0.103676049867692,-0.0880813228282897
0.163978791851882,-Inf,-0.0864695896264486,-0.0895680517322792,-0.0795799753071892
-0.128571909737613,-Inf,-0.0647506682376416,-0.0814365382491429,-0.0734562875674222
-0.101794143573641,-Inf,-0.0639353890181875,-0.0755173914729052,-0.0697872647008005
-0.0885350273724537,-Inf,-0.0632911125115484,-0.0717224993650129,-0.0672846250234368
-0.0789524740803422,-Inf,-0.0628701559285995,-0.0689342607199286,-0.0657075147269282
-0.297678870628384,-Inf,-0.0625073382337623,-0.38080883130156,-0.0645670964811045
-0.0718399818706375,-Inf,-0.0622834601162482,-0.0663583543337763,-0.0636224146795289
-0.0691758247998062,-Inf,-0.0620751515872894,-0.867838902846443,-0.0630500716331394
0.0709566232486582,-Inf,-0.0619742299165153,-0.0655276795250743,-0.0625402793002237
-0.107194094089392,-Inf,-0.0618754037180875,0.184581874038911,0.0691947846474459
-0.0889871805557355,-Inf,-0.0618754037180875,-0.135132145008095,-0.102186990732855
-0.0193510502501273,-Inf,-0.0618754037180875,-0.105598849392472,0.124837046231588
-0.0916982837004331,-Inf,-0.0618754037180875,-0.0911703766585896,-0.137658816693312
-0.08021142900993,-Inf,-0.223352006587326,-0.0806816336353828,-0.0950532747748014
-0.00921813695092103,-Inf,-0.0618754037180875,-0.0747486699278338,-0.0973314924695454
-0.0897557642821139,-Inf,-0.0618754037180875,-0.0706247353047758,-0.0847712743791926
-0.079015095787942,-Inf,-0.0618754037180875,0.194894018784913,-0.0777565443818535
0.143892600599465,-Inf,0.228730634719804,-0.182117683695703,-0.0727521421739149
-0.132677474764585,-Inf,-0.14578551891572,-0.207118159609965,-0.0697087453956226
-0.603768974689707,-Inf,-0.112814083508665,-0.159942645021602,-0.0674626974704085
-0.110230386377677,-Inf,-0.628404559427041,-0.124216158308733,-0.0656910673497986
-0.0937549123026648,-Inf,-0.0998661801061863,-0.657882093998916,-0.0645282792502464
-0.0839489990197026,-Inf,-0.088591988171629,-0.115075066007855,-1.20213297673715
-0.076877315535731,-Inf,-0.0800553335082663,-0.105615370123952,-0.250988843701638
-0.0728067654853872,-Inf,-0.0753019070141278,-0.0938984676980563,-0.0738474130874484
-0.0696502399651341,-Inf,-0.0715856440322008,-0.0849361788705802,-0.179385666359749
-0.0671612555719086,-Inf,-0.0531057161708599,-0.0781079491151355,-0.158261993042444
-0.0655209240342407,-Inf,-0.0714861213451204,-0.0729993943148068,-0.0354152212677012
-0.0641696508274998,-Inf,-0.067688442431463,0.0895624535128891,-0.149410067820728
-0.0632980168984401,-Inf,-0.0656467125788253,-0.113663433754379,-0.114055856092804
-0.0625723143382241,-Inf,-0.0639782811151254,-0.0922524553920204,-0.0935492974153973
-0.0534452523195442,-Inf,-1.8947345592863,0.0830375931882635,0.0784615423104778
-0.0646676038372924,-Inf,-0.0651397689628579,-0.122231762505038,-0.120189310878453
-0.063463104265222,-Inf,-0.0642551419613098,-0.0989964571837406,-0.101911741448402
-0.0629023324142011,-Inf,-0.276688938416276,-0.0868080092405111,-0.0888453780842266
-1.57760573490551,-Inf,-0.0633252650075666,-0.0783418413920718,-0.0789504708991581
-0.0638524863890622,-Inf,-0.0628946490133029,-0.0732820515950747,-0.0633195913212246
-0.0877553001764526,-Inf,-0.0625229108853938,-0.0696538369344819,0.0259004274213023
-0.0628685273772314,-Inf,-0.0622935211377365,-0.0675204597393778,-0.113746342303226
-0.0527471128903172,-Inf,-0.0620800780962291,-0.0658220796853611,-0.0875888464802427
-0.0654895748450158,-Inf,-0.0619766677028752,-0.0645573766120661,-0.0785189872704109
-0.0639972747790116,-Inf,-0.0618754037180875,-0.0636441992488847,-0.185606559745559
-0.0632446124123789,-Inf,-0.0618754037180875,-0.0629615269259801,-0.0739313578315671
-0.0627384899424586,-Inf,-0.0618754037180875,-0.0624897690835914,-0.141666279654526
-0.0624314996132641,-Inf,-0.0618754037180875,0.0824232898203266,-0.0724210021989048
-0.0622372776914069,-Inf,-0.0618754037180875,-0.105927794248424,-0.0661367344722008
-0.0621138787033004,-Inf,-0.0618754037180875,-0.0876821613545699,-0.0634806539997165
-0.0620459228301229,-Inf,-0.0618754037180875,-0.0789066452622474,-0.0642594567914111
-0.0619924256766487,-Inf,-0.0618754037180875,-0.0726985219311789,-0.0633859698468335
-0.000203351902233135,-Inf,-0.0637718475294065,-0.0692341899101025,-0.0628552055655655
-0.0812229846468479,-Inf,-0.0618754037180875,-0.0668536329399916,0.0782495518122981
-0.073025467302266,-Inf,-0.0618754037180875,-0.0655099490682746,-0.104913812502405
-0.0691393834216136,-Inf,-0.0618754037180875,-0.0644818383607662,-0.0870670141024419
-0.0664525951144814,-Inf,-0.0618754037180875,-0.0636677996892731,-0.240225545922007
-0.0649657807772599,-Inf,-0.403036919836042,-0.408987092489682,-0.0742913357356389
-0.063958571312879,-Inf,-0.0618754037180874,-0.0630073809956251,-0.0703240664496892
-0.06339249176427,-Inf,-0.0618754037180875,-0.628133020001484,-0.0675966925207029
-0.0629613728299067,-Inf,-0.0618754037180875,-0.0625057732730637,-0.016585078274592
-0.0626212462026606,-Inf,-0.0618754037180875,-0.0621873824316013,-0.126708325016114
0.147781977742557,-Inf,-0.0618754037180875,-0.0618754037180875,-0.100993965676075
-0.488642204241466,-Inf,-0.0617732972904393,-0.0618754037180875,-0.0881073710532529
-0.116187467692633,-Inf,-0.0619079897431439,-0.0618754037180875,-0.0786845365768217
0.0502556318595792,-Inf,-0.0618938927150997,-0.0618754037180875,-0.0733332393486928
-0.128317836007072,-Inf,-0.0618873470051209,-0.0618754037180875,-0.0695321780844217
-0.10397550338007,-Inf,-0.0618828885586848,-0.0618754037180875,-0.0674027868471769
-0.0906439062666333,-Inf,-0.061880446727384,-0.0618754037180875,-0.0657299348630132
0.138431573443115,-Inf,-0.0618787943514014,-0.0618754037180875,-0.0645288894672611
-0.138547072329462,-Inf,-0.0618778685473938,-0.0618754037180875,-0.063742705804266
-0.350938541306952,-Inf,-0.0618771658125497,-0.0618754037180875,-0.0613209206230682
-0.103596491374121,-Inf,-0.0618766128166159,0.030160299060457,-0.269376054857537
-0.0893912509531362,-Inf,0.240729593126598,-0.16661328127953,-0.0627243479151814
-0.221902048347332,-Inf,-0.148886732234194,-0.126573260532464,-0.587555316863758
0.199158176241473,-Inf,-0.11483285038775,-0.106008733208984,-0.0621411869954121
-0.150506436870326,-Inf,-0.0976375180702272,-0.0905603340633662,-0.106365769162589
-0.273382622594057,-Inf,-0.0849571445761551,-0.08167675133752,-0.0620013044758308
-0.105689483380473,-Inf,-0.0777328139527552,-0.0754125497432865,-0.0619669372693296
-0.0906444431222502,-Inf,-0.0726801241004143,-0.48182943399183,-0.0619408456058078
-1.21668237713239,-Inf,-2.45815570700326,-0.815290141700654,-0.0619203104697438
-0.101628935737558,-Inf,-0.125881898830013,-0.0777122972635952,-0.0619069351956105
-0.0931833371057851,-Inf,-0.108291544091221,0.139375995636472,-0.0618954188952036
-0.0355784744199917,-Inf,-0.0958027292052339,-0.0514713397640542,-0.0618883215273754
-0.0914895101450288,-Inf,-0.084023795000335,0.0220819463235191,-0.0618817252600393
-0.0803551904345598,-Inf,-0.0764347032774128,-0.154707302496847,-0.778424376555001
0.0273898050873751,-Inf,-0.0690781634510922,-0.117256206342973,-0.0681398918838137
-0.100880827636257,-Inf,-0.0654577427770772,-0.0989095807346476,-0.261531079701792
-0.0847871613030579,-Inf,0.0799659519892206,-0.0866430845183588,-0.0646914651073097
-0.0767227068268983,-Inf,-0.458544310749342,-0.0792944692590393,-0.0636442588829809
-0.0708365423937168,-Inf,-0.0981289406947897,-0.0741796153759356,-0.20782013132355
-0.0680090399822603,-Inf,-0.0860122845641803,-0.334102619881959,-0.0545547839591418
-0.0660330024264125,-Inf,-0.07730424944645,-0.0700676356547387,-0.0651723806227909
-0.0648926079302092,-Inf,-0.0724065920570485,-0.0674364342831497,-0.0638501830900475
-0.114662024995957,-Inf,-0.0690188153816762,-0.13945658951551,-0.395523473097467
-0.0634012270092275,-Inf,-0.0671005283533816,-0.16052431991937,-0.0742574096409229
-0.0629076593845821,-Inf,-0.0656276187367488,-0.122534045142981,-0.0626895898264487
-0.0625187962175923,-Inf,-0.0644582309068093,-0.102616600584955,-0.0624167984091094
-0.062262138678587,-Inf,-0.0636928726868831,-0.0881772818922876,-0.0622352986554083
-0.0620647179641288,-Inf,-0.063030761526718,-0.0798080331949529,-0.0852172182662688
-0.0619687703508569,-Inf,-0.0626217695537815,-0.0741152452203965,-0.507282611668808
-0.0618754037180875,-Inf,-0.0622408496774052,-0.0708672813456384,-0.0620954057959502
-0.0744763436710156,-Inf,-0.0620562322212723,-0.0683533403837288,-0.0834937056822372
-0.0618754037180875,-Inf,-0.0618754037180875,-0.0663447206929979,-0.0846058178556899
-0.0618754037180875,-Inf,-0.0618754037180875,-0.0650254757472373,-0.0619242384549873
-0.0618754037180875,-Inf,-0.0618754037180875,-0.0638802239615771,-0.0619023882598045
-0.0618754037180875,-Inf,-0.0618754037180875,-0.0631714852645694,-0.0618826771524664
-0.0618754037180875,-Inf,-0.0618754037180875,-0.600191289263617,-0.0618804719810178
-0.0618754037180875,-Inf,-0.0618754037180875,-0.0624137044623822,-0.0618789275810257
0.121130973646688,-Inf,-0.0618754037180875,-0.0618758442839982,-0.065761842431124
-0.116726134223915,-Inf,0.0477663321619772,0.139922030184051,-0.0618770000379895
-0.0943885826740424,-Inf,-0.0955790203911059,-0.121966520481464,-0.0618764169862978
-0.162378626735381,-Inf,-0.0815155357958373,-0.0976470577527382,-0.0618760576718747
-0.0767785249571704,-Inf,-0.0747702797639981,-0.0856817656791024,-0.676749707628014
-0.0720432263490818,-Inf,-0.0700421094154969,-0.0770888148875679,-0.0618756964963703
-0.0687702296126051,-Inf,0.0525053560005423,0.144627136463054,-0.0618754037180875
-0.0669176093177987,-Inf,-0.10205177646723,-0.0163970633317713,-0.0618754037180875
-0.0654956926245967,-Inf,-0.0859730113423417,-0.137190243318553,-0.0618754037180875
-0.0643671420037727,-Inf,0.0453864878661336,-0.110923521561437,0.204885221603739
-0.0636286395915734,-Inf,-0.109066818717243,-0.0945279082449938,-0.139541516899298
-0.0629898702163219,-Inf,-0.0907502657816946,-0.0838375935318186,-1.93888479106177
0.233431864655895,-Inf,-0.0811259386655415,-0.0768695050073679,-0.276802156768556
-0.446790522314856,-Inf,-0.0745431492576269,-0.0724705338259607,-0.224703474811611
-0.132696963969697,-Inf,-0.070813858087959,-0.0694189419275941,-0.188736185347384
-0.110303845152575,-Inf,-0.0677525198555887,-0.0671143955666633,-0.157219655928408
-0.322416040394481,-Inf,-0.0660683850101323,-0.063833156449137,-0.13737757383317
-0.0894393272243016,-Inf,0.0799688366404167,-0.0647401173083432,-0.119574368561039
-0.0808442960098372,-Inf,-0.107638187682232,-0.0636769831091432,-0.0981181243815598
-0.0758942695317419,-Inf,-0.0889683720483625,-0.0629160139949552,0.0175611097690691
-0.615964334689191,-Inf,-0.0797336739747386,-0.0624126577871799,-0.0269913328992245
-0.074000969481138,-Inf,-0.0731832757783766,-0.0620669313656367,-0.120314113071676
-0.0704778196837305,-Inf,-0.0694868115524725,-0.0619282424629422,-0.186944877436157
-0.0673744483764811,-Inf,-0.0669876604572268,-0.943654924182002,-0.0864336456707915
0.193828398555578,-Inf,-2.21628350563659,-0.0619417286054232,-0.0759754604398737
-0.139012724949044,-Inf,-0.0846262195192843,-0.0619209164250914,-0.0714904404562366
-0.949586590174461,-Inf,0.0269974450808156,-0.0619073606863624,-0.0686327295511319
-0.13456148255588,-Inf,-0.104672608449133,-0.0618956889902289,-0.0667744085034006
0.0319847170990379,-Inf,-0.0877292779437348,-0.0618884958498026,-0.065326965705811
-0.135847777030228,-Inf,-0.0789344338191238,-0.0618818105684113,-0.0642727201782026
-0.109844839819224,-Inf,-0.0711180878478413,-0.0618785730794335,-0.0634869861612828
-0.095974541407711,-Inf,-0.0687171933057344,-0.0618754037180875,-0.0629040141817864
-0.0884349387486588,-Inf,-0.065717036103962,-0.0618754037180875,-0.0624686790814754
-0.0782098811844656,-Inf,-0.0646629604437016,-0.344005821296158,-0.062164539255396
-0.140705907773324,-Inf,-0.0638628257842848,-0.231688493517444,-0.0619650284244367
-0.0702243301074581,-Inf,-0.0632405050764102,-0.440419866117063,-0.0618754037180876
-0.0685656964252543,-Inf,-0.0628335419709434,-0.0618754037180875,-0.353927853193802
-0.229093182159959,-Inf,-0.0624870837151771,-0.0618754037180875,-0.0618754037180875
-0.0643914520871036,-Inf,-0.0622720321726132,-0.0618754037180875,-0.0618754037180875
-0.0539120212525561,-Inf,-0.388917046422301,-0.0618754037180875,-0.0618754037180875
-0.0654767353218282,-Inf,-0.0620142665265424,-0.0618754037180875,-0.0618754037180875
-0.0638686687268634,-Inf,-0.061882635342637,-0.0618754037180875,-0.0618754037180875
-0.0631120443251221,-Inf,-0.0618800709645358,-0.0618754037180875,-0.167717716404363
-0.0520279321759891,-Inf,-0.00965031094996158,-0.0618754037180875,-0.0618754037180875
-0.0656655289980511,-Inf,0.139844314395942,-0.0618754037180875,-0.0618754037180875
-0.064079206917718,-Inf,-0.134519929205287,-0.770785003528125,-0.0633391802404659
-0.06332595787511,-Inf,-0.106231933507676,-0.0618754037180875,0.157754220562279
-0.0628048667775866,-Inf,-0.091502008176439,-0.0618754037180875,-0.126894462562887
-0.0625040717578148,-Inf,-0.0810691266638658,-0.0619762063240707,-0.100737850563755
-0.0623015119871487,-Inf,-0.0750147538574314,-0.0619085441979725,0.0903167564266741
-0.0621783054509939,-Inf,0.156484966560552,-0.0618942073156042,-0.129993390006116
0.178113135794234,-Inf,-0.134604594311324,-0.0618875502298967,0.000948330942386031
-0.132575215724648,-Inf,-0.0949912243778853,-0.0618830159206143,-0.121221614284014
-0.104254090127769,-Inf,-0.0953664750598395,-0.061880532539697,-0.099536615579077
-0.0903201918945796,-Inf,-0.0834230662902695,-0.0618788520469793,-0.0877125174966076
-0.080122162017911,-Inf,-0.0765180796561306,-0.0618779104894623,-0.0790626061067802
-0.0743530979122426,-Inf,-0.071713984818278,0.088077298416223,-0.0740353875020738
-0.0703495969181776,-Inf,-0.0688367484527236,-0.107336746647174,-0.0702634785693782
-0.068074735515106,-Inf,-0.0667426954922232,-0.0886189589999966,-0.0677851194520036
-0.0663307408066088,-Inf,-0.0651157010362006,-0.079538749119034,-0.0659201933859126
-0.418993729211825,-Inf,-0.0641606702788389,-0.0731060673917402,0.205348877040471
-0.0649549297981297,-Inf,-0.270170630195169,-0.484269973292009,-0.141729936825391
-0.0638351930154357,-Inf,-0.0630496660593668,-0.069711109483914,-0.11020290977465
-0.0631423677531525,-Inf,-0.0624692927236554,-0.0676102697707655,-0.0943378046331051
-0.0624961605121719,-Inf,-0.0621816586137599,-0.0659954771738717,-0.082626377668275
0.0763004326563771,-Inf,-0.0619012619200627,-0.0647123275416141,0.202338330196382
-0.104024538208395,-Inf,-0.364077247754238,-0.277785069054535,-0.150473286051409
-0.0866041842539347,-Inf,-0.0618754037180875,-0.981945593555669,-0.117200886527146
-0.0781804259096853,-Inf,-0.0618754037180875,-0.327506574215273,-0.0997469283564039
-0.0722308298347036,-Inf,-0.175159978119435,-0.280050484384179,-1.45121960832864
-0.0689134229601604,-Inf,-0.163768018746156,-0.227368097260058,-0.130652883201208
-0.057253245112998,-Inf,-0.124665401961672,-0.190237087856868,-0.110559953390812
-1.18446774934587,-Inf,-0.104636895535926,-0.158481611564018,-0.0976038539508622
-0.0747014500824815,-Inf,-0.0896367353236242,-0.138206036993556,-0.0879887325797828
-0.070558888902598,-Inf,-0.0810240674831502,-0.120537761763856,0.0587568321913564
-0.0676588150116534,-Inf,-0.0749590984677717,-0.1042047262037,-0.114923769616514
-0.0656419140994287,-Inf,-0.0714952156776938,-0.131101737713782,-0.0940350852937374
-0.0644485270532909,-Inf,-1.15737857632299,-0.0827407145237418,-0.0832101564832648
-0.0552702086679987,-Inf,-0.0760904453322008,-0.0755772393856752,-0.0800657051900868
-0.0653564667384621,-Inf,-0.0720477361319688,-0.068652512711629,-0.190038189490654
-0.063706754746481,-Inf,-0.0683849417572014,-0.0652474626725154,-0.179611398325076
-0.0630802359080305,-Inf,-0.0660992133276922,-0.0618809894287019,-0.0664197815358156
-0.0608659203924195,-Inf,-0.0639499999643001,-0.0618792364843777,0.0936915306327915
-0.0629457539268298,-Inf,0.144656372304102,-0.0618780948180907,-0.111886633100988
-0.978053420224434,-Inf,-0.123561297443868,-0.0618771119023433,-0.0916825452499044
0.0775853992904324,-Inf,-0.0986446031679986,-0.02531009283758,-0.0815958456562846
0.00407999780634562,-Inf,-0.252839007184259,-0.0734014356493961,-0.0654287545001028
-0.119132660410113,-Inf,-0.0803981510538596,-0.0684745173787214,-0.0731441562574924
-0.458256092318757,-Inf,-0.0745515967041832,-0.0661612483781881,-0.0691633415521852
-0.0959511192197451,-Inf,-0.0704893369883601,-0.0645707032152424,-0.0669623586840653
-0.0834143846748742,-Inf,-0.0697799567733501,-0.0546902643983875,-0.0654327225645517
-0.0777752538164735,-Inf,-0.066445034582162,-0.0659586873924672,-0.0643152522052165
-0.0730443523330897,-Inf,0.0723558664142383,-0.0643945595686032,-0.0635784159629001
0.105155487199513,-Inf,-0.105714057152376,-0.0635673861109633,-0.0629863107115694
-0.11955741834301,-Inf,-0.0877695773941381,-0.0629750911252441,-0.0626086084780462
-0.096800167004362,-Inf,-0.0789650041916393,-0.0626294151049828,-0.0622659541693056
-0.0851948289401264,-Inf,-0.0726173705089076,-0.0623711295995603,-0.0620914833846206
0.0859995020028384,-Inf,-0.0556738440650139,-0.0622200180468805,-0.0619244434259977
-0.11996199263816,-Inf,-0.0708439245371688,-0.0620934424701613,-0.0619070547356015
-0.115729564390536,-Inf,-0.0677561664355327,-0.0553241205275314,-0.0618908928789693
-0.0861667683855953,-Inf,-0.0659311160648681,0.0705296427865804,-0.0618830659980708
-0.0163216551968309,-Inf,-0.0645729946888529,0.107415435140486,-0.0618754037180875
-0.0914548883576403,-Inf,-0.0637453920801482,-0.145999545943421,-0.0618754037180875
0.0476757363587875,-Inf,-0.130286286699447,-0.114723804138527,0.13312431006153
-0.118976833602291,-Inf,-0.459886055168546,-0.0972858255162697,-0.120078892540828
-0.0968656458163886,-Inf,-0.0626339640847968,-0.0851788418343288,-0.0965257516403656
-0.0852962130685633,-Inf,-0.0622149007755985,-0.0778897535666918,-0.263905673792568
0.197990535796286,-Inf,-0.0620910879648577,-0.0730357556893016,-0.0794701263658264
-0.150232258541263,-Inf,-0.0620100111038001,-0.0702419313494304,-0.0739069978517816
-0.116692572805069,-Inf,-0.0619622987084596,-0.0676752660479877,-0.264596878185089
-0.0992974148957094,-Inf,-0.811040426751387,-0.065897531454973,-0.06914736141866
-0.853105985464226,-Inf,-0.0619247168475067,-0.0645229567125929,-0.210510051042692
-0.098369793949494,-Inf,-0.118268859831265,-0.0488186706820874,0.19675618711074
-0.0877408945264344,-Inf,-0.0623726655780905,-0.0676613508310287,-0.140926369851601
-0.0803926083063535,-Inf,-0.0621585097010827,-0.0650910272299442,-0.109843967635042
-0.0751471429167818,-Inf,-0.0620584886918397,0.22231483309683,-0.0941299596166383
-0.0707687389329622,-Inf,-0.0619903749716272,-0.474350412956799,-0.0824808934633519
-0.0680440329380354,-Inf,0.093970148794539,-0.133268424814655,-0.0759037190294178
-0.0656235575626112,-Inf,-0.109094465291484,-0.109424881673454,-0.0712350614559312
-0.0643019056710257,-Inf,-0.089699756439191,-0.0943587378656871,-0.0687348235116528
-0.0630649899464212,-Inf,-0.0802716219657969,0.0729571198571693,-0.54752091141974
-0.0624643928200417,-Inf,-0.073580477527043,-0.123220206319892,-0.0673778838482113
-0.0618754037180875,-Inf,-0.0698402645508635,-0.100707155606076,-0.0657570197303911
-0.0618754037180875,-Inf,-0.0672659260156867,-0.0885081432367614,0.0774789798462906
-0.0618754037180875,-Inf,-0.0658117247419053,-0.0793932606220641,-0.106440193142558
-0.789871638352704,-Inf,-0.064697834707068,-0.0739938169347508,-1.13570893130759
-0.0618754037180875,-Inf,-0.0638162125349158,-1.65875409666347,-0.1114367972997
-0.0558408318451868,-Inf,-0.063239485485434,0.0033607815081502,-0.0935376141921122
-0.0637973773185695,-Inf,-0.0627422234341513,-0.108532949527212,-0.0837877429043082
-0.0617082309574602,-Inf,-1.44911877360898,-0.0908228194607838,-0.0768825997272464
-0.0629826315785384,-Inf,-0.0629725881814416,-0.0803951877575685,-0.0729280173414938
-0.122497402547251,-Inf,-0.0624186052301555,-0.0737138511240032,-0.0698524056145521
-0.0663879436009671,-Inf,-0.0618754037180874,-0.0697969505176318,-0.0684614373851358
-0.0644876179428356,-Inf,0.210964702574083,0.0522660408950961,-0.0656790220639001
-0.0635865641451402,-Inf,-0.14114389733451,-0.101330184838413,-0.318461827839602
-0.0632174678802531,-Inf,-0.109811845793532,-0.0849196854809222,-0.063962564401997
-0.0628716555909705,-Inf,-0.0941084287337835,-0.0771153458640901,-0.0629016036568115
-0.0623767156977017,-Inf,-0.0826183350546543,-0.071632935213354,-0.0623851965949509
-0.0830748639679795,-Inf,-0.0681337955206237,-0.0684719203178526,0.0687294023990235
-0.0621346484036544,-Inf,-0.0740841643731802,-0.0663210885333784,-0.101739584481816
-0.0620482941695455,-Inf,-0.0704245903417253,-0.0650396804297921,-0.0852212100142335
-0.0619941063922825,-Inf,-0.0679286050511309,-0.0537867067661237,-0.0772509893804937
-0.0665417706174621,-Inf,-0.0659922125785186,-0.066547018244278,-0.364224864940988
-0.0619212199969249,-Inf,-0.817272550587682,-0.0648039846763975,-0.0707669872618154
-0.061897264091602,-Inf,-0.0658059097632015,-0.0637581210328102,-0.0678982864232266
-0.232765903297809,-Inf,-0.0644687244071527,-0.100690417770569,-0.0662765589136186
-0.232921202055244,-Inf,-0.0632443211430503,0.154338109853975,-0.0844014959901679
-0.0618754037180875,-Inf,-0.0626124337156212,-0.126548050286752,-0.0640907139349275
-0.0618754037180875,-Inf,-0.0620242615990084,-0.100434659340994,-0.0634336832734712
0.21529170109362,-Inf,-0.061969903019829,-0.0876946704473115,-0.0628657857589535
-0.143297110832014,-Inf,-0.0623105160636615,-0.0872108694292411,-0.0625151076426826
-0.110595324815731,-Inf,-0.0619052642011161,-0.06091160360609,-0.0621885995100913
-0.0946571322263228,-Inf,-1.05733449609835,-0.073475235268231,-0.0620303719505341
-0.284186411832651,-Inf,-0.00778440083944751,-0.0697499823861233,-0.0618754037180875
0.115946054573096,-Inf,-0.0788227041501152,-0.0673776707109138,-0.0618754037180875
-0.00896347445137597,-Inf,-0.0716201601427184,-0.0655772443234902,-0.0618754037180875
-0.138581237477636,-Inf,0.0430705313334185,-0.0644503703693823,-0.0618754037180875
-0.327762124811221,-Inf,-0.259014532106149,-0.0635369284072982,-0.0618754037180875
-0.103765540319307,-Inf,-0.0883797429241096,-0.0629836948994619,0.217285305920008
-0.0903105862876944,-Inf,-0.0794580008446368,-0.069276701572454,-0.142802235629543
-0.0813400297908354,-Inf,-0.0732626361741491,-0.221172290980664,-0.110881838665106
-0.177184860392175,-Inf,-0.0696841530330692,-0.431406062466627,-0.0948579726245858
-0.0725661641880006,-Inf,-0.0671751899580183,-0.0619902386224942,-0.0831139325309059
-0.393201988838407,-Inf,-0.0657270527976997,-0.0619494435115621,-0.622106238980417
-0.0686174045721531,-Inf,-0.0645954479909965,-0.0619116379552464,-0.0790492381502893
0.204430322933116,-Inf,-0.0637323224180025,-0.0618933285867545,-0.0745477041773886
-0.143015816322157,-Inf,-0.0640601345256965,-0.0618754037180875,-0.07103420915586
-1.21581984167725,-Inf,-0.0626613673389071,-0.0618754037180875,-0.068208784090711
-0.164530347909267,-Inf,-0.0623487850127595,-0.0618754037180875,-0.066346336543007
-0.131169060071926,-Inf,-0.062107140082149,-0.0618754037180875,-0.0647237424922056
-0.110912319130869,-Inf,-0.0619900591162008,-0.0618754037180875,-0.0637180103621347
-0.09625035470457,-Inf,-0.0618754037180875,-0.062074460120188,-0.0627783436200548
-0.0876275034335328,-Inf,0.104161919163293,-0.0897105865060327,-0.535518351225427
-0.0807005989534863,-Inf,-0.113612096074925,-0.0618754037180876,-0.215386948630722
-0.0750008061967571,-Inf,-0.0924653017000413,-0.0618754037180875,-0.160745599250394
-0.0711951515068081,-Inf,0.14755198567657,-1.04939899184005,-0.131364648277048
-0.0678365146982446,-Inf,-0.140589734727279,-0.0618754037180875,0.112104032421442
-0.0657415994055232,-Inf,-0.904196403872044,-0.0618754037180875,-0.154638432489666
-0.0637728328785404,-Inf,-0.136493688430248,-0.0676935439632612,-0.121721399926348
-0.0628153582566356,-Inf,-0.112963685437776,-0.0618754037180874,-0.104217049358916
-0.0618754037180875,-Inf,-0.0982376787683133,-1.09836291860936,-0.0907303157693923
-0.0618754037180875,-Inf,-0.0871889394357386,0.0635254133990329,-0.0819382811061275
-0.0618754037180875,-Inf,-0.080561583367269,-0.100214914687736,-0.0758303339698165
-0.0618754037180875,-Inf,-0.0751613507057194,-0.0843002646287482,-0.51609021016398
-0.0618754037180875,-Inf,-0.0710005026784762,-0.0766329065033374,-0.15561115689741
-0.0618754037180875,-Inf,-0.0680122377836662,-0.0712360727664507,-0.119880566990911
-0.0618754037180875,-Inf,-0.0656868374831883,-0.0682320083560749,-0.0651667254945811
-0.0734853054569062,-Inf,-0.064106407485875,-0.289625198994208,-0.0974548316430028
-0.0618754037180875,-Inf,0.201541297273396,-0.0657969919559154,-0.0852308130091224
0.151738515467769,-Inf,-0.139395427319505,-0.0646883791413613,-0.0773924884404441
-0.125895228759783,-Inf,-0.108419953339079,-0.0638101714410533,-0.0726579905807099
-0.120896160353123,-Inf,-0.0931354278498053,0.105065671336302,-0.069234425659199
-0.0879153314827104,-Inf,-0.0819759076018879,-0.113344475217755,-0.0669297902019133
-0.0785469608107032,-Inf,-1.21795264693543,-0.437977193708459,-0.0656674517471694
-0.0732668045007381,-Inf,-0.0215748437854711,-0.0904179317067589,-0.0642414257671821
-0.0696079108025899,-Inf,-0.104752183831051,-0.0801382141555479,-0.0634330763656646
-0.067534322919288,-Inf,-0.0902732445500748,0.0859081241259974,-0.0627377589298136
0.133892256003479,-Inf,-0.0812995382664628,-0.117769084987781,-0.062348148135269
0.0960297298252045,-Inf,-0.141116853356521,-0.0962794610306886,-0.337103410167319
-0.158801078173359,-Inf,0.00701695205569827,-0.0851454216861695,-0.0619618762678993
-0.124041754879903,-Inf,-0.091992121067879,-0.0769901068191774,-0.0619181827971756
-0.103762615923809,-Inf,-0.0795298654710101,-0.108590712602617,-0.0618754037180876
-0.0896228050262168,-Inf,-0.0733291786067113,-0.0534878130667352,-0.0618754037180875
-0.0809372258100734,-Inf,-0.0686864910407291,-0.070235780360251,-0.0618754037180875
-0.0751441293237473,-Inf,0.0741974427909511,-0.0688283912352949,-0.0618754037180875
-0.0715738187913763,-Inf,-0.107488586811367,-0.066405160913317,-0.0618754037180875
-0.0687656431472287,-Inf,-0.0891417979774572,-1.9166015225916,-0.0618754037180875
0.208402314729266,-Inf,-0.0799790484283207,-0.0739004234063135,-0.0618754037180875
-0.144415275046517,-Inf,-0.0734529254630102,-0.0719417334171748,-0.0618754037180875
-0.489010916999166,-Inf,-0.0697351951211856,-0.0667650672733649,-0.0618754037180875
-0.111472580139368,-Inf,-0.0671702043109921,-0.0649592865685282,-0.0618754037180875
-0.0940300537316753,-Inf,-0.0657081237951174,-0.419436482320725,-0.0618754037180875
-0.0838684408436613,-Inf,-0.0645635612339926,-0.0633405865716318,-0.0618754037180875
-0.076732265719923,-Inf,-0.143943009196519,-0.0628203402949994,-0.0618754037180875
-0.444895859575441,-Inf,-0.0505574745678773,-0.062484200650537,0.169021349721207
-0.44497853238708,-Inf,0.171752631567749,-0.062187710681574,-0.129941926654327
-0.0737755882601225,-Inf,-0.299392264336881,-0.062029618481596,-0.101060316545775
-0.0700679807956921,-Inf,-0.11365976969493,-0.0618896749020733,-0.0896133284246932
-0.0671106968345707,-Inf,-0.096735356581575,-0.0618754037180875,-0.758825441083183
-0.0652688210223453,-Inf,0.0478761047015214,-0.0618754037180875,-0.0916268573212148
-0.0635402179791988,-Inf,-0.116241040816513,-0.0136794859573356,-0.0817593568037883
-0.0626999812351774,-Inf,-0.0956471459461107,-0.0770061916271961,-0.0762976738158447
0.177877459103992,-Inf,-0.0257833533594997,-0.0705631539143677,-0.0721147851366721
-0.132335893776228,-Inf,-0.0953117159471834,-0.0675277131143292,-0.0689502574460003
-0.046512167038979,-Inf,-0.0830500396167164,-0.0654340176027509,-0.0668462554733307
-0.695902325042444,-Inf,-0.0761736822028386,-0.0642802118215472,-0.0651047421686746
-0.113437951529975,-Inf,-0.0714324134172609,-0.0634955107526235,-0.0639994256541161
-0.0975979769579758,-Inf,0.0619824397484387,-0.0630547908507511,-0.0629854034682216
-0.0860004944632191,-Inf,-0.105601146184319,-0.0627193934980125,-0.0624745601300934
-0.0793172144803434,-Inf,-0.0880472415341079,-0.0624549367164847,-0.0619818308242515
-0.0742778757765651,-Inf,-0.0790863589407468,-0.0622825106532329,-0.0619431867553735
-0.070641661801768,-Inf,-0.0728902499961544,-0.0621339015824527,-0.0619071141140575
-0.068114738602883,-Inf,-0.374498674959799,-0.0620422711594107,-0.875572831212116
-0.0659661541254124,-Inf,-0.068614453703874,-0.0603879097352106,-0.0618754037180875
-0.064607983586526,-Inf,-0.0666528936906257,-0.0624162920938191,-0.0618754037180875
0.0825542760213753,-Inf,-0.829531615481465,-0.062159514780901,-0.0618754037180875
-0.106930481664291,-Inf,0.0406221094640685,-0.0620589702951656,-0.716005817653521
-0.0881230339205547,-Inf,-0.0980431111014249,0.16553185386103,-0.0618754037180876
-0.079174354150562,-Inf,0.0465420830809501,-0.129091719565059,-0.0618754037180875
-0.0728096378728441,-Inf,-0.114293639468829,-0.102129608268948,-0.0618754037180875
-0.0679500559181009,-Inf,-0.0935027138739387,0.180113122034104,0.132302276885894
-0.0673348292526836,-Inf,-0.0829702143034464,-0.449015147413979,-0.119850015771729
-0.0657930388267126,-Inf,-0.0753700069237076,-0.140738285860062,-0.0963277113250581
-0.0646683562708609,-Inf,-0.0712614843375849,-0.116727846036696,-0.827529727847243
-0.0637867752796051,-Inf,-0.068347272025081,-0.0988848375030962,-0.0928646268702785
-0.0632167460231098,-Inf,-0.0665299243979465,-0.0879225834587789,-0.0833096321054759
-0.0627303227308818,-Inf,-0.0651997049470879,-0.0798535880706846,-0.232555369978445
-0.0624312925785121,-Inf,-0.0641160365859919,-0.0750530621363848,-0.0745149547792954
-0.0621550758675753,-Inf,-0.785764488823578,-0.07118110215876,-0.0710102807611876
-0.275941739647434,-Inf,-0.063784320137095,-0.0682392294232632,-0.0681921091315774
-0.0618896459642363,-Inf,-0.0630524293124227,-0.0661246712220614,-0.0663345015795052
-0.0618844441143242,-Inf,0.156928493058214,-0.743221023464709,-0.0634925964462191
-0.0618812383434508,-Inf,-0.126986326035999,-0.0648748986758068,-0.0641019127055215
-0.0618782589726924,-Inf,-0.10067326301516,-0.0633465268362391,0.0938753712060114
0.110472427793233,-Inf,-0.168643651056277,-0.0626039410306059,-0.109847619843503
0.0432086893771939,-Inf,-0.0798552306633237,-0.0618754037180875,-0.0899279254487364
-0.136771309212148,-Inf,-0.0741743545598119,-1.17943447798867,-0.0804260082541298
-0.321755247215624,-Inf,-0.07023035075772,-0.0618754037180874,-0.0736814446618124
-0.478047008537847,-Inf,0.10423847434139,-0.0566491271916032,-0.069911230270434
-0.100071023998338,-Inf,-0.199747090562471,-0.063540398618234,-0.0673159619987975
-0.0884354700203893,-Inf,-0.0983246906118557,-0.0628213157880602,-0.0658482470123759
-0.0807330522259497,-Inf,-0.0741000852518904,-0.0138042293289201,-0.0647250903283682
-0.0757137996110349,-Inf,-0.0812757853566193,-0.275033671471066,-0.0638349723253786
-0.0717204362315005,-Inf,-0.0746962200740873,-0.0983399483321273,-0.0632532115689124
0.125462056730294,-Inf,-0.263098520937288,0.0651639572278582,-0.0627503636641277
-0.123930119918595,-Inf,-0.0691070466236288,-0.107095473095386,-0.0624402004681009
-0.0991777321043508,-Inf,-0.0668363306219851,-0.0889434028488073,-0.0533571409841005
-0.951274763292747,-Inf,-0.065283095264453,-0.0798387844042717,-0.06480945225412
-0.099234601709334,-Inf,-0.0642878696863236,-0.0735031949676706,-0.0616529456766912
0.0217361541031955,-Inf,-0.0634400070419874,-0.0698441559448707,-0.0634819799025014
0.0713554871550724,-Inf,-0.0628975040680331,0.047360184515457,-0.0628491543908247
-0.144318632878509,-Inf,-0.0624154324427123,-0.100681526957449,-0.062522859370467
-0.105218335555638,-Inf,-0.0604518728967935,-0.0850896887801433,-0.062301238637225
-0.100655492632179,-Inf,-0.0624738377261612,-0.0772534469676777,-0.0621779844251061
-0.0875778325098291,-Inf,-0.0795033668728219,-0.0717298825351811,-1.51204885397828
-0.0793537965370681,-Inf,-0.526960952182243,-0.0685076747734102,-0.055370185121049
0.10524133998425,-Inf,-0.0620783799870902,-0.0663067841039207,-0.205843876331884
-0.122985747494896,-Inf,-0.0620121840129191,-0.0649964522406186,-0.142611077042356
-0.0991743932888755,-Inf,-0.0619673771587907,-0.0640613722877928,-0.308890677418477
-0.0867156106320742,-Inf,-0.388851777087213,-0.0632990318709697,-0.1076890361789
-0.0779703514753802,-Inf,-0.0619416935636154,-0.137655445995833,-0.093903456291203
-0.0727878488608546,-Inf,-0.0619208923777583,-0.0625605532573625,-0.0851616139474727
-0.545923549683862,-Inf,-0.162316507942027,-0.0623178418064277,-0.0789478816860815
-0.0701549521108511,-Inf,-0.0888235011952248,-0.0620919873303201,-0.0739136030820051
-0.23494350369353,-Inf,-0.0774961492555496,0.196110131431655,-0.0703508593042549
-0.0663086232223884,-Inf,-0.0720946368426447,-0.137244464353153,-0.0674801456642197
-0.0649928735824495,-Inf,-0.0683323715613473,-0.107307315464126,-0.0654885439594369
-0.0638486579219051,-Inf,-0.658676037704138,-0.0923592920511666,-0.0638428233348452
-0.0631509929216301,-Inf,-0.067216402791614,-0.0814642044030889,0.0533720398635674
-0.0625002216763962,-Inf,-0.0657760295234409,-0.0752932660448498,-0.0976997069846589
-0.0621846335852844,-Inf,-0.0646732922399653,-0.0709990646590057,-0.0826826090613663
-0.0618754037180874,-Inf,-0.0637997701249064,-0.0685604961261434,-0.0755498487016446
0.051773575626494,-Inf,-0.0632287708768172,-0.0666820772974563,-0.0705413772924372
-0.096762734346729,-Inf,-0.0627354071875235,-0.0675606200894793,-0.067756814459728
-0.082134444849513,-Inf,-0.0624308343768803,-0.0623720756857029,-0.0658492504915732
-0.326633730343138,-Inf,-0.0621473226761045,-0.0639470450830737,-0.0647741377257434
-0.0727998016390441,-Inf,-0.324510744174796,0.160142948734867,-0.0639528529695792
-0.0693030835230073,-Inf,-0.0618754037180875,-0.531875348184697,-0.0479747446007048
-0.0668998883989956,-Inf,-0.3247288004955,-0.122107546818066,0.13782796142439
-0.0655433960105,-Inf,-0.128095674595811,0.0599364742585009,-0.125956501427692
-0.0671613124891229,-Inf,-0.101493656312071,-1.23083717348495,-0.921321326507897
-0.0636891866654088,-Inf,0.173304192301022,-0.20744048579927,-0.0123724433246178
-0.0631509171125842,-Inf,-0.15223931141236,-0.0993269646531772,-0.131406720896118
-0.0626859911315461,-Inf,-0.118619279533974,-0.158981428160505,0.00821841153781461
-0.0623989797657079,-Inf,-0.100595781196206,-0.131679644479923,-0.126326153541042
-0.0621318691014702,-Inf,-0.0875519905231142,-0.111599427516471,-0.103908570786615
-0.0620023935402888,-Inf,-0.0798777744335735,-0.0139986818480602,-0.0911090393131936
-0.0618756069668993,-Inf,-0.0742140317022712,-0.112028011973357,-0.0814766226583209
-0.0618755042613981,-Inf,-0.0708733209245776,-0.0940865149821678,-0.0756826799924355
-0.0618754037180875,-Inf,-0.0682048258494325,-0.0831749104826142,-0.0712219607864673
-0.0618754037180875,-Inf,-0.0661923464145972,-0.075363674397803,-0.0683784169404965
-0.0618754037180875,-Inf,-0.707611375819568,-0.0700409186636243,-0.069432646323592
-0.0618754037180875,-Inf,-0.0708730046954085,-0.0670092933896132,-0.0645511997347577
-0.0618754037180875,-Inf,-0.0670481772196453,-0.0652460905245254,-0.68578732851666
-0.409137832991417,-Inf,-0.0649217065494033,-0.0637937043987169,-0.0635744082595481
-0.61195403786379,-Inf,-0.06366152315923,-0.0631311006278677,-0.0629146589197676
-0.0618754037180874,-Inf,-0.0627573141129245,-0.0627256931706258,-0.0622898802690508
-0.0618754037180876,-Inf,-0.0624687556650436,-0.0623669181640657,-0.0620805008587283
-0.0618754037180874,-Inf,-1.24688106589566,-0.0685241809682033,-0.0618754037180875
-0.0618754037180876,-Inf,-0.0628841234418074,-0.0620321354167212,-0.0618754037180875
-0.0618754037180874,-Inf,-0.0625677602560463,-0.0619531324751683,-0.0618754037180875
-0.0454852162366425,-Inf,-0.211829752123864,-0.12439399473557,-0.0618754037180875
0.229666690278952,-Inf,-0.0644771509310154,-0.0618757543123682,-0.0618754037180875
-0.149773453180409,-Inf,-0.0633826793798336,-0.0618756299882205,-0.0618754037180875
-0.603175003556744,-Inf,-0.0628138215228091,-0.225641900692684,-0.0618754037180875
-0.121642585490244,-Inf,-0.0624489162323487,-0.0618754682397067,0.127256921924822
-0.101324429118194,-Inf,-0.0610177314807778,-0.060517561333253,-0.159745800795546
-0.081217083126632,-Inf,-0.0624944985267729,-0.0623085573881395,-0.0968936243506137
-0.0833200691841477,-Inf,-0.0622642348316512,-0.0621212481167066,-0.0944350700678844
-0.260275789184149,-Inf,-0.0621384012617547,0.13559052402098,-0.0768921554263892
-0.546113390456498,-Inf,0.100096161489521,-0.263909953659853,-0.0721217371103232
-0.0766017882191287,-Inf,-0.110930306025359,-0.102498009651841,-0.0688239275168226
-0.104371827741377,-Inf,0.0723997271279493,-0.0890231876649334,-0.0669571156321058
-0.0687909316951492,-Inf,-0.122622006844645,-0.0792771516047019,-0.0655241821210176
-0.06638217510621,-Inf,-0.108787349365599,-0.0611272124353806,-0.33614491244961
-0.0641845746264293,-Inf,0.087370430285121,0.182234636032814,-0.434585011309936
-1.00608667712145,-Inf,-0.134318954821647,-0.143546997446837,-0.147996378357539
-0.0622516483312376,-Inf,-0.107686480890531,-0.112283765789169,-0.122734796781446
-0.0621142991199878,-Inf,-0.0931401852858667,0.0446813688474868,-0.101745404413918
-0.0620296147463714,-Inf,-0.0827889153141768,-0.124776131613056,-0.0895081306331805
-0.0619508773565033,-Inf,-0.0764789487097167,-0.10158323929451,-0.0806034816109948
-0.0619127411877599,-Inf,-0.0718222602944719,-0.0887627220745328,-0.0757088703576409
-0.0618754037180876,-Inf,-0.472464704619584,-0.0799165431963976,0.116498969693367
-0.0501349406291374,-Inf,-0.0692094432528975,0.187317822119111,-0.124298313064916
-0.0656074056130662,-Inf,-0.0667903451586756,-0.500586564631247,-0.0999577175502188
-0.0639990610461715,-Inf,-0.0649800052886639,-0.136465128697613,-0.087219031044265
-0.063249597395415,-Inf,-0.0637734456919294,-0.113506795711522,-0.0781474968118824
-0.0627375640796163,-Inf,-0.0629406510732339,-0.095897403183305,-0.0726378209064175
-0.062456711312823,-Inf,0.00368436267091411,-0.085292610549411,-0.291914787023115
0.118716691308981,-Inf,-0.082735798595078,-0.0777366754684862,-0.0679747818679682
-0.116408180304034,-Inf,-0.0737677547709954,-0.0732276982000266,-0.0662582020022697
0.0488272420224866,-Inf,-0.0696332305669453,-0.0698950719465289,-0.0648930872476384
-0.672662161352518,-Inf,-0.0667680319449039,-0.0673422866797772,-0.0498618723116744
-0.129865624188979,-Inf,-0.0651854046983091,-0.0655981220803875,-0.0677035259624364
-0.109694339799487,-Inf,-0.064107026588413,-0.0677684751181465,-0.065302091596858
-0.0933863595193637,-Inf,-0.0635008145245317,-0.0634135169036361,-0.0639591102915023
-0.0842706692471387,-Inf,-0.0630390211410307,-0.457055627511355,0.166893760785504
-0.0775699083888387,-Inf,-0.0626746273462601,-0.138042093889886,-0.158266286835111
-0.0731816665447869,-Inf,-0.515614598352042,-0.107463723030935,-0.686182357193353
-0.0699837796138964,-Inf,-0.0624365035573013,-0.624999854239441,-0.113140622319492
-0.0150549164987017,-Inf,-0.0622376992182616,-0.0955973659762275,-0.0954501121751278
-0.0818679741879781,-Inf,-0.69652990222907,0.0842175517171272,-0.312602741663374
-0.073472647966721,-Inf,-0.246040347123306,-0.209647797436101,-0.0819670000490632
-0.0693494535932343,-Inf,-0.183612099048842,-0.106910999081602,-0.233305267412492
-0.0662652552582138,-Inf,-0.148368607951067,-0.0929243748452241,-0.127192803262394
-0.0647541110439516,-Inf,-0.121790222128055,0.086817137759153,-0.102542745895749
-0.0636482789396453,-Inf,-0.103777895447809,-0.214244777080391,0.0789653606601985
-0.0631661717812409,-Inf,-0.0910641927309296,-0.104792062221395,-0.035073942977966
-0.0627991879168328,-Inf,-0.0836306996194148,-0.0911741357256975,-0.129588425767966
-0.0625097709578468,-Inf,-0.0777204779443309,-0.0808805015383818,-0.105499884490881
-0.0623210510951082,-Inf,-0.0728942258127025,-0.0747653838265446,-0.0909774802697519
-0.0621583822561747,-Inf,-0.150115019368851,-0.0704679795108007,0.125945189937975
-0.0620580777835848,-Inf,-0.0673140097397416,-0.0679486881625605,-0.134837935578086
-0.0619648095717497,-Inf,-0.0653997948139355,-0.06615868484799,-0.107379771054573
-0.0619196340371649,-Inf,-0.0636099030810262,-0.0646763116639973,-0.0929380863885276
-0.052852571315786,-Inf,-0.0627371789360997,-0.0637698004529195,-0.0822520782304629
-0.0647461956502177,-Inf,-0.0617930803617774,-0.0629632173107373,-0.0758146930596369
-0.0635078938606976,-Inf,0.108373167065904,0.118618804303338,0.0898106454675438
-0.0629313414032163,-Inf,-0.113154521445589,-0.116520829118933,-0.116457674896921
-0.0625377206887703,-Inf,-0.0921845017346347,-0.0942387253052714,-0.0949692825640272
0.193930517989608,-Inf,-0.0819536074132959,-0.0832494610824419,-0.0839054580744631
-0.17043263280937,-Inf,-0.0829849046231175,-0.0755070318517338,0.176248950791234
-1.50766300154395,-Inf,-0.0706602829482937,-0.0711657406538882,-0.143647658084494
-0.196196012677026,-Inf,-0.0678256664117837,-0.0681705507663524,-0.112282159146561
-0.0926499545310132,-Inf,-0.0662231877662197,-0.0664766670778465,-0.0961495994836102
-0.147790969306208,-Inf,-0.0649951600480489,-0.065177843932066,-0.399590857610943
-0.121681752080263,-Inf,-0.0654859483890103,-0.0653344819119498,0.1322907573165
-0.173890656388316,-Inf,-0.0633872995842683,-0.0634758826881773,-0.138072928859703
-0.0965224281799788,-Inf,-0.062836274595489,-0.0628926411954055,-0.0987507772480725
-0.0863296048147086,-Inf,-0.0624959836622249,-0.275326018815165,-0.0979271181108323
-0.0792488518287195,-Inf,-0.303455996682899,0.0988798823295336,-0.0852010779418284
-0.0733288904416823,-Inf,-0.0620667159540362,0.0918696774674753,-0.0779032732286161
-0.0694848599806289,-Inf,-0.458891784972068,-0.147038705269915,-0.0724973858634196
-0.0659207233030743,-Inf,-0.0913953945837079,-0.115713301570177,0.134999638564083
-0.0641002626332052,-Inf,-0.0618754037180875,-0.108831328471408,-0.5772380828482
-0.0623434951966691,-Inf,-0.80520040387394,-0.384214971508183,0.045027971781286
0.118631140090128,-Inf,-0.0618754037180875,-0.0842730899692675,-0.151824657383175
-0.116239244862087,-Inf,-0.0618754037180875,-0.0776159364335525,-0.118537775481462
-0.094077569741945,-Inf,0.0529056427323007,-0.305099216163897,-0.100954279017743
-0.0831980185783136,-Inf,-0.0853900557204028,-0.0722423727512192,-0.0877751503358806
-0.0740849821760446,-Inf,-0.0859809420145625,-0.0691054798922027,-0.0692263027604882
-0.0715768747692388,-Inf,-0.0774575224630912,0.192769715827128,-0.0779451501690756
-0.0684041451282195,-Inf,-0.0718084912184292,-0.0823831139340129,-0.196983314217367
-0.0861471634679401,-Inf,-0.0685561941532318,-0.69593863494169,-0.0702704829443106
-0.0653389777484489,-Inf,-0.0663936791760335,-0.136700701737585,-0.106414634459252
-0.0642576415792615,-Inf,-0.0651393601075732,-0.111805388892007,-0.0907702223699437
-0.0635492945036154,-Inf,-0.064220312432624,-0.0958939157765716,-0.0804226221812586
-0.0629438267013148,-Inf,-0.0634962347236143,-0.0854279608595308,-0.0741593510290211
-0.0625680069668611,-Inf,-0.335635578626073,-0.0790017058392357,-0.0698290111478044
-0.470544639419279,-Inf,0.00477468793393014,-0.0743531362312999,-0.0674578478280342
-0.0621369071931312,-Inf,-0.0835522199971753,-0.0706199713762349,-0.0657510411441138
-0.623337579784773,-Inf,-0.0743528499054671,-0.0680246462478617,-0.0645709111059415
-0.0618885134452192,-Inf,-0.0699718882255296,-0.0659051108362734,-0.0807195550642341
-0.0618818191791024,-Inf,0.13492290207297,-0.0644730775512268,-0.0631226840747629
-0.0618785773390182,-Inf,-0.124915675349153,-0.0632597492370041,-0.062673105084955
-0.0618754037180875,-Inf,-0.099814343980906,-0.0625586548545128,-0.0623008400209974
-0.0618754037180875,-Inf,-0.0873413410937602,-0.46376003643368,-0.436198969801258
-0.0618754037180875,-Inf,-0.0783092951176992,-0.061875658235092,-0.0619348442107971
-0.0618754037180875,-Inf,-0.0731161472145872,-0.0604896850831831,-0.0618754037180875
-0.0618754037180875,-Inf,-0.0695279013581955,-0.0623174457564548,-0.0618754037180875
-0.205063890766152,-Inf,-0.0674246208619662,-0.0621262946231015,-0.0618754037180875
-0.0618754037180874,-Inf,-1.58992627092799,-0.195968865962883,-0.0618754037180875
-0.0618754037180876,-Inf,-0.0742518407030407,-0.0860783210903849,-0.0618754037180875
-0.0618754037180874,-Inf,-0.070549912862849,-0.0758854264806544,-0.168142468539386
-0.0618754037180876,-Inf,-0.0712115079480364,-0.0710329213624552,-0.0618754037180875
-0.0618754037180875,-Inf,-0.065377816783166,-0.307004609030131,-0.0618754037180875
-0.0618754037180875,-Inf,-0.0635938311703065,0.108968247049986,-0.182069936996066
0.222651592127547,-Inf,-0.0627265698248382,-0.0676483895354473,-0.140267502079631
-0.144204129000881,-Inf,-0.0618754037180875,-0.110015053489296,-0.0618754037180875
-0.111788649095242,-Inf,-0.0618754037180875,-0.0930774431657937,-0.0618754037180875
0.0315631245394248,-Inf,-0.0618754037180875,-0.0822219381987978,-0.0618754037180875
0.0789672559953495,-Inf,-0.0621920631885705,-0.0755509212209779,-0.249132696971868
-0.153471691259419,-Inf,-0.0618754037180875,0.121544555027939,-0.0651999054375009
-0.120893833812203,-Inf,-0.0618754037180875,0.0495751795529309,-0.0636563894441773
0.105887818429961,-Inf,-0.0618754037180875,-0.148525706198951,-0.0631339933505682
-0.164957534768086,-Inf,-0.0618754037180875,-0.117641961739557,-0.0626628705258672
-0.117984873951994,-Inf,-0.0622022225954512,-0.0992987430567722,-0.0624057602435291
-0.100623532771475,-Inf,-1.17412097993354,-0.333398656010908,-0.246147544635302
-0.0879821569859021,-Inf,-0.0618754037180875,0.0890745149915447,-0.0621861679182741
-0.0800591365911661,-Inf,-0.0618754037180875,-0.129865345114644,-0.0620973470032924
-1.36063380934123,-Inf,-0.0618754037180875,0.021699912214532,-0.0620279030597683
-0.0940345178764347,-Inf,-0.0618754037180875,-0.127243216660703,-0.484035566775767
-0.0841112626987812,-Inf,-0.0605983552909349,0.0275178915972112,0.0828145008767666
-0.0768951951841568,-Inf,-0.0622827952059911,-0.127333327924817,-0.10591004976361
-0.221008284875782,-Inf,-0.0621066216429689,-0.103069269478601,-0.0877450843032745
-0.068643355363532,-Inf,-0.0620247890842704,-0.0900536960733097,-0.0789444943936638
-0.0657059801311336,-Inf,-0.0619690337763186,-0.0804812084197464,-0.456873467232885
-0.0637615798971061,-Inf,-0.0619384927433204,-0.073155699446718,-0.0727719007703544
-0.0629257370958692,-Inf,-0.0619178232579162,-0.0695444287504712,-0.0774481247680555
-0.0618816966793759,-Inf,-0.0619062417471482,-0.0688307102784633,-0.0725046244917114
-0.0617972816724534,-Inf,-0.0540553005795877,-0.302600957823643,-0.0687699707961597
